-0.061411127,
-0.021702304,
-0.072991699,
-0.1176568,
-0.040424757,
-0.17695718,
-0.095527984,
-0.12072089,
-0.23084891,
-0.037294712,
-0.30078527,
-0.11603346,
-0.165141,
-0.37141624,
0.012968488,
-0.48229545,
-0.12830736,
-0.19265184,
-0.57406163,
0.17195489,
-0.68372709,
-0.078159675,
0.061091803,
-0.79203016,
0.81728679,
-0.408443,
0.11471786,
1.4954059,
-0.60572273,
0.33787838,
0.37180182,
-0.46827048,
0.1300243,
-0.076764524,
-0.044933379,
-0.31225279,
0.024319191,
0.12379452,
-0.27804232,
0.10762608,
0.10593609,
-0.11760839,
-0.051599022,
0.1281516,
0.049013808,
-0.17058778,
0.096869573,
0.062327102,
-0.22228464,
0.04555656,
0.12373477,
-0.11263167,
-0.028839963,
0.14463432,
0.006738272,
-0.10949922,
0.11950602,
0.053884156,
-0.13112985,
0.032691732,
0.05912916,
-0.03395348,
-0.014890601,
0.11067376,
0.041660286,
-0.055835512,
0.12813173,
0.06823612,
-0.013329456,
0.1376563,
0.10209505,
0.043616969,
0.042256899,
0.084069937,
0.048788447,
-0.045091145,
0.05802938,
0.018601935,
-0.029084286,
0.041249409,
0.0630695,
0.033985686,
-0.0033006133,
0.086052835,
0.016423592,
-0.016583232,
0.078460947,
0.022165351,
0.0082024653,
0.010822572,
0.045853142,
0.010135201,
-0.0056967405,
0.072811879,
-0.0050127064,
-0.0076356744,
0.042483225,
0.015389659,
-0.0026190383,
0.018870715,
0.035697404,
-0.022791507,
0.010899477,
0.042735282,
0.014928128,
0.018510995,
0.036080033,
0.021520859,
-0.0057583787,
0.036542878,
0.0094378246,
-0.0019631686,
0.026159225,
0.0074855322,
0.017457353,
-0.0072287023,
0.018820349,
0.003499201,
-0.013852387,
0.0051200981,
-0.030446218,
-0.0013667672,
-0.03429519,
-0.021255704,
-0.012144544,
-0.054068472,
0.0024853328,
-0.010132886,
-0.017403508,
-0.0066245128,
-0.014086288,
-0.008336734,
-0.032258864,
0.00023096691,
-0.019325383,
-0.040797018,
-0.0045730649,
-0.011053286,
-0.029284539,
-0.0069454042,
0.0022760651,
-0.0061215288,
-0.02033343,
0.0046739904,
-0.001159849,
-0.043483756,
0.026498917,
-0.015098993,
-0.04128892,
0.020110069,
-0.022817852,
-0.014565269,
-0.015737984,
-0.017502626,
-0.011452436,
-0.027061636,
0.0046721241,
-0.030852268,
0.00041614252,
-0.0050663315,
-0.038087439,
0.019312009,
-0.045304831,
0.0015711873,
0.01103192,
-0.044434328,
0.012408161,
-0.021611093,
-0.0065947748,
-0.0088655055,
-0.0024942041,
0.011743588,
-0.018349171,
0.0056188009,
0.0085208705,
-0.0070807547,
-0.0061978069,
0.01861099,
-0.0070938841,
-0.020986561,
0.026029766,
0.0062256656,
-0.014251119,
0.023045728,
0.023539877,
-0.013205839,
0.01501011,
0.037192658,
-0.015465193,
0.010917036,
0.012154985,
-0.017501974,
-0.0032039005,
-0.010956936,
0.011191652,
-0.01612339,
-0.011230863,
0.026134739,
-0.025293978,
-0.0017285467,
0.03174784,
-0.017168395,
0.014088049,
0.021105694,
-0.0060539432,
0.014693893,
-0.006907091,
0.0093566757,
-0.019233923,
-0.018226264,
0.014001647,
-0.032309029,
0.0073556937,
-0.0050458857,
-0.017219566,
0.01361469,
-0.036451656,
0.018771073,
-0.01093934,
-0.027570462,
0.022284282,
-0.046108361,
0.011076704,
-0.0088562304,
-0.014500551,
0.02864882,
-0.029285252,
0.033809118,
-0.0031344094,
-0.0098607773,
0.031287655,
-0.02333083,
0.020237783,
-0.013402687,
-0.0056590806,
0.013511285,
-0.035639789,
0.01571971,
-0.022559773,
-0.02853401,
0.0053826659,
-0.028537955,
-0.011758444,
-0.010265827,
-0.0080140308,
-0.0090711061,
-0.00033528122,
0.0068896823,
-0.0099789267,
0.0086125676,
-0.0066979565,
-0.012004171,
0.00010211718,
-0.013345352,
-0.0029767118,
-0.0092274966,
-0.0052332655,
-0.013533523,
-0.0075600487,
-0.00047450844,
-0.0089957844,
0.013171589,
-0.005583589,
0.008146557,
0.017070211,
-0.0031343384,
0.028238742,
-0.0021418615,
0.019074552,
0.025074644,
-0.017131431,
0.03428103,
0.0026845566,
0.0091031156,
0.021532079,
0.0053337724,
0.019072089,
-0.0047249142,
0.023009397,
0.0039237007,
-0.0064301779,
0.021386217,
-0.00040166007,
0.010825057,
-0.0018137562,
0.010187755,
0.0056926543,
-0.0088652885,
0.02193258,
-0.018028488,
0.016417824,
0.010746863,
0.0034303446,
0.033676706,
-0.013034455,
0.03793662,
-0.0043704794,
-0.012090128,
0.030111007,
-0.04262916,
0.0095942616,
-0.0077022235,
-0.022108948,
0.018147666,
-0.026544197,
0.025734004,
-0.0024634528,
-0.0048575653,
0.034223076,
-0.023231134,
0.016160304,
-0.0091155786,
-0.01173687,
0.0032351844,
-0.028918721,
0.01447701,
-0.029875433,
-0.0072889118,
0.0069161612,
-0.025738146,
0.024564654,
-0.016772123,
0.0058851186,
0.0059330822,
-0.012917856,
0.024857581,
-0.025621979,
0.0074761994,
-0.00082179607,
-0.027550824,
0.014210909,
-0.027600529,
0.001378443,
-0.0093172966,
-0.024360772,
0.012446129,
-0.03307071,
0.013426098,
-0.010963468,
-0.016101008,
0.0089084124,
-0.036686175,
0.011100821,
-0.033286624,
-0.014372687,
0.0040829214,
-0.033864982,
0.023686737,
-0.012586354,
0.0068740794,
0.018963523,
-0.011644225,
0.016130188,
-0.0072927508,
0.00063793518,
-0.0087236892,
-0.0073604896,
-0.007916254,
-0.012283235,
-0.0046010274,
-0.0077731297,
-0.0018501978,
-0.011935864,
0.0047522658,
-0.0095860772,
0.00052016956,
0.0054021305,
-0.008029094,
0.021569073,
0.005221433,
0.004010634,
0.020614741,
-0.0090235183,
0.012127511,
0.0020886937,
-0.015985912,
0.010421607,
-0.013536689,
0.0059293211,
-0.0010790693,
-0.0029980908,
0.014611681,
-0.021335457,
0.018731963,
-0.0079869842,
-0.0040309681,
0.021223299,
-0.02101622,
0.023223398,
-0.016544098,
0.009482896,
0.013886009,
-0.030285008,
0.032250103,
-0.026095498,
-0.0023038359,
0.019215003,
-0.02766785,
0.021701504,
-0.013591113,
0.0049288976,
0.011042073,
-0.013845904,
0.031392179,
-0.0075263577,
0.0084829228,
0.02136525,
-0.0044906628,
0.018202405,
0.0073234406,
0.0077946838,
0.0026206516,
0.0030616822,
0.0036483763,
-0.0059127114,
0.0076455893,
0.0019027563,
-0.0085046031,
0.0034869539,
-0.0035022092,
-0.0095627047,
0.0011834789,
-0.0081867017,
0.00018191058,
-0.0012754287,
-0.0027954103,
0.0055903052,
-0.01263579,
-0.00080833206,
0.002020533,
-0.027340926,
0.001584148,
-0.010985194,
-0.028379638,
5.4315529E-005,
-0.022276098,
-0.011108233,
-0.011598695,
-0.013331204,
0.0018635241,
-0.027806057,
0.0035711299,
-0.010286559,
-0.023772931,
0.0039118137,
-0.022263996,
-0.0086059412,
-0.013396239,
-0.013901177,
-0.00042415509,
-0.014327615,
0.0021800858,
0.0045016068,
-0.012891542,
0.014114116,
-0.0066968761,
-0.017680766,
0.015323021,
-0.031034632,
0.0012102799,
-0.0089893006,
-0.033770341,
0.023191074,
-0.037606895,
0.0066976096,
0.005348824,
-0.028680718,
0.027271375,
-0.0330186,
0.017435385,
-0.0085930629,
-0.016692126,
0.030785412,
-0.037824232,
0.023938935,
-0.0058486741,
-0.011584625,
0.024105325,
-0.028304582,
0.023027752,
-0.012776228,
-0.0074976776,
0.013836102,
-0.02755828,
0.011496072,
-0.014866249,
-0.010911205,
-0.0053577833,
-0.020207632,
0.0051300358,
-0.020800706,
-0.00077080348,
0.0037175235,
-0.017717544,
0.016543161,
-0.0027798843,
0.0046266983,
0.0089026531,
0.0017235035,
0.0038542983,
