-0.00017090984,
-5.2466221E-006,
5.0155639E-005,
4.7252783E-005,
7.0495262E-005,
-2.5914125E-005,
-0.00013824302,
-8.8305853E-005,
-1.9439936E-005,
-3.2014603E-005,
-4.5775141E-005,
5.9754155E-005,
0.00015627639,
-3.0722174E-007,
-0.00018809643,
-9.0798108E-005,
0.00016031685,
0.00016388748,
-4.5930617E-005,
-8.0079415E-005,
-1.2392404E-006,
0.00014850765,
0.00028964865,
4.2424555E-005,
-0.00032671596,
-0.0001971548,
0.000221649,
0.00031258544,
3.9097049E-005,
-0.00011899955,
-0.00019954947,
-0.00024615816,
-5.2576024E-006,
0.00023631181,
0.00016057688,
-3.5290093E-005,
-7.79904E-005,
2.1748359E-005,
6.001646E-005,
4.798446E-005,
5.453518E-005,
-4.0686718E-005,
-0.000232297,
-0.00014632029,
0.00029724016,
0.00063695794,
0.00047897207,
-0.00010607835,
-0.00048210533,
-0.00018360153,
0.00016277512,
0.00016175756,
-5.9631857E-006,
-0.00034765108,
-0.00044759604,
-0.00011607019,
0.00017420328,
0.00019726474,
2.4909006E-005,
-0.00011580508,
-0.00020537134,
-0.00024394505,
5.6960773E-005,
0.00033773493,
7.6674296E-005,
-0.0002915638,
-0.0001809923,
0.00015795878,
0.00030496661,
0.00029140082,
-0.00035028183,
-0.0019674147,
-0.0011578012,
0.0030742821,
0.0035407275,
-0.00030006978,
-0.0017209733,
-0.00048190859,
0.001163125,
0.0010814685,
-0.0015803142,
-0.0029282849,
-0.00061535905,
0.0019725722,
0.001010592,
-0.0012154431,
-0.0010771574,
0.00018354096,
0.00065819529,
0.00034615738,
-0.00036666472,
-0.00050171651,
0.00048456836,
0.0012474614,
0.0006689842,
-3.0454163E-005,
-0.00011204446,
-0.00061641232,
-0.0009459547,
-0.00061188516,
-0.00052565086,
-0.00011903481,
0.0006833307,
0.00071935891,
-0.00012308788,
-0.00056257407,
0.00030719858,
0.00062236149,
-0.00051318359,
-0.0009262503,
-0.00015451606,
0.00057387585,
0.00043459926,
-0.0003636422,
-0.00040425998,
0.0006661638,
0.0013684839,
0.0003281869,
-0.00092262618,
-0.00027881167,
0.00091198098,
0.0005574894,
-0.00085946883,
-0.0013134247,
-0.00043173699,
0.00051475206,
0.00074537081,
0.0002246035,
-2.4950821E-006,
0.00032231514,
-0.00019771203,
-0.0010378355,
4.9255115E-005,
0.00203175,
0.0018952437,
1.9080828E-005,
-0.001829103,
-0.0020789406,
-0.0007365591,
4.9074752E-005,
0.00048700091,
0.0013266752,
0.00085641519,
-0.00085675961,
-0.0011569312,
-0.00012187668,
0.00031248177,
0.0006091508,
0.0011363294,
0.00038597971,
-0.001004259,
-0.0007878606,
-0.00019816481,
-0.0005825297,
-7.9004472E-005,
0.0011234683,
0.00070945022,
-0.00055873214,
-0.0003047942,
0.00045700907,
-0.00023250078,
-0.00083639252,
-9.117771E-005,
-7.2167691E-006,
-0.00083685963,
-0.00023121238,
0.0011926371,
0.00082688418,
-0.00044207543,
-0.00027418128,
0.00039576602,
1.0621566E-005,
-0.00035127843,
0.00017242873,
0.00047588747,
0.00018568628,
6.5684522E-005,
-1.5644879E-005,
-0.00030202419,
-0.00032209512,
-7.0746908E-005,
9.789288E-005,
5.9692578E-005,
-5.8465259E-005,
-3.9100469E-005,
-7.802996E-005,
-0.00012414441,
0.00023099189,
0.00050343719,
0.00012388318,
-2.8691904E-006,
0.00048540643,
0.00053197943,
3.9663937E-005,
-0.00032034464,
-0.00018759443,
0.00048695301,
0.00086235953,
3.267431E-005,
-0.00084692868,
-0.00018064571,
0.00055866572,
-0.00018866478,
-0.00082937558,
2.5488387E-005,
0.00047781519,
-0.00059026806,
-0.00072158279,
0.0005997704,
0.00081766694,
-0.00063712307,
-0.0015758672,
-0.00033976522,
0.0012801796,
0.00094668241,
9.7830402E-005,
9.5927964E-005,
-0.00021661329,
-0.00082975515,
-0.00043907316,
0.00047711926,
0.00043574817,
-0.00022152675,
-0.00029794819,
-4.484348E-005,
9.9863928E-006,
0.00016131524,
0.00012116964,
-0.00026306257,
-0.00015839728,
-8.7696848E-005,
-0.00031335771,
0.0001177949,
0.00026581361,
-0.00045245228,
-0.00085766125,
-0.00061884854,
5.2736705E-005,
0.00040554634,
-0.00012789908,
-0.00037444226,
-4.8198006E-005,
3.9336497E-005,
2.2013644E-006,
0.00021835757,
0.00049517665,
0.00030607422,
-0.00023290369,
-0.00060343806,
-0.00039127073,
0.00021532604,
0.00019025683,
0.00014611581,
0.00060371967,
0.00053587282,
0.00046587514,
0.00052749383,
-0.00053017301,
-0.0013739404,
-4.6714555E-005,
0.0015199253,
0.0011101365,
-6.0609764E-005,
-0.00084599265,
-0.001090251,
-0.00041206318,
0.00053639617,
0.00064531615,
0.00039425923,
0.00035054161,
-0.00014815383,
-0.00064101064,
-0.00018895976,
0.00028036284,
0.00031866395,
0.00069808605,
0.0006355209,
-0.00040748427,
-0.0006187578,
0.00023228364,
0.00031147641,
5.8199221E-005,
0.0002710952,
6.494952E-005,
-0.00011183672,
0.00030890788,
0.00012049353,
-0.00037246381,
-1.9138233E-005,
0.00033715603,
2.0419402E-005,
-2.9494277E-005,
0.00044416019,
6.7009598E-005,
-0.0011497186,
-0.00073750067,
0.00080836919,
0.00044346502,
-0.00053404242,
-3.52684E-005,
0.00022500171,
-0.00047295267,
-0.00088795682,
-0.00041661705,
0.00069738651,
0.00087163801,
-0.00038590794,
-0.00090327655,
-7.7028395E-005,
0.00013529863,
-0.00059022417,
-0.00029833606,
0.00099238975,
0.00075570028,
-0.00068103796,
-0.0010333761,
-0.00028345917,
0.00046545261,
0.0001129166,
-0.00071162911,
-0.00014658961,
0.00074983959,
0.00025331075,
-0.00053888996,
-0.00038805054,
-2.0209032E-005,
-5.7122261E-006,
0.000120365,
0.00037357301,
0.00046534603,
0.00042451723,
0.00039644924,
0.0001956989,
-0.00021352415,
-0.0003132768,
-0.00019147093,
-7.5502387E-005,
4.9429636E-005,
-2.1048018E-005,
7.8658057E-005,
0.00021203748,
-0.00014153814,
-0.00028112609,
-0.00010164038,
1.8150055E-005,
0.00023972987,
3.1409654E-005,
-0.00020717071,
0.00034162813,
0.00018571694,
-0.00089671556,
-0.00064436119,
0.00083928037,
0.001118054,
-7.0475719E-005,
-0.00059694913,
-1.8330802E-006,
5.9336075E-005,
-0.00022069426,
0.00035432065,
0.00075815985,
-6.4926562E-006,
-0.0010122503,
-0.00079951133,
0.00057214842,
0.0010740837,
0.00025103785,
-0.00012899282,
-2.0259939E-005,
-0.00055386883,
-0.00096422073,
-3.3193821E-005,
0.00098873477,
0.00041022376,
-0.00064896827,
-0.00045148344,
0.00022865475,
4.9520062E-005,
-0.000263494,
0.00032311099,
0.00057205447,
-0.00026059544,
-0.00060893426,
-0.00027723282,
-3.7375361E-005,
0.00045849511,
0.00038388878,
-0.00046145369,
-0.00038637038,
-4.3451844E-005,
-0.00047434107,
-0.00034103615,
0.00042034092,
0.00054751529,
5.5480734E-005,
-0.00028920706,
-0.00012860306,
4.4338747E-005,
0.00024695933,
0.00065373851,
0.00030592975,
-0.00042734446,
-0.00023359603,
0.00016443507,
-1.4891566E-005,
-2.8351657E-005,
0.00020186082,
0.00016867509,
0.00015158449,
0.00016964233,
-9.3690913E-005,
-9.7949378E-005,
6.502145E-005,
-0.00041952138,
-0.00071661203,
-6.1666236E-005,
0.00061139476,
0.00052949687,
-0.00027744533,
-0.0010687523,
-0.00068994163,
0.0004868191,
0.0007579482,
7.6744924E-005,
-0.00020228095,
0.00028026558,
0.00037643575,
-0.00051886885,
-0.0011304969,
-0.00024197932,
0.00091100129,
0.00066282839,
2.2097583E-006,
-3.8219467E-005,
-2.9323597E-005,
-7.1362054E-005,
1.266583E-005,
0.00035935026,
0.00052748283,
-0.00017407896,
-0.00059924391,
-6.2146311E-005,
0.00036246696,
0.00042114916,
0.00022560674,
-4.7879035E-005,
7.4320145E-005,
0.00013773283,
-0.00020619537,
-0.00034160714,
0.00026105274,
0.00082330994,
0.00033957421,
-0.00052994874,
-0.00082245807,
-0.0003679177,
0.00049047649,
0.00086205039,
0.00042904017,
-0.00018473621,
-0.00052370183,
-0.00020650227,
0.00024272282,
-0.00025757562,
-0.0008719067,
-0.00010713469,
0.00088076375,
8.7226057E-005,
-0.0012926226,
-0.00089158176,
0.0004669005,
0.00070212787,
-1.2872567E-005,
-0.00027450841,
0.00018027534,
0.00031982164,
-0.00034379758,
-0.00076280162,
-9.1098096E-005,
0.00078243396,
0.00049554528,
-0.00046908131,
-0.00068660825,
-0.00019933732,
-6.6206441E-005,
-0.00028107129,
2.0813653E-005,
0.00055454404,
0.00025744236,
-0.0002975348,
-6.011852E-005,
0.00013746439,
-0.00036678137,
-0.00034727732,
0.00045383134,
0.00045486438,
-0.00028167549,
-0.00029736094,
0.000167654,
0.00030800313,
