-0.0024445779
0.00055662653
0.0034138071
0.0057797683
0.0074554086
0.0083259037
0.0083665131
0.0075047333
0.0057999012
0.0034647451
0.00069169869
-0.0022217873
-0.0049690595
-0.0072670006
-0.008886992
-0.0097568994
-0.0097725848
-0.0088868672
-0.0072074775
-0.0048991856
-0.0021981918
0.00070246577
0.0035276967
0.0058921645
0.0075753857
0.0084718876
0.0085591218
0.0078114681
0.0062069395
0.0039580716
0.001325813
-0.0014466915
-0.0040444499
-0.0062028384
-0.0076944279
-0.0084276767
-0.0083854077
-0.0074835592
-0.0057808654
-0.0034601497
-0.00076626253
0.0020459052
0.0047505861
0.0070113884
0.0085565057
0.0092980396
0.0092373583
0.0084239794
0.0068369778
0.0045739585
0.0019168759
-0.0008835285
-0.0035408402
-0.0057827896
-0.0073715243
-0.0081496155
-0.0081341742
-0.0072968914
-0.005674182
-0.0034392136
-0.00080617273
0.001909079
0.0044866442
0.0066981059
0.0082171531
0.0089282393
0.0088272523
0.007979217
0.0064618518
0.0042971522
0.0017268251
-0.00093117583
-0.0034154851
-0.0054601403
-0.0069010234
-0.0075937901
-0.0075100008
-0.0067149317
-0.0052179419
-0.0031518321
-0.00073041039
0.0017834023
0.0041084625
0.0060761515
0.007456956
0.0080655841
0.007886989
0.0069530457
0.0053667738
0.0031946143
0.0005838194
-0.0021164946
-0.0046173655
-0.0066850255
-0.0081459815
-0.0088971872
-0.0088577578
-0.008103922
-0.0067177983
-0.0047598314
-0.0024345664
-3.0411088E-006
0.0022509659
0.0041355719
0.0055173002
0.0061935489
0.0060825227
0.0052184248
0.0037191359
0.0017374669
-0.00063954102
-0.0031510512
-0.0054476862
-0.0073176473
-0.0086214542
-0.0092924312
-0.0092420932
-0.0084653273
-0.007081816
-0.0051663639
-0.0028966579
-0.00052727782
0.0016720933
0.0034297504
0.0046641668
0.0052716872
0.0051310924
0.0042988844
0.0028640036
0.00097580015
-0.001246369
-0.0036531466
-0.0058936276
-0.007705301
-0.0089444658
-0.0095425872
-0.0094970772
-0.008745716
-0.0073486567
-0.0054412046
-0.0031571519
-0.00076024793
0.0014845665
0.0033182302
0.0045801476
0.0052401582
0.0052057239
0.0044678641
0.0031215935
0.0013275058
-0.00071062119
-0.0028795421
-0.0049292864
-0.006548278
-0.0076143164
-0.0080770571
-0.007955512
-0.0072195502
-0.0058556078
-0.0040450175
-0.0019420033
0.0002621586
0.002324919
0.0040417369
0.0052065728
0.0057908646
0.0057707829
0.0050618704
0.0037645071
0.0020264543
2.9225102E-005
-0.0020538864
-0.0040732529
-0.0057373061
-0.0068366006
-0.0073192348
-0.0072058584
-0.0065511758
-0.0053243325
-0.0036175803
-0.0016386962
0.0004433959
0.0023976865
0.0040266067
0.00515251
0.0056777364
0.005648254
0.0050300136
0.0038409135
0.002225548
0.00036016741
-0.0015273646
-0.0033142711
-0.0048279096
-0.0058206893
-0.0062407707
-0.0061072656
-0.0054623215
-0.0043095704
-0.0026451335
-0.00068319653
0.001343153
0.003233264
0.0047741579
0.0058562616
0.0063731456
0.0063152877
0.0057326253
0.0046236822
0.0030961353
0.0013125935
-0.00051898888
-0.0022135251
-0.0036730866
-0.0046842596
-0.0051085353
-0.0049784048
-0.0043262076
-0.0032049115
-0.0016245493
0.00029975805
0.0023040499
0.0041663572
0.0056859171
0.0067580752
0.0073006093
0.0072432449
0.0066682752
0.0056106867
0.0041124504
0.0023493487
0.00051994779
-0.0011418235
-0.00251255
-0.003503537
-0.003959937
-0.00386687
-0.0032754876
-0.0022652515
-0.00091339962
0.00074314687
0.0024847283
0.004055615
0.005308162
0.0061494606
0.0065532229
0.0064518224
0.0058531119
0.004823626
0.0033838733
0.0016711262
-0.00014227282
-0.0018433278
-0.0032347108
-0.0042712125
-0.0048225741
-0.0047969683
-0.0042520352
-0.00325629
-0.0019378836
-0.00035695196
0.0013694431
0.0029644426
0.0042515327
0.0051211123
0.0055430941
0.0055133426
0.0049693994
0.003988076
0.0026628992
0.0010799147
-0.0005620619
-0.0020749539
-0.0032781768
-0.0040975064
-0.0045238296
-0.0044714473
-0.0039345124
-0.0029687318
-0.0016785018
-0.00018584565
0.0014435489
0.0029875734
0.0042063124
0.0050175716
0.0053994539
0.0053802133
0.0049116742
0.0039891382
0.0027326322
0.0012229118
-0.00037555123
-0.0018748426
-0.0031127466
-0.0039392663
-0.0043696421
-0.0043743476
-0.0038843076
-0.0029693753
-0.0017265211
-0.00028691074
0.0012627719
0.0028098314
0.0040946282
0.0049665174
0.0053973412
0.0054121199
0.005019722
0.0041630976
0.0029341329
0.0014819792
-6.5249915E-005
-0.0015185899
-0.0027282704
-0.0035477018
-0.0039429385
-0.0039642802
-0.0035561637
-0.0027373035
-0.0015965516
-0.00026883266
0.0010825285
0.0023958483
0.0034942722
0.0041963793
0.0044965167
0.0043997853
0.0039449506
0.0031169865
0.001924986
0.00053455995
-0.00092310843
-0.0022893127
-0.003426099
-0.0042514987
-0.0046552164
-0.0046819048
-0.0043407413
-0.003564748
-0.0024571035
-0.0011363355
0.00025834961
0.0015966496
0.0027924355
0.003650785
0.0040644072
0.0040516872
0.0036554844
0.0029279634
0.0018519679
0.00054146291
-0.00080321566
-0.0020548189
-0.0030686455
-0.0037778392
-0.0041348021
-0.0041079703
-0.0037504011
-0.003035445
-0.0019771713
-0.00069662841
0.00064094464
0.0018478599
0.0028663373
0.0036016407
0.0039226995
0.0038593803
0.0034564661
0.0027657023
0.0017955758
0.00055531965
-0.00075061386
-0.0019384536
-0.0028943971
-0.0035351661
-0.003850864
-0.0037927248
-0.0033817966
-0.0026563162
-0.001609546
-0.00035342653
0.00096828357
0.0021867396
0.0031867109
0.0039545498
0.0043731374
0.0043789409
0.0040250435
0.0033670585
0.0024584266
0.0012909292
-1.2484127E-005
-0.0012247915
-0.0022260461
-0.002924605
-0.0033148604
-0.0033801696
-0.0030709058
-0.0024617079
-0.0015907495
-0.00051230617
0.00063538912
0.0017043762
0.0025334661
0.003103538
0.0033953357
0.0033148355
0.0028872134
0.002164749
0.0012268571
0.00012979991
-0.0011005012
-0.0022683102
-0.0031927284
-0.0038149436
-0.0041365037
-0.0041843778
-0.0038919598
-0.0032737183
-0.0024126663
-0.0013440492
-0.00019679026
0.00090119196
0.001823445
0.002470172
0.0028695094
0.0029513563
0.0026439079
0.0020111785
0.0011324475
0.00010346749
-0.001028839
-0.0021452773
-0.0030343267
-0.0036257212
-0.0039222459
-0.0039553675
-0.0037051768
-0.0030925293
-0.0021986114
-0.0011410643
-1.3858209E-005
0.0010449553
0.0019130232
0.0024776147
0.0027518715
0.0027647449
0.0024531705
0.0018487851
0.0010150742
3.9288421E-005
-0.00098845223
-0.0020170351
-0.0028683501
-0.0034097242
-0.003646394
-0.0036175149
-0.0033660678
-0.0028190583
-0.0019956222
-0.0010350725
1.8176514E-006
0.00098053494
0.0017875859
0.002353122
0.0026015223
0.0026045025
0.0023554303
0.0017898375
0.00097548525
-5.7197349E-006
-0.001032365
-0.0020352413
-0.002943825
-0.0035815951
-0.0039077476
-0.0039697983
-0.0038031505
-0.0034035926
-0.0027095103
-0.0018169535
-0.00087929214
4.0176542E-006
0.0007331071
0.0012598623
0.001511629
0.0014875751
0.0012348229
0.0007072505
-5.4515996E-005
-0.00096217101
-0.0019013132
-0.0027473515
-0.0034889379
-0.0040241
-0.0042586387
-0.0042364514
-0.0039897165
-0.003565328
-0.0029196148
-0.0020489066
-0.0011287577
-0.00026909803
0.00045391405
0.00099379453
0.001323383
0.0013740471
0.0011880703
0.00077638018
0.00011574346
-0.00070135418
-0.0015709623
-0.0023551241
-0.0029932391
-0.0034874515
-0.0037413088
-0.0037275013
-0.003470737
-0.0029989465
-0.002330834
-0.0014299242
-0.00043184173
0.00046428913
0.0011826574
0.0016783024
0.0019686292
0.0020307056
0.001842536
0.0014681383
0.00090526219
0.00019131831
-0.00057603914
-0.0012867429
-0.0018256212
-0.0022051176
-0.002393333
-0.0023148782
-0.0020069738
-0.0015112485
-0.00088195951
-0.00011193199
0.00077684497
0.0016001583
0.0022556789
0.0027000355
0.0029286614
0.0029776427
0.0027831509
0.0023775918
0.0018204578
0.0010978596
0.00029601419
-0.00048308756
-0.0011184461
-0.0015596177
-0.0018604267
-0.0019559374
-0.0018094663
-0.0014638954
-0.0009569758
-0.00033693694
0.00040820928
0.0011719795
0.0017713307
0.0021620293
0.0023640729
0.0024315494
0.0023179825
0.0019548128
0.0014216641
0.00076135329
3.1455798E-005
-0.00065795123
-0.0012242696
-0.0015818597
-0.001764121
-0.0017921982
-0.0015988041
-0.00119287
-0.00061882229
3.3684519E-005
0.00073446136
0.0014782804
0.0021035755
0.0025254204
0.0027627645
0.0028396994
0.0027766933
0.0024842108
0.0019783024
0.0013722411
0.00070868159
8.1044687E-005
-0.00044508549
-0.00080732012
-0.00096388272
-0.00097719301
-0.00080616435
-0.00039902402
0.00020190953
0.00091615919
0.00163014
0.0023263642
0.0029315976
0.003307828
0.003474565
0.0034862221
0.0033843729
0.0031355908
0.0026739698
0.0020901929
0.0014764034
0.00090706145
0.00045057834
0.00012285171
-1.8774637E-005
-7.6290753E-006
0.00012623137
0.00045104575
0.00093584543
0.0015232179
0.0021295988
0.0026884417
0.0031954823
0.0035323291
0.0036421386
0.0035797008
0.0033835638
0.0030820551
0.0025923776
0.0019244544
0.0012299073
0.00058753253
6.683739E-005
-0.00031919757
-0.00055264821
-0.00059457065
-0.00051572791
-0.00030078099
8.4719824E-005
0.0005844977
0.0011351026
0.0016224732
0.0020379233
0.0023730879
0.0025188192
0.0024936926
0.0023324979
0.0020561065
0.0016570772
0.0010696211
0.00041044835
-0.00016935405
-0.00061881001
-0.00091943209
-0.0011019843
-0.0011258926
-0.00099406345
-0.0007514226
-0.00035443474
0.00015324897
0.00069398334
0.0011888208
0.0015736955
0.0018804556
0.002051173
0.0020330013
0.0018650322
0.0015755896
0.0012075802
0.00071357389
0.00012221849
-0.00039420911
-0.0007754282
-0.0010176173
-0.001164875
-0.0012197857
-0.0010931962
-0.00081720634
-0.00040257652
0.00015405884
0.00075360894
0.0013134101
0.0017264392
0.0019873737
0.0021626786
0.0021958977
0.0020725606
0.0018254907
0.001491463
0.0010913225
0.00059580611
0.00011813532
-0.00020598393
-0.00036977028
-0.00041585427
-0.0004052046
-0.00028006648
7.8327321E-007
0.00037204844
0.00082413584
0.0013004091
0.0017323655
0.0020653608
0.0022430208
0.0023265143
0.0023023668
0.0021182601
0.0018205384
0.0014360226
0.0010169348
0.00055045751
4.6031611E-005
-0.00033692748
-0.00055275817
-0.00064165
-0.00066032377
-0.00062449486
-0.00043796946
-0.00013190886
0.00023941239
0.00066906156
0.0010719481
0.0014104344
0.0016230717
0.0017032444
0.0017342239
0.0016598139
0.0014461887
0.0011282682
0.00074643624
0.00035633295
-5.9322138E-005
-0.0004189871
-0.00061331992
-0.00067212398
-0.00063782377
-0.00055807288
-0.0003808433
-5.0193172E-005
0.00034283884
0.00074916566
0.0011161352
0.0013974265
0.0015830934
0.0016346715
0.0016181223
0.0015414725
0.0013344001
0.0010330471
0.00068115402
0.0003514385
6.1157996E-005
-0.00021024013
-0.00036378723
-0.0003834634
-0.00032364542
-0.0002169887
-5.4600641E-005
0.00027109045
0.00072370569
0.001177549
0.0015816338
0.0018798693
0.0020900546
0.0022101847
0.0022298228
0.0022086068
0.0021013599
0.0018739633
0.0015641106
0.0012286846
0.00095612457
0.00073084579
0.00057145982
0.00054433366
0.00060664368
0.00072452199
0.00086773856
0.001076553
0.001410665
0.0017558684
0.0020210301
0.0021801495
0.0022368487
0.0022337129
0.0021408626
0.0019883607
0.0017931274
0.0014985333
0.0011431766
0.00076822913
0.00044145723
0.00020154275
-3.9763254E-006
-0.00012116014
-0.00012580043
-6.7252629E-005
2.5912332E-005
0.00014521719
0.00038000109
0.00068843219
0.00092330691
0.0010650543
0.0011131895
0.0011174323
0.0010864033
0.00097105867
0.00081232243
0.0005828882
0.00026776607
-7.8988356E-005
-0.00040884133
-0.00063010945
-0.00078355853
-0.00091141846
-0.00093597587
-0.00087161968
-0.00075957563
-0.00063768437
-0.00048094444
-0.00023816746
-2.8657027E-005
6.7146684E-005
6.2532854E-005
-1.9974607E-006
-5.8787275E-005
-0.00017099494
-0.00036016956
-0.00057508698
-0.00082804769
-0.0010779041
-0.0012858572
-0.0014008173
-0.0014197342
-0.001443756
-0.0014342498
-0.0013390183
-0.0011822577
-0.00097385381
-0.00075044605
-0.0004642671
-0.0001499151
4.1711082E-005
0.0001125687
0.00012273439
0.00014621615
0.00017711429
0.00010902141
-3.3070035E-005
-0.00022414309
-0.00045292077
-0.00065367128
-0.00079948554
-0.00084292499
-0.00083661766
-0.00084362313
-0.00078585744
-0.00065786683
-0.00049026427
-0.000322607
-0.0001779493
-8.4833828E-006
0.00010815305
0.00010239524
1.9848572E-005
-7.8771096E-005
-0.00013608739
-0.00023701286
-0.00043174936
-0.00064960367
-0.00088664622
-0.0011007226
-0.001258858
-0.0013515621
-0.0013649875
-0.0013786355
-0.0013697831
-0.001280476
-0.0011500953
-0.00099553587
-0.00086292758
-0.00073585531
-0.00060476013
-0.0005730929
-0.00062785944
-0.00069402478
-0.00071895967
-0.00073147053
-0.00085362734
-0.0010507775
-0.0012496851
-0.001429198
-0.0015444125
-0.0016172699
-0.0016353104
-0.0016198683
-0.0016250034
-0.0015778476
-0.0014643292
-0.0013206619
-0.0011844437
-0.0010927899
-0.00099239917
-0.00092607841
-0.00094777107
-0.0009986012
-0.0010402016
-0.0010420115
-0.0010843476
-0.0012169695
-0.0013223161
-0.001358537
-0.0013221267
-0.0012438641
-0.001166097
-0.0010541615
-0.00095370191
-0.00085524708
-0.00068578415
-0.00047073318
-0.00024177693
-6.5218454E-005
6.3980573E-005
0.00019858812
0.00028204249
0.00032923103
0.00038562249
0.00046517784
0.0005403473
0.00049122929
0.00036252517
0.00028109597
0.00026700628
0.00030743785
0.00033651417
0.00037151374
0.0004375455
0.00048243513
0.00056033884
0.00068348798
0.0008080281
0.00090503646
0.0009258822
0.00093809969
0.00096497883
0.00094793877
0.00090842543
0.00087007339
0.00085463905
0.00079421065
0.00063406059
0.00049998355
0.00045350019
0.00047053999
0.0004991492
0.00049559062
0.00052011502
0.00056548853
0.00062042603
0.00072072993
0.00082740217
0.00091621227
0.00093480211
0.00090061896
0.00090832618
0.00090841769
0.00087439769
0.00082929974
0.00078137981
0.00073546648
0.00060448871
0.00043784839
0.00036374616
0.00036215925
0.00037859057
0.00033067341
0.00025118646
0.00023091017
0.00022397087
0.00024403248
0.00029317429
0.00032975205
0.00035446332
0.00033035903
0.0003234238
0.00036264901
0.00035891516
0.00032221881
0.00027130009
0.0002372419
0.00021342462
0.0001523262
0.00015111249
0.00024185795
0.00035296509
0.00042973339
0.00044301306
0.00048876583
0.00059565506
0.00071276305
0.00084516697
0.00095498323
0.0010331182
0.0010600764
0.0010520478
0.001110472
0.0011870341
0.0012241506
0.0012289364
0.0011972814
0.0011738171
0.0011141379
0.0010286679
0.0010237372
0.0010647238
0.001082713
0.0010266146
0.00094450446
0.00094425515
0.00098170701
0.0010266193
0.0010670588
0.001072987
0.001068947
0.0010352603
0.0010194116
0.0010468067
0.0010302959
0.00096292904
0.00085470726
0.00075377512
0.00067637546
0.00055493432
0.00047187324
0.00047253215
0.00048423352
0.00046699287
0.00040207108
0.000386467
0.00045284929
0.0005138524
0.00054811168
0.00052803458
0.00048182003
0.000433601
0.0003635766
0.00032912576
0.00029196127
0.00019712556
6.5494925E-005
-8.5242988E-005
-0.0001823679
-0.0002588036
-0.00035531679
-0.0003976087
-0.00041345193
-0.0004531875
-0.00054111192
-0.00063586351
-0.00063338695
-0.00058841379
-0.00056880346
-0.00058454875
-0.00062392035
-0.00061590545
-0.00060436531
-0.00060535275
-0.00058106752
-0.00060151011
-0.00066106772
-0.00071404537
-0.00071199512
-0.00063375226
-0.00057693548
-0.00052733859
-0.00044334945
-0.00036912668
-0.00030441649
-0.00025072964
-0.000136937
5.302739E-005
0.00019047534
0.00024105658
0.00023349753
0.00024561633
0.0003167456
0.00037443935
0.00043689195
0.00049126189
0.00048120221
0.0004380004
0.00039738379
0.00041443561
0.00044301234
0.00041808869
0.00040335199
0.00039744945
0.00039046627
0.00037408143
0.00035483044
0.00042969504
0.00053281605
0.00055945857
0.00053841877
0.00051960966
0.00057470845
0.0006436088
0.00065447029
0.00065155153
0.00060010666
0.0005020547
0.00040202928
0.00032925155
0.00031327162
0.00027587858
0.00021711872
0.00020018494
0.00020097796
0.00021068408
0.00020724244
0.00023576659
0.0003220941
0.00034580479
0.00028616199
0.00020675283
0.0001790301
0.00021061297
0.00018970328
0.0001249379
4.6372272E-005
-6.5182336E-005
-0.0001591804
-0.00023071967
-0.00025940494
-0.00027219285
-0.00034794616
-0.00042647394
-0.00047725087
-0.00051241368
-0.00054027454
-0.00057601824
-0.00054644409
-0.00049348397
-0.00050791784
-0.00054342597
-0.00054784806
-0.00047979748
-0.00040959832
-0.00041436273
-0.00042623881
-0.000433118
-0.00042080547
-0.00036635232
-0.00029436985
-0.00020395813
-0.00016127767
-0.00015885757
-0.00011091655
-1.9762509E-005
0.00010173297
0.00019304967
0.00025813718
0.00034651347
0.00037606049
0.00035005552
0.00034375445
0.00039680503
0.00050001749
0.00053560507
0.00050582073
0.0004802098
0.00046344631
0.00048937881
0.00052072608
0.00054349646
0.00055833836
0.00050103676
0.00043042592
0.00040223741
0.00040323767
0.00041197089
0.00038576988
0.00038196423
0.00040096507
0.00038178085
0.00036660329
0.00037980612
0.00043778797
0.00047245351
0.00039071846
0.00027632003
0.00019011872
0.00014288501
0.00011885096
6.6491972E-005
2.0069754E-005
-5.3031428E-005
-0.0001619798
-0.00021674154
-0.00023213211
-0.00023288034
-0.00026211396
-0.00033370758
-0.00037419159
-0.0004216393
-0.00049546047
-0.00055932748
-0.00060597417
-0.00063411781
-0.00074513449
-0.00093324954
-0.0010741068
-0.0011550613
-0.0011931565
-0.0012481597
-0.0013311884
-0.0014005918
-0.0014963161
-0.0015765136
-0.001601767
-0.001597443
-0.0015799706
-0.0016033415
-0.001608584
-0.0015591916
-0.0015254855
-0.001493478
-0.0014637205
-0.001422493
-0.001390658
-0.0014387136
-0.0014659084
-0.0014091154
-0.0013161229
-0.0012360439
-0.0012240447
-0.0012172027
-0.0011883033
-0.0011513974
-0.0010576451
-0.00094890484
-0.00086120114
-0.00083008676
-0.0008584733
-0.00083214132
-0.00077302125
-0.00073890621
-0.00070620963
-0.00067118031
-0.00062658673
-0.00064644602
-0.0007187539
-0.00071906386
-0.00065856165
-0.00059285632
-0.00059499295
-0.00066076993
-0.00068799075
-0.00069730834
-0.0006893042
-0.00063970592
-0.0005865391
-0.00053919491
-0.00052804901
-0.00049357337
-0.00038197904
-0.00028475749
-0.00022554047
-0.0001932181
-0.00017127796
-0.00016432001
-0.00023352595
-0.00029777209
-0.00028645672
-0.00025127167
-0.00024883295
-0.00032325336
-0.00038828375
-0.00039127711
-0.00038474207
-0.0003573572
-0.00033956417
-0.00034584414
-0.00037111176
-0.00042288908
-0.00041697719
-0.00037828984
-0.00038386384
-0.00041943489
-0.00047407052
-0.00050756399
-0.00055617676
-0.00063684385
-0.00065499695
-0.00063529535
-0.00064335734
-0.00072268641
-0.00084523548
-0.00088494341
-0.00086232589
-0.00082997978
-0.00078231166
-0.0007369619
-0.00067096396
-0.00060830411
-0.00052414817
-0.00037235176
-0.0002474011
-0.00017400878
-0.00012301044
-6.2213017E-005
4.1752948E-005
0.00011486051
0.00016801467
0.00024528176
0.00030164796
0.00031928968
0.00028895159
0.00030375863
0.0004253271
0.00055484311
0.00065447052
0.0007097419
0.00074490515
0.0008027092
0.00085500738
0.0009540859
0.0010881381
0.0011713761
0.0012106814
0.0012226339
0.0012625274
0.0013157621
0.0013298263
0.0013641509
0.0014038337
0.0014077548
0.0013616562
0.0012914394
0.0013239885
0.0014286088
0.0015016269
0.001543518
0.0015727251
0.0016516879
0.0017589887
0.0018584251
0.001980311
0.002058794
0.0020639393
0.0020151681
0.0019519874
0.0019306438
0.0018772752
0.0017869822
0.0017196827
0.0016414757
0.0015477343
0.0014340614
0.0013695207
0.0014106223
0.0014374321
0.0014020471
0.0013391585
0.0013039155
0.0013308896
0.0013398447
0.0013351066
0.0013251356
0.0012511405
0.0011420406
0.0010260465
0.00095259806
0.00090852816
0.0008032755
0.00067751942
0.00056283874
0.00045242158
0.00034205944
0.00023294947
0.00022830711
0.00029952844
0.00033060103
0.00034220764
0.00038071364
0.00049572653
0.00063118595
0.00070109626
0.00074554147
0.00075254525
0.00072713767
0.00070259575
0.00067846099
0.00068697205
0.00065706053
0.00056228484
0.00048880855
0.00044460371
0.00043442639
0.00044087938
0.000483827
0.00060005981
0.0006775108
0.00067769428
0.00066397723
0.00069837074
0.00080748164
0.00087989477
0.00088894233
0.00087940408
0.0008285506
0.0007740616
0.00072996481
0.00071367167
0.00071733393
0.00064853724
0.00055175106
0.00049047719
0.00046117455
0.00046183038
0.00045772217
0.00049959362
0.00057811162
0.00059911981
0.00059742894
0.00063036592
0.00073489879
0.00085067202
0.00086946459
0.00083354692
0.00076580147
0.00067226856
0.00058212748
0.00047852809
0.00038942226
0.00027016795
9.4709103E-005
-4.4714892E-005
-0.00013715088
-0.00019500121
-0.00025247611
-0.00031556602
-0.00032495204
-0.00034999335
-0.00041965724
-0.00046982465
-0.00047315459
-0.00042669664
-0.00044285736
-0.00055648928
-0.00067494222
-0.00077765516
-0.00084577774
-0.00090924057
-0.00098965468
-0.0010634633
-0.0011833712
-0.0013153214
-0.0013956408
-0.0014267355
-0.0014182223
-0.0014249652
-0.0014000866
-0.0013076594
-0.0012287713
-0.0011543659
-0.0010599354
-0.00093175063
-0.00080901134
-0.00079413358
-0.00082806434
-0.00083586934
-0.00081935938
-0.00079866929
-0.00083586352
-0.00089569454
-0.0009628
-0.0010525411
-0.0010810711
-0.0010372464
-0.00094950257
-0.00087275548
-0.00084777962
-0.00079212448
-0.0007199478
-0.00066482159
-0.00058623153
-0.00049080123
-0.00038129455
-0.00034456688
-0.00040980123
-0.00045189369
-0.00043767536
-0.00038468113
-0.00035508361
-0.00038398316
-0.00039955054
-0.00041808546
-0.00042549858
-0.00037102896
-0.00029102035
-0.00021035383
-0.00017698856
-0.000155139
-7.5365722E-005
4.5566198E-006
7.0418464E-005
0.00013259609
0.00020194397
0.00025629217
0.00020177993
0.00010666501
6.463586E-005
4.7543959E-005
1.1285862E-005
-0.00010226337
-0.00023283418
-0.00032393617
-0.00041191661
-0.00046014474
-0.0004700344
-0.00046286132
-0.00046619927
-0.00051303476
-0.00051447673
-0.00047221471
-0.00045133868
-0.0004340609
-0.00042920653
-0.00042791927
-0.00047664961
-0.00059474661
-0.00066714617
-0.00067724398
-0.00067692192
-0.00073475932
-0.00086193468
-0.00094360847
-0.00098184589
-0.0010020814
-0.00097884214
-0.00094443519
-0.00089484645
-0.00086024217
-0.00082101888
-0.0007063942
-0.00059179001
-0.00052172394
-0.00048581444
-0.00046273027
-0.0004249526
-0.00043896856
-0.00046872778
-0.00044181169
-0.00041023447
-0.00042567583
-0.00053045771
-0.00063839561
-0.00064695469
-0.00060982443
-0.00054475432
-0.00047206902
-0.00041160441
-0.00035349678
-0.00031520645
-0.0002242748
-8.8324225E-005
2.0152141E-008
4.5364246E-005
4.4238353E-005
2.990366E-005
4.686417E-006
-5.7454527E-005
-6.6646149E-005
-2.3913501E-005
1.0343125E-006
-2.7584321E-005
-0.00010155742
-9.8930497E-005
-1.5875474E-005
6.3687803E-005
0.00012867819
0.00016147654
0.00019280512
0.00022094406
0.00024562347
0.00031757142
0.00036973119
0.0003640549
0.00031478511
0.0002364425
0.00018504758
0.00011156164
1.6106633E-005
-3.5550871E-005
-9.0276459E-005
-0.00018303844
-0.00033406724
-0.00047183299
-0.00049335364
-0.00047871211
-0.00048855535
-0.00051891018
-0.00054906838
-0.00053673348
-0.00051700318
-0.00047220348
-0.00040882081
-0.00040924342
-0.00045921115
-0.00053750497
-0.00059351028
-0.00061103137
-0.00066336757
-0.00071134884
-0.00073925743
-0.00079291355
-0.00088446168
-0.00099978514
-0.001018969
-0.00093939085
-0.00087591005
-0.00083070411
-0.00078881934
-0.00070300297
-0.00057901966
-0.00048573548
-0.00039673524
-0.0003386788
-0.00033574444
-0.00035069452
-0.0003649884
-0.00033455848
-0.00032069912
-0.00037182015
-0.00042261151
-0.00047591064
-0.00053353043
-0.00059231243
-0.00060423266
-0.00049644749
-0.0003682067
-0.00029539617
-0.00024951887
-0.00017967737
-3.1945263E-005
0.00012303691
0.00025272442
0.00036951384
0.00041616583
0.00041280343
0.00039217921
0.00040061949
0.00045179031
0.00045339379
0.00043240678
0.00043417452
0.00044132944
0.00045902948
0.00047709694
0.00057088293
0.00072699459
0.00081206666
0.00083418249
0.00084731018
0.000917272
0.0010315576
0.0010813224
0.0010875035
0.0010582389
0.00097861618
0.0008944135
0.0008173458
0.00077821448
0.00072146178
0.000592269
0.00047138301
0.00037973863
0.00031621254
0.00026778231
0.00023739449
0.0002857587
0.00033387684
0.00031838793
0.00029322854
0.00031243204
0.00041032876
0.00048287178
0.0004756338
0.00044854661
0.0003907372
0.00033728959
0.00030499155
0.00028595797
0.00028994295
0.00023628991
0.00014818236
9.833245E-005
7.7728153E-005
8.7393353E-005
9.095823E-005
0.0001307035
0.00023084685
0.00028935479
0.00032129083
0.00038375059
0.00049974921
0.00063095411
0.00066797459
0.00065017614
0.00063804869
0.00063004781
0.00063821912
0.00062290119
0.00060106075
0.00055929687
0.00045735345
0.00038468832
0.00037926633
0.00042932908
0.00050083961
0.00055635482
0.00065441924
0.00075435074
0.00080665614
0.00087383029
0.0009832175
0.0011446272
0.0012620031
0.0012630956
0.0012354065
0.0012178761
0.0012302797
0.0012512063
0.0012441545
0.0012445676
0.0012053779
0.0011404837
0.0011342922
0.0011782881
0.0012553543
0.0013075387
0.0013451478
0.001417038
0.0014536692
0.0014640904
0.0014891472
0.0015321834
0.001571738
0.0014968468
0.0013399947
0.001216897
0.0011407433
0.0010893213
0.00099601783
0.00087833899
0.00076686416
0.00062794075
0.0005304527
0.00049736677
0.00049452379
0.00049709051
0.00046465939
0.00046275364
0.00049838854
0.00051424152
0.00053024339
0.00054773263
0.00058176334
0.00056544773
0.00043842304
0.00032613444
0.00028289991
0.00027527651
0.00024947457
0.00016296217
8.2116458E-005
3.9078191E-006
-7.2162205E-005
-8.9625166E-005
-7.7033212E-005
-4.9527367E-005
-4.5593562E-005
-5.1685471E-005
1.2462987E-005
8.6468899E-005
0.00012884455
0.00015452062
0.00017718984
0.00020709622
0.00015795957
6.8068417E-005
4.7194626E-005
6.0769213E-005
5.3238375E-005
-3.8171667E-005
-0.00016624303
-0.00022960019
-0.00025698607
-0.00023593541
-0.00016397673
-8.3651954E-005
-1.551602E-005
5.7066554E-006
6.0380968E-005
0.00018060734
0.00028401832
0.00037370017
0.00044761604
0.00051216764
0.00054219528
0.00048796769
0.00045146659
0.00048486446
0.00052881707
0.00051414123
0.0004146648
0.00034244912
0.00033043724
0.00033944601
0.00038761194
0.00043506513
0.00046901437
0.00047298029
0.00045549718
0.00050410558
0.00056552864
0.00057567318
0.00054672023
0.00048664393
0.00042953508
0.00032266043
0.00018015409
0.00010274896
5.6216035E-005
-1.7727567E-005
-0.00016280882
-0.00032469962
-0.00039292246
-0.00041336648
-0.00041613201
-0.00041030583
-0.00041694686
-0.00040642743
-0.00040866385
-0.0003806318
-0.00029632202
-0.00025164711
-0.00025056815
-0.00028474332
-0.00032762834
-0.00036066564
-0.0004392963
-0.00049787073
-0.0005044635
-0.0005288432
-0.00060981006
-0.00075221813
-0.0008357949
-0.00082201982
-0.00080069585
-0.00078342669
-0.00078454381
-0.0007750768
-0.00074064056
-0.00071550568
-0.00065399031
-0.00059642358
-0.00059824163
-0.00063029636
-0.00066424621
-0.00064286275
-0.00061662029
-0.00063355325
-0.00063171115
-0.00063383242
-0.00066861237
-0.00074244675
-0.00080003549
-0.00073241233
-0.00060958287
-0.00052019343
-0.00046657852
-0.00043326558
-0.00035881842
-0.00026303576
-0.00015297321
-1.0511544E-005
9.3945077E-005
0.00014725552
0.00016176079
0.0001824075
0.00024101207
0.00025033375
0.00022557761
0.00020582206
0.0001519936
6.3492393E-005
-5.5043936E-005
-0.00010614786
-5.1840158E-005
-8.634569E-006
-4.0820551E-006
-2.2845519E-005
-1.2025884E-005
5.9099741E-005
0.00011351413
0.0001545047
0.00017047941
0.00011727774
2.2178872E-005
-8.5812135E-005
-0.00014534011
-0.00019602303
-0.00030800648
-0.00041303632
-0.00050061953
-0.00058964943
-0.00068751455
-0.00077432982
-0.00075977203
-0.00070430769
-0.00069800235
-0.00072021008
-0.00073329336
-0.00066735258
-0.00057258323
-0.00051733205
-0.00047267851
-0.00047677045
-0.00052447122
-0.00058006559
-0.00062038196
-0.00062622171
-0.00068820367
-0.00080339896
-0.00090378558
-0.0010089474
-0.0011090438
-0.0012050425
-0.0012421042
-0.0011844607
-0.0011438306
-0.0011477333
-0.0011454661
-0.0010794279
-0.00095343619
-0.00088141114
-0.00085930148
-0.00085056556
-0.00086256152
-0.00086215389
-0.00085747329
-0.00082401594
-0.00080078468
-0.00086723448
-0.00093906507
-0.00096667669
-0.00095053494
-0.0008990565
-0.00084408117
-0.00073335739
-0.00061750656
-0.00057432684
-0.00054265955
-0.00046543573
-0.00029754144
-0.00011449233
-9.590658E-006
7.0162765E-005
0.00012548742
0.00016264286
0.00020414118
0.0002336399
0.00026023726
0.00021290699
9.5523064E-005
3.4843756E-006
-6.0953564E-005
-9.5229763E-005
-0.00012434917
-0.00013261406
-7.683791E-005
-3.764778E-005
-2.6679563E-005
6.0076845E-006
9.6220363E-005
0.00023675831
0.00029322834
0.00025501923
0.00019875732
0.00012818215
6.8608904E-005
-6.1050164E-006
-9.1276175E-005
-0.00017743107
-0.00031858427
-0.00044663824
-0.00050819374
