0.002741134
-0.0030777415
0.00062645803
-0.0018751946
-0.0042334534
-0.0038867313
-0.0092959385
-0.011843255
-0.0089664645
-0.014882399
-0.019579308
-0.014767496
-0.020853117
-0.029862825
-0.023272347
-0.024805671
-0.037498854
-0.031446718
-0.026239343
-0.043956667
-0.043134812
-0.026201045
-0.041275498
-0.047312547
-0.010205979
-0.00076747674
-0.015570106
0.035112843
0.10440632
0.090603046
0.051885702
0.043821502
0.00074043014
-0.055255421
-0.059383471
-0.074096635
-0.1028422
-0.05658761
0.0054333741
-0.0045250701
-0.0077122692
0.034132
0.043142471
0.035376739
0.059950281
0.058595765
0.026791494
0.031402007
0.026178025
-0.031181863
-0.05483574
-0.033504676
-0.047731426
-0.065405749
-0.030500954
-0.0027350832
-0.007193462
0.0057574152
0.018080467
-0.00052803347
-0.013138263
-0.01265697
-0.021691086
-0.021153305
-0.0069728936
-0.0028197507
0.00085633353
0.0069253766
-0.0052900556
-0.014318077
0.00019365968
-0.0010526837
-0.025995318
-0.030269161
-0.025229737
-0.043483261
-0.051469069
-0.031127036
-0.02198752
-0.019296896
0.012756227
0.040374875
0.029077237
0.020474413
0.027318627
0.016369503
0.010624309
0.03124523
0.032119475
0.0012513816
-0.020271337
-0.030035954
-0.039475553
-0.024438821
0.0084467866
0.018561749
0.014860088
0.021975309
0.027836354
0.034068517
0.050016068
0.053875733
0.039196301
0.029728532
0.031296086
0.034372691
0.037709441
0.040189184
0.043059926
0.048864458
0.044668797
0.027646838
0.02209889
0.027316665
0.017534105
0.0038559579
0.0065126088
0.0077760038
0.0026539466
0.013672269
0.03006034
0.029875331
0.033463839
0.048386641
0.042974479
0.022317322
0.020107636
0.024282645
0.013523791
0.0061191488
0.0045328792
-0.012009035
-0.02809727
-0.027736433
-0.033611972
-0.045281786
-0.038744524
-0.031074651
-0.041044004
-0.039458688
-0.018699395
-0.012362094
-0.013545606
0.0026454821
0.010255096
-0.0067848996
-0.015497874
-0.01238664
-0.028144134
-0.049497861
-0.049255501
-0.049631037
-0.064288348
-0.066710703
-0.057527494
-0.060895603
-0.067805327
-0.061590187
-0.057554744
-0.067964628
-0.076663136
-0.074403755
-0.069128774
-0.060485307
-0.04586567
-0.032401007
-0.021481818
-0.011878628
-0.013719621
-0.023777692
-0.023841647
-0.022291701
-0.03236451
-0.033604592
-0.017729571
-0.0078440318
-0.0035893647
0.012089288
0.026745867
0.028657528
0.029621953
0.02534394
0.0095120454
0.0056395628
0.017994087
0.020446595
0.016272411
0.019754848
0.01660924
0.010503818
0.020165309
0.022184217
0.0040459805
0.0062045162
0.029411837
0.030948907
0.027290642
0.044558197
0.04376293
0.019188225
0.019787602
0.033392563
0.023334423
0.02202986
0.047178503
0.056063242
0.049821638
0.061646052
0.069444053
0.056271926
0.052726511
0.057562053
0.046030644
0.036163613
0.041463669
0.033517819
0.010027827
0.0041042021
0.015725277
0.020899983
0.020987988
0.024675548
0.023773458
0.01246772
-0.0040569659
-0.018609241
-0.022855796
-0.018422859
-0.018823206
-0.021862943
-0.014960962
-0.0057238908
-0.004699918
-0.0031159436
0.0058764527
0.01626445
0.021936113
0.021001942
0.017575126
0.014959091
0.0075265798
-0.00025376066
0.0056345835
0.015438588
0.013897651
0.01530522
0.024232265
0.018422119
0.0046595591
0.0075975833
0.014258893
0.0069920886
-0.00096163474
-0.0058408072
-0.017759023
-0.023360932
-0.013087896
-0.0076117478
-0.011683407
-0.010696332
-0.013760597
-0.024730939
-0.02268949
-0.016420783
-0.02788965
-0.036813121
-0.030430155
-0.032050479
-0.039797146
-0.036788251
-0.036090482
-0.041529246
-0.03505858
-0.025307892
-0.029833347
-0.035267781
-0.030915473
-0.028340952
-0.029023685
-0.025504515
-0.022543611
-0.025211928
-0.027794413
-0.023109142
-0.011835824
-0.0049629263
-0.0093341358
-0.013550729
-0.0092844497
-0.0085045574
-0.014705885
-0.014441102
-0.011158397
-0.015678596
-0.016371502
-0.0054568183
0.0026339085
0.0018005389
0.0012863487
0.0013852972
-0.0052180961
-0.016611625
-0.025521714
-0.025719104
-0.014596833
-0.0050020032
-0.0095558232
-0.014098427
-0.0075855148
-0.0042876499
-0.0067276866
-0.0032171116
0.0001785396
-0.00389434
-0.0036291394
0.0051309406
0.010099065
0.011475541
0.017851084
0.023511376
0.024954181
0.032826416
0.048080638
0.055719327
0.049399365
0.039649449
0.034063593
0.028726097
0.02374455
0.024962328
0.027018253
0.02098971
0.013129028
0.010849391
0.0088605462
0.0057569854
0.0071691019
0.0079372777
0.00083106675
-0.004513951
-0.0013595802
-0.0021551538
-0.0093877548
-0.0094654653
-0.0056868591
-0.006745629
-0.00011285899
0.014859688
0.01841511
0.019294903
0.034280233
0.040140696
0.025686303
0.02028008
0.023437887
0.01272315
0.010686001
0.032262176
0.041771337
0.035366472
0.045100279
0.056397263
0.044386651
0.035834044
0.043600485
0.037469618
0.022805898
0.025321165
0.023562962
0.005399466
-0.0016710472
-0.0017467402
-0.014025533
-0.017285945
-0.0031086067
0.0013479398
-0.0022747596
0.0015843837
-0.0023109042
-0.017548228
-0.025431981
-0.029534362
-0.038518783
-0.040527936
-0.035373736
-0.037470326
-0.040352494
-0.030906668
-0.020453596
-0.020782119
-0.02359001
-0.025975961
-0.031229677
-0.031240789
-0.027360296
-0.029672816
-0.030552568
-0.028679302
-0.038167331
-0.047337785
-0.037519403
-0.026640229
-0.029288372
-0.027673885
-0.019570677
-0.022734798
-0.027640432
-0.017183123
-0.0071413391
-0.010153806
-0.010181724
-0.0041894624
-0.006565209
-0.012001396
-0.011181849
-0.013964474
-0.020747628
-0.019751336
-0.016881235
-0.020250957
-0.022183299
-0.019943409
-0.015397578
-0.0047723255
0.0076752584
0.014964774
0.01893029
0.016913112
0.0085125547
0.0080650756
0.016653864
0.017279604
0.013137134
0.017259346
0.020492364
0.018231656
0.021488272
0.024472555
0.019367967
0.019246578
0.023896666
0.01772574
0.011836316
0.018966999
0.019505152
0.011144815
0.015437031
0.02079392
0.012330291
0.010517599
0.01742965
0.014542252
0.015483065
0.029556151
0.030980203
0.020074716
0.021699723
0.025750725
0.019426979
0.021113614
0.031403594
0.031607211
0.029702865
0.035452444
0.032234591
0.018332178
0.010249767
0.001178633
-0.015225811
-0.020754108
-0.015929604
-0.016880034
-0.013218878
0.00018156276
0.0033467952
0.0012124672
0.010702939
0.012692077
-0.0044832714
-0.014628768
-0.012272707
-0.017720554
-0.023969494
-0.018550765
-0.016419904
-0.019847831
-0.013568859
-0.0092842812
-0.019737478
-0.021725994
-0.0088724112
-0.009530318
-0.018939879
-0.0099696638
0.0001823192
-0.0098971752
-0.015691223
-0.0058882521
-0.0045453939
-0.010590759
-0.0061742044
-0.001624489
-0.0061377324
-0.0082065091
-0.0098892134
-0.017077086
-0.015504492
-0.00687169
-0.011142191
-0.016885934
-0.0057150032
0.0013123718
-0.0072812247
-0.0059671504
0.0022085807
-0.0090458812
-0.0231594
-0.019038411
-0.015967378
-0.019637799
-0.010105342
0.0045204409
0.0037275921
0.0022141673
0.014434744
0.020374198
0.0122135
0.0064737783
0.0036040696
-0.0031688283
-0.0062712911
-0.0039915428
-0.0042238729
-0.0022155396
0.0073285475
0.013761679
0.014726864
0.018608529
0.017928725
0.0035898443
-0.01123732
-0.014643275
-0.014255016
-0.013240146
-0.0066246809
-0.0034332999
-0.011006298
-0.014509695
-0.0057360576
0.0010015928
0.0014095823
0.0068280189
0.013772352
0.012164097
0.010396423
0.013950844
0.011188861
0.0033872635
0.0033478346
0.0067828717
0.0044793249
-0.001057472
-0.0070972177
-0.013087572
-0.014744407
-0.010996292
-0.006545072
-0.0010331543
0.0090909991
0.018092597
0.020263171
0.021782737
0.024841554
0.021388458
0.012640302
0.0068141636
0.00063883932
-0.0084130717
-0.010410547
-0.0053173662
-0.002411921
0.0024036185
0.008592492
0.0030348336
-0.0053097452
0.0024952181
0.012601527
0.0072495099
0.0036411039
0.010485076
0.0066147987
-0.0057327361
-0.0059971833
-0.0024010064
-0.0031841211
0.0048387903
0.015571504
0.014712111
0.015073143
0.01992997
0.012626186
0.004898448
0.011294975
0.0097752651
-0.0027839432
-0.00064351247
0.0074533173
0.0037294114
0.0058236504
0.01654697
0.013965141
0.0068167401
0.010792999
0.010104337
0.002112492
0.004085558
0.0075737676
0.0015430321
-0.00042366746
0.0015231956
-0.0053620269
-0.0094772177
-0.0021210175
-0.00038295009
-0.0057489546
-0.003831943
-0.0029801535
-0.010327945
-0.010603768
-0.0046266676
-0.0071579642
-0.010294015
-0.0064096381
-0.0089317393
-0.015676348
-0.011653145
-0.0072043492
-0.012715685
-0.015618085
-0.014387579
-0.017110446
-0.016828645
-0.0099029178
-0.0042223628
-0.0003187157
0.0030791615
-0.00013574881
-0.0082237571
-0.012025252
-0.012043608
-0.011489119
-0.0084409956
-0.0066839615
-0.0084419288
-0.0055377199
3.5300851E-005
-0.0037279963
-0.011663488
-0.011810051
-0.010277674
-0.013604429
-0.013213709
-0.0075865556
-0.0050184913
-0.0030627935
0.0015494009
0.0024487909
4.7936268E-005
3.3767748E-005
0.00045322941
-4.4339187E-005
0.00094057538
0.0017856059
0.0040652109
0.011547534
0.016505502
0.015589796
0.020870728
0.030311767
0.027816029
0.018863356
0.018473119
0.019365605
0.013873404
0.012887836
0.016565969
0.013758251
0.011093446
0.014882836
0.011921504
0.001190556
-0.0019397003
-0.00062910601
-0.0038221576
-0.0011860167
0.0089371894
0.012297506
0.010463945
0.011688865
0.011318147
0.010177343
0.013561193
0.012157671
0.0036773533
0.0037051726
0.0088739395
0.0027594613
-0.003939704
0.00015290287
-0.0014985196
-0.011398707
-0.0099530043
-0.0021931387
-0.0053491485
-0.0086865583
-0.0027047365
-0.0020371024
-0.0077748885
-0.0084565785
-0.010306143
-0.015622891
-0.012155501
-0.0034507758
-0.0019032505
-0.0022542437
0.00098748668
-0.00081431522
-0.006581869
-0.0060580559
-0.0033591818
-0.0047782436
-0.0052026259
-0.0056315395
-0.012209934
-0.017906468
-0.015603871
-0.013433406
-0.014558643
-0.011490899
-0.0082926238
-0.011668384
-0.012588557
-0.0074914391
-0.0068074274
-0.0087528415
-0.0041663703
0.00024191801
-0.0013070785
0.00029611451
0.007081754
0.011675267
0.014612431
0.016929377
0.014016112
0.0083715748
0.005699825
0.0037069619
0.0022908791
0.0060214
0.0099797724
0.0079140663
0.0057514999
0.0071476744
0.0071555539
0.007097878
0.0094521903
0.0081665581
0.0054672994
0.0087659257
0.0092230747
0.0022839524
0.0010924815
0.0049462765
0.0020090314
-0.00029938345
0.0068510557
0.011918181
0.0093521494
0.0090098456
0.010371214
0.0074597085
0.0057943165
0.0067199697
0.0034843786
5.8474652E-005
0.0022724615
0.0028289161
-0.00050189381
-0.00022498757
-0.00052505522
-0.0057044365
-0.0044062249
0.0022122466
-0.0010088035
-0.0080644898
-0.0069856886
-0.007048001
-0.011337806
-0.0063250093
0.0044800891
0.0066277683
0.0068929158
0.012675802
0.011962806
0.0045973877
0.0034312829
0.003609905
-0.0013167622
-0.0012617082
0.0035049289
0.0012283556
-0.0018238142
0.0034769734
0.0064126793
0.0026220344
0.0020855868
0.0029142541
-0.00055951229
-0.0017367952
-0.00032737775
-0.0036760804
-0.0062153502
-0.0027604701
-0.0021015604
-0.0046486477
-0.0020146081
0.00083921937
-0.00095586391
0.0020324781
0.0094563412
0.0098196538
0.0063572102
0.0041423445
-0.0025785305
-0.0087411599
-0.0068944721
-0.0057932488
-0.0074169827
-0.0019956001
0.0055969912
0.0064659123
0.0067547825
0.0085480558
0.0067980909
0.0060907751
0.0083162375
0.0051658191
-0.0018205619
-0.0042004827
-0.0065445723
-0.012593998
-0.013172069
-0.0089290841
-0.0096163452
-0.011149602
-0.0079267845
-0.0071137943
-0.0090595204
-0.0046904138
0.0014396321
-0.00080199545
-0.0051397658
-0.0043453737
-0.0054711825
-0.010709941
-0.012458533
-0.011381555
-0.012052831
-0.012277215
-0.011727053
-0.012496106
-0.011389956
-0.0066383774
-0.0029005066
-0.00079607597
0.0031586771
0.0043326258
-0.00048363942
-0.0025808688
-0.00050212583
-0.003466612
-0.0084457342
-0.0062050717
-0.0027980516
-0.0051576328
-0.005020611
-0.00062496425
-0.0017436449
-0.0044345767
-0.0004494006
0.0020569523
-0.00093810773
-0.00010219135
0.0029466378
0.00051871553
-0.001421714
-0.00031244141
-0.0039586746
-0.0080888635
-0.0044533559
0.00027811664
0.0019191286
0.0067103948
0.011490774
0.0095806913
0.0077904449
0.010389414
0.0100639
0.006800584
0.0075850952
0.01018243
0.0094595132
0.008465237
0.009961172
0.010972986
0.0093787238
0.0048312657
-0.0016712133
-0.0057903435
-0.0060454411
-0.006210546
-0.0059257988
-0.0021335848
0.0017284937
0.0028739502
0.0041229543
0.004503197
0.0026041563
0.0025962796
0.0039430889
0.0030379619
0.0037418907
0.0074738353
0.0083806748
0.0074807154
0.009861147
0.012030368
0.010862265
0.010966549
0.012840299
0.012015946
0.009966692
0.0095326016
0.0086851027
0.0067798034
0.0038034539
-0.0017604174
-0.0059100459
-0.0054337657
-0.0063349269
-0.0092425002
-0.0067670168
-0.0021851694
-0.0016946094
2.926928E-005
0.0028083401
-0.00063896441
-0.0047766054
-0.0035903158
-0.0049372637
-0.0095070554
-0.0085134283
-0.0066346559
-0.0095377918
-0.0078390306
-0.0012494964
-0.00046308275
-0.0016095066
0.0019739564
0.003751243
0.0024075308
0.0029909492
0.00084137014
-0.0045229308
-0.0036378857
-5.2074942E-005
-0.0026366177
-0.004952203
-0.0028665322
-0.0041365256
-0.0079684388
-0.0079996232
-0.0078074108
-0.0091653457
-0.0086168358
-0.010081124
-0.014067451
-0.012943404
-0.0097183678
-0.010821028
-0.0095555298
-0.0035326334
-0.0012565771
-0.0013358736
0.0011155041
-2.244351E-006
-0.0039624623
-0.0017443661
0.0017892714
4.5279412E-005
0.00054968009
0.0034942511
0.0006824921
-0.0016417378
0.0028005715
0.0046438961
0.0011674301
-0.0002492319
-0.00074358255
-0.0012683781
0.002466782
0.0049500451
0.0026595201
0.0051594758
0.010969062
0.0093092583
0.0077935113
0.015008292
0.017832775
0.011054639
0.0086408909
0.010661707
0.0068887253
0.0030713966
0.0036352
-8.1159109E-005
-0.004679719
-0.00096018967
0.0023036681
-0.00032039743
0.0012751684
0.0049166838
0.0011703748
-0.001423288
0.0033955139
0.0042131445
-0.00025537255
-0.00070981955
-0.0020612925
-0.0082410239
-0.0088980291
-0.0042809984
-0.0038096553
-0.00320762
0.00043638109
-0.00047300383
-0.0021237303
0.0015941377
0.001786464
-0.0027946113
-0.0016561593
0.0011150886
-0.0023446947
-0.0036688144
5.2505544E-005
-0.00028072772
-0.0015686577
0.002378708
0.0036983429
0.0013466474
0.0039968528
0.0063698012
0.0026170588
0.0019201329
0.0047460482
0.002639018
3.8247552E-005
0.00045911502
-0.0017743924
-0.0027652783
0.0013906314
0.0015267705
-0.002323197
-0.0011049834
-0.00049984065
-0.0047055506
-0.0029316321
0.0028484215
0.00088897173
-0.0032043965
-0.0028014316
-0.0045462023
-0.0075355973
-0.0058268784
-0.0048661991
-0.0060488479
-0.0025970212
0.00066758768
-0.0013273815
-0.0005912378
0.0026082168
9.8249569E-005
-0.0025151749
0.00038790811
0.00067130936
-0.0025471009
-0.0018309092
-0.0012299968
-0.0051808632
-0.0061099902
-0.0025284935
-0.0013848767
-5.7909045E-005
0.0049331388
0.006415219
0.0036646256
0.0043148086
0.0057692584
0.0023334161
-0.00018654716
0.0020474391
0.0022211364
-0.0011201546
-0.0013007558
0.0015009932
0.0012053245
-0.0023299027
-0.0047770147
-0.0050089927
-0.0048891427
-0.0055271913
-0.0059143784
-0.0046072663
-0.0025567359
-0.0018635858
-0.0020066474
-0.0013676218
-0.00075761537
-0.00097355031
-0.0008460891
8.4133804E-005
0.0012606841
0.002481069
0.0035410638
0.0036489328
0.0023589216
0.0012544192
0.0017537981
0.0026093961
0.0028969289
0.0026770125
0.00067506969
-0.002236797
-0.0023147543
-0.0008250972
-0.0021662666
-0.0033369651
-0.00031838747
0.0023964457
0.0027215297
0.0044754623
0.0055341171
0.0029913145
0.0013701868
0.0020176242
0.0019145659
0.0033068121
0.0061231148
0.0042984816
0.00086155761
0.0034062113
0.0061981506
0.0028375282
0.00061560574
0.0022121184
0.00046312649
-0.0024245174
-0.00082902104
-0.00014669527
-0.0022366592
-0.00099543296
-4.8321774E-005
-0.0035829353
-0.0026042962
0.0033745174
0.0032904127
0.00075966114
0.0041614245
0.0059657404
0.0024864187
0.0031214773
0.0068451879
0.0059799161
0.005276443
0.0075593027
0.0060919616
0.0019040658
0.00011464165
-0.0015079327
-0.0035319279
-0.0031871728
-0.0033475477
-0.005364113
-0.0036366521
0.00045806699
-0.00040483018
-0.0027118053
-0.0006150885
0.00093425391
-0.00032455046
0.00030406163
0.00071908318
-0.0021727837
-0.0029606379
-0.0015143948
-0.0040854858
-0.0067817029
-0.0046485136
-0.0035159795
-0.0045569572
-0.0021519689
0.00074973627
-0.0006304062
-0.0025137793
-0.0032718754
-0.0057059582
-0.0073901205
-0.0058673471
-0.0039653815
-0.0024798536
-0.00089488982
-0.0016398025
-0.003317456
-0.0016297988
0.00011118417
-0.0023926201
-0.0043261996
-0.0030787564
-0.0038178689
-0.0061571137
-0.0054116976
-0.0046747313
-0.0069349771
-0.007015544
-0.0037057926
-0.0029736327
-0.0053856107
-0.0063386713
-0.0055406396
-0.0053508435
-0.0051595643
-0.0038633349
-0.0036934388
-0.0058327471
-0.0062463032
-0.0023281663
0.0017330751
0.0025202357
0.0030196167
0.0049432605
0.0057241763
0.0055282689
0.0056246729
0.0040575108
0.00082282443
-0.0005258398
0.00090400607
0.0023138786
0.0022644005
0.0019341521
0.0029937285
0.0054567643
0.0064111627
0.0045665773
0.0029664391
0.002754994
0.0019524635
0.00062222109
-0.00029905097
-0.0014225078
-0.0020100113
0.00013863278
0.004372817
0.0075109517
0.0081587546
0.0072273612
0.0057403822
0.0039882082
0.0023364578
0.0016619166
0.001626777
0.0010680512
0.0010144579
0.0023664655
0.0025769323
0.0008746013
0.00053745153
0.0014661838
0.00051935349
-0.00077667291
-0.00017222094
-0.00052469067
-0.0021872751
-0.0014932817
-0.00012938546
-0.0012395662
-0.0021117174
-0.0014548458
-0.0021697613
-0.003277868
-0.0021365357
-0.0022530621
-0.0055893315
-0.0070244786
-0.0058209561
-0.0058092899
-0.0055729765
-0.0038293067
-0.0035313403
-0.0040830187
-0.0030977686
-0.0030008957
-0.0047334563
-0.0052265236
-0.0054954858
-0.0071637989
-0.0063526817
-0.0026657598
-0.0012904878
-0.001492521
0.00063413131
0.0019476452
0.00060038088
0.00085665961
0.0014264071
-0.00090250158
-0.0017966608
-1.0534535E-005
-0.00031712034
-0.0013257983
-1.6258435E-005
-0.00047575508
-0.0032636467
-0.0029611078
-0.0011060265
-0.0013648001
-0.0003811341
0.0018322663
0.00075477944
-0.00089802261
0.00014774263
-8.1479295E-005
-0.00089433399
0.0023569514
0.0053898711
0.0046608099
0.0054349913
0.0078120967
0.0071464889
0.0066480553
0.0090291202
0.0086888922
0.0051907133
0.0047975429
0.0058610691
0.0039700591
0.0031541991
0.0049873278
0.0040851207
0.0017742454
0.0030216344
0.0043524066
0.0024152589
0.00058996916
-0.00016723225
-0.00085325853
4.8144069E-005
0.00096888671
-0.00015787677
7.0438895E-005
0.0025026004
0.0034245765
0.0035612944
0.0045100059
0.0035766002
0.0017062243
0.0024802608
0.0032757123
0.0016526296
0.0012947137
0.002796036
0.0027307193
0.0025067183
0.0042468328
0.0049416134
0.0036009788
0.0029209044
0.002327824
0.00040683552
-0.00072236615
-0.00065924472
-0.0014578154
-0.002141088
-0.0017302101
-0.0020314539
-0.0024993019
-0.001753434
-0.0019873537
-0.003902765
-0.0048477449
-0.0050838655
-0.0064328066
-0.006854217
-0.0052175703
-0.0044511538
-0.0045619705
-0.0031255563
-0.0017439879
-0.0016568349
-0.00024390139
0.0019781522
0.0015435873
0.0002527358
0.0014950293
0.0022817277
0.00029066909
-0.00051504525
0.00099050696
0.0013522751
0.0012996603
0.0033043472
0.0047042132
0.0037760355
0.003343815
0.0030926047
0.0011921191
0.00045890833
0.0022001334
0.0034837534
0.0040489272
0.0054900558
0.0059854998
0.0040946542
0.0020890511
0.0008499861
-0.00042684731
-0.00084549724
-0.0010847605
-0.0027698111
-0.0041629965
-0.0044476027
-0.0056084096
-0.0066334847
-0.0055345008
-0.0047367872
-0.0056485878
-0.0054719159
-0.0046099108
-0.0056995219
-0.0063498826
-0.0046865805
-0.004003047
-0.0046271593
-0.0037003881
-0.0026997142
-0.0029947562
-0.0019311643
-0.00029840862
-0.0010776046
-0.0016740442
-0.00024216868
-0.0010869352
-0.0040888167
-0.0037514467
-0.0017927283
-0.0025316265
-0.0026690671
-0.00080589525
-0.001418855
-0.003379914
-0.0028678186
-0.0026562344
-0.0041066958
-0.0031277903
-0.00037004845
0.00028520019
0.00028943951
0.0014156599
0.0018640931
0.0019017385
0.0026933507
0.00245771
0.0012695794
0.001350794
0.0010871966
-0.00070606585
-0.0005951983
0.0018491668
0.0030519569
0.0031181981
0.0040547908
0.0044867317
0.003594456
0.0031450323
0.0028388472
0.0016857348
0.0010263273
0.0011486296
0.00073475763
0.00022523911
0.00080454606
0.0016890516
0.001915127
0.0023177059
0.0035716293
0.0049854326
0.0057638157
0.0057714875
0.0049900254
0.0038397261
0.0036486676
0.0039386796
0.002662061
0.00092293287
0.00084759039
0.0011115562
0.00059297064
0.00066550478
0.00099090522
-0.00043164511
-0.0021926102
-0.0011824697
0.00089919515
0.0005947192
-0.00041164047
0.00042644996
0.0011620048
0.00043638618
0.00011891158
0.00042654452
8.419744E-005
-0.00027293977
-3.6005884E-005
0.00014230861
0.00038388686
0.00074643863
0.00054189889
0.00051001797
0.0012425676
0.0012571306
0.00073909113
0.0018130135
0.0032763227
0.0019292452
-0.00070790236
-0.00099349534
-0.00044664342
-0.0016508095
-0.0028464086
-0.0028064956
-0.0031868827
-0.0040478888
-0.003779466
-0.0030889793
-0.0031793481
-0.0025724547
-0.00076331117
-4.7492426E-006
-0.0011831593
-0.0025784734
-0.0028633317
-0.0028759867
-0.0037773445
-0.0047101807
-0.0043842788
-0.0034401123
-0.0025244872
-0.0011881423
-0.00020255294
-0.00033645553
-0.00042668285
1.5512171E-005
0.00027929834
0.00037236049
0.00022846147
-0.00040861985
-0.00059520133
0.00017334986
0.00038183111
-0.00048789399
-0.00094096753
-0.0010403498
-0.0016167011
-0.0015061817
-0.00047314411
-0.00024254176
-0.00039682601
0.00076462037
0.0019934024
0.0017486123
0.0015934502
0.0021912842
0.0019024934
0.0010307842
0.00071034278
5.1729632E-005
-0.00066310697
6.4409905E-005
0.0010222249
0.00096436462
0.0011455301
0.001783442
0.0018223339
0.0012819673
0.00048674864
-0.00021887411
-0.00012359153
0.00016614658
-0.0005472381
-0.0011916584
-0.00083643204
-0.0010146806
-0.0016045736
-0.001056328
-0.00086057925
-0.0021023443
-0.0025814513
-0.0019378089
-0.0016702282
-0.00079257682
0.001047632
0.0015517987
0.0010202439
0.0013251733
0.0011212087
2.0366238E-005
0.00029256096
0.0011989155
0.0011368626
0.0016683984
0.0020856427
-4.8130081E-005
-0.0016539162
-0.00050718873
-0.00072325813
-0.0023071761
-0.0012744528
-2.8290251E-005
-0.0013094867
-0.0018182158
-0.0011892843
-0.0021839235
-0.0025146878
-0.00082602806
-0.00084867282
-0.0022889492
-0.0022740392
-0.0025925981
-0.0037022661
-0.0027841586
-0.0011151523
-0.00090000109
-0.00011984575
0.0016457903
0.0020914811
0.0017018784
0.0017774856
0.0015932479
0.0011820649
0.0010547359
0.00071374088
0.0003065778
7.3299125E-005
-9.0754285E-005
0.001019605
0.0034613104
0.0046834215
0.0043793186
0.0046317899
0.0048714941
0.0041508214
0.0040740841
0.0041766297
0.0025510348
0.00089605636
0.00053830846
-0.00050074025
-0.0018309385
-0.0014141083
-0.0010272524
-0.0019240378
-0.0015404411
-0.00022746369
-0.00058049208
-0.00078785245
0.00042040533
3.1600572E-005
-0.0015702824
-0.00093619915
0.00035907747
-0.00025313726
-0.00054999132
-0.00026482693
-0.0017114527
-0.0027140127
-0.0015936447
-0.0012456889
-0.0016981609
-0.00050781871
0.00056152185
-0.00057263358
-0.0013694833
-0.00052199012
-0.00042858897
-0.00093742757
-0.0003608081
-1.2941758E-005
-0.000359161
0.00040722988
0.0016004938
0.0012657654
0.00046587116
0.00050366257
0.00010360716
-0.00085394247
-0.00081210455
-0.00028567127
-0.00033383653
-0.00023340416
0.00015742556
0.00020062388
0.00035353814
0.00046067464
-0.00042118042
-0.0010654602
-0.00012567831
0.00062152295
-0.00015038348
-0.00056287769
0.00034929634
0.00074299547
0.00028294465
0.00043514106
0.00029355497
-0.00097233301
-0.00096409098
0.00077099877
0.0014449654
0.00097244914
0.0016380028
0.0035830252
0.0050521577
0.0048757792
0.0038285381
0.003473266
0.003653974
0.0032843465
0.0026188777
0.0021307652
0.0014523871
0.0010184838
0.0014194032
0.0016382547
0.00095667562
0.00032256547
0.00027005558
-4.8536425E-005
-0.00084293523
-0.00096780394
-0.00025025546
0.00019616149
6.5299544E-005
-9.7522488E-006
0.00032629972
0.00057928957
0.00059388968
0.0011688261
0.0017707611
0.0010056694
-0.00032845003
-0.00055829826
5.9277078E-005
0.00021140084
-0.00044201288
-0.0012871714
-0.0016027807
-0.0011874153
-0.00086365448
-0.0012450339
-0.001803361
-0.0021658421
-0.0021881759
-0.0016323689
-0.00086340174
4.5126755E-005
0.0011404647
0.0011773558
-0.00019261727
-0.00097969139
-0.00030576962
-5.7927115E-005
-0.0011029572
-0.0012816371
-5.6189958E-005
3.6150075E-006
-0.0010073427
-0.00087309896
-0.00079016201
-0.0022394103
-0.0030528749
-0.002127287
-0.0013399213
-0.0010274645
-0.0004284131
-0.00035955588
-0.0005731394
0.00042435978
0.0016522234
0.0014170342
0.00069796492
8.6063978E-005
-0.0012998731
-0.0019485552
-0.00082805671
-0.00051804871
-0.0014702483
-0.0013392473
-0.00064352568
-0.00064258999
0.00017120141
0.0014217296
0.00075309974
8.2308361E-005
0.0014090068
0.0016486871
0.000446794
0.0014396855
0.0030949288
0.0019952536
0.00066741003
0.0014729012
0.0021812664
0.0021874965
0.0027850405
0.0026297113
0.0012718668
0.0014530373
0.002872224
0.002645493
0.0017417324
0.0017000901
0.0010082478
-1.9721834E-005
0.00033356628
0.0005331838
-0.00031349098
-2.0207146E-005
0.00076197728
-0.00014367307
-0.00093599636
-0.000476532
-0.00079957087
-0.0012995331
-0.00033656706
0.00011732688
-0.00067563582
-0.00048795302
-0.00014500353
-0.0016340462
-0.002592704
-0.0013540939
-0.0010144325
-0.002403189
-0.0025048864
-0.0013580803
-0.00063917111
0.0001602125
0.00040209974
-0.00079023861
-0.0013142521
-0.00085115532
-0.0019381691
-0.0034828703
-0.0028592213
-0.0015648589
-0.0011796923
-0.0009538898
-0.0010735586
-0.0015335026
-0.0011657635
-0.00024233243
0.00011378862
0.00027903693
0.00082261494
0.00065386947
-0.00063006656
-0.0013978176
-0.0010152472
-0.00059842947
-0.00039630738
0.00049877056
0.0017469506
0.0021219887
0.0019895239
0.0020250592
0.0016865843
0.0010059907
0.00092896493
0.001219662
0.0004885883
-0.00092383754
-0.0013182161
-0.0005764995
0.00083794503
0.0027186028
0.0035335661
0.0026870365
0.0024127725
0.0030658534
0.0021716233
0.00041404014
0.00025626179
0.00071688864
0.00067915634
0.0010716625
0.0012048231
0.00028173541
0.00017511414
0.0010869888
0.00079808966
0.00010895281
0.00057419628
0.0006173338
5.3487154E-005
0.00046419969
0.00086962117
0.00039377346
0.00071099366
0.0016930685
0.0012090803
0.0004560932
0.0013536171
0.0018232791
0.0010486449
0.0010900331
0.0013876986
0.00069326931
0.00028539155
0.00052745827
0.00039951722
0.00048967818
0.00097969209
0.00025201507
-0.0008684062
-0.00024343673
0.00042003166
-0.00057871087
-0.00085422676
0.00027343174
0.0002274249
-0.00056770653
-0.00021131687
-3.4006414E-005
-0.0006405575
-0.00037274836
7.1145158E-005
-0.00056677859
-0.00078688358
-0.00020076545
-0.00027823512
-0.00047468836
-0.00010014218
-0.0004709776
-0.0016514802
-0.0023125114
-0.0024899347
-0.0025492467
-0.0021798746
-0.0015725879
-0.00091004046
8.7969092E-005
0.00060557708
-0.00055946427
-0.0021633627
-0.0022360678
-0.0015244766
-0.0014847751
-0.0017637747
-0.0015919266
-0.0010125546
-0.00053946563
-0.00076373131
-0.0016556245
-0.0022593278
-0.0021709236
-0.0018512397
-0.0013838221
-0.0010384407
-0.0010152739
-0.00069737638
-0.00035676296
-0.00075633591
-0.0010152501
-0.00038031768
-6.9667403E-005
-0.00045680138
-0.00019348075
0.00053811347
0.00065317343
-0.0001466664
