-0.006579,
-0.031742,
-0.003571,
-0.007183,
-0.001919,
0.003048,
0.008524,
0.012936,
0.015159,
0.014323,
0.010030,
0.002579,
-0.006996,
-0.016932,
-0.025134,
-0.029380,
-0.027762,
-0.018990,
-0.002863,
0.019784,
0.047029,
0.075994,
0.103406,
0.125901,
0.140676,
0.145830,
0.140676,
0.125901,
0.103406,
0.075994,
0.047029,
0.019784,
-0.002863,
-0.018990,
-0.027762,
-0.029380,
-0.025134,
-0.016932,
-0.006996,
0.002579,
0.010030,
0.014323,
0.015159,
0.012936,
0.008524,
0.003048,
-0.001919,
-0.007183,
-0.003571,
-0.031742,
-0.006579,
