-0.058744788
-0.011046452
-0.083765179
-0.081893608
-0.053367473
-0.15905944
-0.049655948
-0.16920592
-0.12561511
-0.096277967
-0.25117937
-0.051155705
-0.26423743
-0.1829477
-0.11419658
-0.40011698
-0.015012816
-0.39520752
-0.24846253
-0.019009115
-0.62541962
0.2144402
-0.3438459
-0.2814357
0.6769166
-0.59342712
0.78361982
0.92509013
-0.60746551
0.56461215
0.05922275
-0.375155
0.17348722
-0.097810827
-0.15916699
-0.11188914
0.076191649
-0.045786139
-0.10650673
0.13870423
0.034209851
-0.09745495
0.022502899
0.10399067
-0.05601383
-0.059734706
0.08460407
-0.062027566
-0.098104522
0.077816792
0.020370055
-0.057250079
0.050527856
0.088408872
-0.033724349
-0.0093504591
0.091591492
-0.04193132
-0.047246229
0.029416306
-0.030337423
0.0023997379
0.032287624
0.028570047
0.02414394
0.038563393
0.051948048
0.034368072
0.082300328
0.080544658
0.060462747
0.0685267
0.022059085
0.042430662
0.017913217
-0.032294825
-0.0062155658
-0.0049435166
0.0081851054
-0.00063681277
0.04850398
0.057714731
0.0042193346
0.036888879
0.011613547
0.011063493
0.013240617
0.0026287369
0.015324401
-0.031721108
0.0060764304
0.013731352
-0.021045752
0.008484575
0.01109626
0.0012468526
0.0008294399
0.029522341
0.029341567
0.011922047
0.021661513
0.007964842
-0.0092190132
0.0033719696
0.017189244
-0.0080884313
-0.0020568185
0.01125569
0.0082692448
0.007342706
-0.001432994
0.031360824
0.004211178
-0.0011516222
0.03009926
-0.011644832
0.0052512032
0.0074047367
-0.0061423806
-0.020254515
-0.016913347
0.0033913574
-0.038162325
-0.014366231
-0.010983365
-0.027485348
0.0022166357
-0.010490998
-0.0083898474
-0.015061932
-0.015311696
-0.015848335
-0.025261216
-0.0064422991
-0.019306455
-0.013008896
-0.0016059665
-0.010769433
-0.0028749956
0.011612423
0.0095470864
0.0070431712
0.005414268
0.010447137
-0.0092232414
-0.0056556021
0.012755799
-0.023954082
-0.0042288834
0.0039092014
-0.015760513
0.0042640716
-0.0049900673
-0.004052483
-0.013764206
0.0011486369
-0.0067928163
-0.02302824
0.018849397
-0.031936251
-0.0062513324
0.015821289
-0.036253527
0.03152081
-0.0016527923
-0.015276573
0.022619706
-0.011220665
0.0080043906
0.00041712832
0.010720594
0.00027950483
-0.01532189
0.016679551
-0.0022182153
-0.0050254059
0.021313585
0.0023590438
-0.015316159
0.017542142
0.018687537
0.000476474
0.015127221
0.018346237
0.0078628948
-0.0028195293
0.020959986
0.011890922
-0.0098989457
0.01852978
-0.0049054795
-0.0083725657
0.011224642
-0.0004905691
0.010407292
-0.0012768455
0.0075074993
0.0098220762
-0.016747583
0.011545918
0.0057447641
-0.010571434
0.020255402
-0.0066003534
-0.0021893815
0.0083631305
-0.011657241
0.0044176341
-0.023132799
-0.00065951666
-0.0053586178
-0.022147272
0.011762517
-0.025474371
-0.00083175173
-0.0053474489
-0.023412766
0.024372185
-0.027163943
0.0042895637
-0.00095445791
-0.032629646
0.02644299
-0.029534046
0.0066198744
0.016318725
-0.026692297
0.029631108
-0.013308675
0.001122931
0.011881598
-0.018464068
0.014296019
-0.016246732
0.0026088688
0.0080770124
-0.021795582
0.011556527
-0.012324313
-0.018711297
6.3789892E-005
-0.014630705
-0.010163645
-0.011059802
-0.010270654
-0.0034694117
-0.0092216209
-0.0032829551
-0.0037385849
-0.01679674
-0.0049044532
-0.010369393
-0.020223612
0.0049662292
-0.0095709674
-0.01177775
0.00010713882
-0.018645721
0.0048459726
-0.0055725453
0.004895844
0.021778243
-0.011365954
0.024757914
0.014919662
-0.00022620367
0.028516216
-0.0011913095
0.017736223
0.0025723665
-0.0013844412
0.025454497
-0.012795921
0.020037144
0.015629658
-0.0019575618
0.020678403
0.0077356407
0.0089658378
0.0027726742
0.011690824
0.0045945509
0.0007596357
0.015782541
-0.0077131689
0.0050292737
0.0024591442
0.0013037905
-0.00067622541
-0.0078779254
0.018666994
-0.0081647886
0.012757761
0.011216044
-0.0075424053
0.017734149
-0.015680211
0.012629975
-0.0040701348
-0.01357001
0.025992589
-0.024593741
0.0087805837
0.0084144957
-0.018033277
0.019452559
-0.015197096
0.0085346056
-0.0014658362
-0.018548967
0.016353326
-0.030196097
0.0025543508
0.0012500982
-0.023491425
0.0078265201
-0.02136136
-0.0012067608
-0.013167876
-0.0089661321
0.013268008
-0.020335462
0.012089938
0.00209108
0.002012325
0.012351224
-0.0095221568
0.013568572
-0.017610103
-0.0054424116
0.0093812775
-0.034172904
0.010255144
-0.011408904
-0.02201486
0.0079471329
-0.018917736
0.0059011304
-0.011812064
-0.0032427358
-0.0072332704
-0.018179886
0.0038267446
-0.026992653
0.0019858372
-0.016894048
-0.015888957
0.011809159
-0.019814327
0.014025619
0.0071644643
-0.0073251924
0.010314058
0.0064397859
-0.0063483408
-0.0059772227
0.00069386925
-0.017403241
-0.005473543
-0.011043968
-0.0054610469
-0.0013251912
-0.0052569192
0.0090611298
-0.0032796997
0.011965385
0.0081597874
0.0030544947
0.014471029
0.00065011054
0.0031101916
0.0025683504
-0.0094988318
-0.003103114
-0.011867429
-0.0022491626
-0.0080128098
-0.0053600795
0.015592767
-0.013515185
0.019077666
0.006252544
-0.016620371
0.020182034
-0.014960741
0.0047974475
-0.0015278294
-0.011257734
0.010034751
-0.022012232
0.016845008
-0.0049909232
-0.011843967
0.013596905
-0.024404967
0.0078841168
-0.0067219427
-0.011827837
0.0077974168
-0.018511385
0.0092121512
0.00065678754
0.0037683817
0.01867838
0.0017487574
0.019602032
0.0092470068
0.010010689
0.017997881
-0.0029054133
0.0046653617
0.005344857
-0.0065572588
-0.0041789263
0.0030409051
-0.0028845449
-0.0030734399
0.0041381116
-0.0013463536
-0.0077503286
0.008698741
0.0019103579
-0.0095574465
0.0092584649
-0.0038356013
-0.0087656565
-7.7094104E-005
-0.0075751403
-0.0019855849
-0.011044242
-0.0070611183
0.00091378205
-0.019956909
0.004345282
-0.0051309126
-0.021817284
0.010433204
-0.015781522
-0.0078811226
0.0026912291
-0.019476648
0.0022037437
-0.019146001
-0.0048245336
-0.0025180574
-0.020166552
0.010407268
-0.016050482
-0.0036714454
0.011425533
-0.012064522
0.012834611
-0.0067202672
-0.0081601432
0.015889788
-0.026540797
0.0097728204
0.006354277
-0.030584438
0.0278157
-0.019269243
-0.0061550331
0.024016716
-0.026924714
0.021169655
-0.011115147
-0.00072841224
0.0088123186
-0.032202259
0.023895802
-0.025166893
-0.0025495165
0.012140444
-0.025509985
0.022836303
-0.014337483
0.0071670632
0.01234591
-0.019319093
0.022555303
-0.0093133878
-0.0054066335
0.0050817439
-0.013468874
-0.00074620656
-0.014052105
-0.0023410285
-0.0080120694
-0.013407755
0.0054273615
-0.014174926
-0.00051770604
0.0010608105
-0.0066267531
0.010202433
-0.0014395219
0.0078851944
0.0022323376
0.0017682308
0.0039429548
0.001
0.0
0.0
5.8341517E-005
1.#IND
1.#IND
0.0099999998
1.0
9.9999997E-005
0.0060000001
0.002982599
0.0060000001
2.9999999E-005
0.0029047639
-0.0038015745
0.0
2.0288094E-006
-5.5579483E-007
-1.1826979E-006
-1.1683753E-006
-2.8814513E-006
-9.3451291E-007
3.751263E-006
2.0248626E-006
-1.6636079E-006
-9.7903182E-007
2.8847813E-007
8.0937701E-007
1.7052713E-006
1.4316499E-006
1.4373295E-007
-8.2077122E-007
-1.6306549E-006
1.3726534E-006
1.0435943E-005
2.6041307E-006
-4.5111337E-005
-2.4051564E-005
0.00010495751
7.3118492E-005
-9.6348514E-005
-8.0175065E-005
3.0859814E-005
4.0975901E-005
-5.9347499E-006
-2.0089565E-005
1.7343737E-005
1.0165119E-005
-2.4813318E-005
4.7210528E-007
1.4944663E-005
-1.3265689E-005
-9.9440222E-006
2.0603044E-005
1.0996489E-005
-1.8257595E-005
-2.5461347E-006
5.4588859E-006
-3.3572443E-005
-2.1018597E-005
5.6144556E-005
7.9430523E-005
2.4764515E-005
-3.6479956E-005
-4.720522E-005
-3.9990348E-007
4.3653883E-005
2.9831348E-005
-2.5454186E-005
-6.8419708E-005
-5.1823659E-005
7.3769038E-006
2.7116344E-005
-1.8144742E-006
-1.2851599E-005
-1.0987992E-005
-1.7400418E-005
2.0686397E-007
2.4503779E-005
1.2645513E-005
-1.3898849E-005
-1.7697197E-005
-1.6267373E-006
1.5280666E-005
1.5436119E-005
-1.0531366E-005
-2.7446469E-005
-4.8849965E-006
1.6883454E-005
1.2017323E-005
1.782003E-006
-4.9298687E-006
-5.8139349E-006
-1.6660944E-006
6.9889279E-006
1.5014851E-005
1.4247902E-005
1.9502029E-005
1.9847806E-005
-1.1402375E-005
-2.7812135E-005
4.7972871E-006
3.2011729E-005
1.1540416E-005
-2.2848984E-005
-2.0606227E-005
7.7433024E-006
1.3913184E-005
8.2524956E-008
3.7651668E-007
5.67695E-006
-5.5100935E-007
6.1245686E-007
1.6033402E-005
1.6999586E-005
-5.816426E-006
-1.1242984E-005
1.520852E-005
2.2324182E-005
-9.3744848E-006
-2.5760186E-005
3.164067E-006
2.6764201E-005
4.4535282E-006
-2.2703809E-005
-1.2172218E-005
6.3943012E-006
-9.8576535E-008
-1.486942E-005
-2.1171963E-005
-1.2500493E-005
9.4382358E-006
1.7468688E-005
3.610794E-006
-1.0814925E-005
-1.2201968E-005
-5.2952419E-006
-3.120577E-006
-3.2986361E-006
1.0676755E-005
3.0356347E-005
1.7847156E-005
-2.1594064E-005
-3.2900152E-005
-1.3128933E-005
-4.6242676E-006
-4.2324614E-006
1.1419464E-005
2.388041E-005
8.7978979E-006
-1.4610404E-005
-2.0149404E-005
-8.6504524E-006
8.2171864E-006
1.7516873E-005
1.2181763E-005
-1.2273281E-006
-1.2072514E-005
-1.1841348E-005
-2.5058364E-006
2.7545593E-006
-8.862874E-006
-1.8382323E-005
2.0735608E-006
2.3843462E-005
1.064524E-005
-1.1882196E-005
-1.0171038E-005
-4.4649587E-006
-1.0013452E-005
3.0641124E-006
2.9169296E-005
2.2261429E-005
-1.0216945E-005
-1.8876639E-005
-5.6157569E-006
-4.7861913E-006
-8.1608159E-006
1.1617424E-006
1.1125946E-005
5.916108E-006
-7.7189379E-006
-6.9316966E-006
7.2109888E-006
8.7265953E-006
-2.7789295E-006
-1.5198075E-006
1.2049662E-005
1.101011E-005
-6.2012732E-006
-7.4473696E-006
9.7504662E-006
1.1714326E-005
-2.658938E-008
-7.2505882E-006
-6.3017305E-006
4.8492057E-006
1.0693131E-005
7.5847438E-006
7.7037475E-006
3.6998626E-006
-5.9487575E-006
-8.132487E-006
-1.1774934E-007
9.6119647E-006
9.0695166E-006
-6.1132696E-006
-1.8864732E-005
-1.1522257E-005
3.4982049E-006
6.2122235E-006
-9.0280008E-007
-8.3118348E-006
-5.32385E-006
3.8331032E-006
1.7577469E-006
-7.1090462E-006
-7.1432169E-006
1.6076498E-006
3.0873516E-006
-2.4899018E-006
5.8782948E-006
1.1336896E-005
-7.9501324E-006
-1.8529279E-005
5.7773235E-007
1.2739859E-005
-2.4278229E-006
-1.122182E-005
5.1414997E-007
8.6138298E-006
1.81383E-006
-9.2250866E-006
-7.2420239E-006
5.024795E-006
9.0136327E-006
4.1860517E-006
1.0102823E-006
4.9686773E-006
4.7647618E-006
-3.7107734E-006
-4.8593338E-006
-3.2695485E-007
4.4290647E-007
4.9522564E-006
1.3894883E-005
1.4018032E-005
-3.1597283E-006
-1.9541954E-005
-1.029809E-005
7.1695736E-006
4.5480651E-006
-7.4223244E-006
-3.4134839E-006
1.062687E-005
7.0892329E-006
-1.0966926E-005
-1.3892361E-005
-2.192291E-006
2.972396E-006
1.6264555E-006
1.6579199E-006
6.7028435E-007
-1.7584563E-006
-8.3347322E-007
3.7901702E-006
2.4006927E-006
-5.5103978E-006
-6.9993353E-006
5.3960225E-006
1.4237417E-005
9.2715288E-007
-1.2222687E-005
-4.0888458E-006
7.3102492E-006
2.7899093E-006
-7.5121661E-006
-2.9936477E-006
1.1531128E-005
1.3978492E-005
-2.1488963E-006
-1.0359568E-005
8.2000014E-008
4.0725176E-006
2.626299E-006
1.0239844E-005
1.2652159E-005
1.0773001E-006
-9.5289279E-006
-5.6322083E-006
2.5626791E-006
2.9464357E-007
-1.7693679E-006
8.5591482E-006
1.4744996E-005
6.6632958E-007
-1.6618738E-005
-1.3162977E-005
1.2765998E-006
-8.062446E-007
-4.6838504E-006
7.22088E-006
5.887809E-006
-1.3516084E-005
-1.1452213E-005
8.8770885E-006
7.8346266E-006
-8.283575E-006
-1.0584749E-005
3.89554E-007
8.0545997E-006
5.5505365E-007
-1.0579653E-005
-5.7307698E-006
1.6400302E-006
-3.3106674E-006
-3.9588072E-006
4.9947562E-006
5.2205742E-006
-3.036869E-006
-3.2678165E-006
4.759625E-006
6.6254097E-006
-2.1735946E-006
-9.5806254E-006
-9.8712535E-006
-4.4868079E-006
8.6057253E-006
1.3237013E-005
-2.5936342E-006
-1.2589525E-005
-1.2971956E-006
6.7330475E-006
-3.6105441E-006
-1.1538691E-005
2.9329494E-006
1.8106721E-005
9.3400922E-006
-8.1280205E-006
-1.2652776E-005
-2.4978028E-006
8.7527869E-006
1.052084E-005
6.0455327E-006
6.2947669E-007
2.6557263E-006
6.365814E-006
5.277069E-007
-3.1330699E-006
-2.2393097E-006
-1.7789367E-006
7.5895872E-007
-1.8738241E-006
-3.2583112E-006
-7.889891E-007
-6.7256169E-006
-5.9672143E-006
6.0358834E-006
8.0544842E-006
1.1985165E-006
-1.5345419E-006
1.0826911E-006
2.6377359E-006
5.343361E-006
8.2340703E-006
7.9043514E-007
-6.6037755E-006
-3.3278081E-006
-7.3802875E-007
2.9443081E-006
8.4950962E-006
3.9826882E-006
-2.6203033E-006
-4.175084E-007
1.3911826E-006
7.3281495E-007
4.7028338E-006
5.8236942E-006
-1.0131745E-006
-2.4663086E-006
1.9191596E-006
-2.4417766E-006
-4.6078153E-006
4.281379E-006
2.9167225E-006
-6.0898028E-006
-4.6087184E-006
-5.4086049E-006
-9.4538018E-006
-9.8951602E-007
7.4639347E-006
1.2682793E-007
-9.0759404E-006
-4.5224374E-006
8.8222981E-007
-4.1634785E-006
-3.9330657E-006
5.5660439E-006
9.746499E-006
1.3730235E-007
-1.2183605E-005
-7.9660858E-006
3.8038256E-006
6.0952239E-006
4.0885716E-006
1.1093998E-006
-2.8476018E-006
-1.338494E-006
1.2535485E-006
-3.5715384E-006
-5.446891E-006
-7.1888184E-007
-1.8044493E-006
-2.952549E-006
1.5876471E-006
2.6024816E-006
-4.683513E-006
-9.710885E-006
-1.8251799E-006
3.8541671E-006
6.5341987E-007
4.3590476E-006
8.6552936E-006
2.6577334E-006
-1.486527E-006
1.0777176E-006
4.0061977E-006
4.4599146E-006
5.2426367E-006
1.017908E-005
4.4593553E-006
-1.0379392E-005
-4.8586153E-006
7.073148E-006
-4.2985384E-006
-1.388062E-005
-1.894728E-006
3.2866405E-006
-4.957501E-006
-3.4937236E-006
4.5201223E-006
4.5920406E-006
3.7001139E-006
4.1340136E-006
4.6505943E-007
-1.0580801E-006
3.4052482E-006
7.2983516E-006
4.6118034E-006
-3.1209781E-006
-6.0991342E-006
-1.2165101E-006
3.6967049E-006
3.2691005E-006
-2.1498527E-006
-7.8494422E-006
-5.3180775E-006
4.2639422E-006
5.8189335E-006
2.2448612E-006
1.5375328E-007
-8.3519944E-006
-9.1535067E-006
5.5664132E-006
9.7463326E-006
-1.4349049E-006
-4.2723746E-006
2.331127E-006
-1.551719E-006
-1.0429888E-005
-2.6542268E-006
8.9883297E-006
4.26631E-006
-3.1487739E-006
-3.5825485E-006
-5.0095223E-006
-3.1871234E-006
3.8567118E-006
7.5181038E-006
2.9060689E-006
-4.0522386E-006
-3.2881426E-006
1.2861202E-006
8.99187E-007
1.1518115E-006
1.2378524E-006
-6.1313372E-006
-6.2869781E-006
6.9402695E-006
8.6664932E-006
-1.8784045E-006
1.1576326E-006
1.1478168E-005
1.0112052E-006
-1.9444687E-005
-1.4498335E-005
7.3298056E-006
1.2102761E-005
4.5617044E-006
1.703215E-006
1.1337993E-006
-3.8016371E-006
-6.7065675E-006
1.0053424E-006
6.5321624E-006
2.9954588E-006
-1.2764282E-007
-1.3634032E-006
-1.5342677E-006
-2.0229511E-006
-3.9310517E-006
-2.2109093E-006
5.1459183E-006
7.9027795E-006
-5.2625228E-007
-7.4444733E-006
0.0001
0.0
0.0
1.834393E-007
0.0
0.0030497857
9.9999997E-006
0.0
0.0
0.0
0.0
0.0
0.0
0.0
0.0
0.0
0.0
0.0
0.0
0.0
0.0
0.0
0.0
0.0
0.0
0.0
0.0
0.0
0.0
0.0
0.0
0.0
0.0
0.0
0.0
0.0
0.0
0.0
0.0
0.0
0.0
0.0
0.0
0.0
0.0
0.0
0.0
0.0
0.0
0.0
0.0
0.0
0.0
0.0
0.0
0.0
0.0
0.0
0.0
0.0
0.0
0.0
0.0
0.0
0.0
0.0
0.0
0.0
0.0
0.0
0.0
0.0
0.0
0.0
0.0
0.0
0.0
0.0
0.0
0.0
0.0
0.0
0.0
0.0
0.0
0.0
0.0
0.0
0.0
0.0
0.0
0.0
0.0
0.0
0.0
0.0
0.0
0.0
0.0
0.0
0.0
0.0
0.0
0.0
0.0
0.0
0.0
0.0
0.0
0.0
0.0
0.0
0.0
0.0
0.0
0.0
0.0
0.0
0.0
0.0
0.0
0.0
0.0
0.0
0.0
0.0
0.0
0.0
0.0
0.0
0.0
0.0
0.0
0.0
0.0
0.0
0.0
0.0
0.0
0.0
0.0
0.0
0.0
0.0
0.0
0.0
0.0
0.0
0.0
0.0
0.0
0.0
0.0
0.0
0.0
0.0
0.0
0.0
0.0
0.0
0.0
0.0
0.0
0.0
0.0
0.0
0.0
0.0
0.0
0.0
0.0
0.0
0.0
0.0
0.0
0.0
0.0
0.0
0.0
0.0
0.0
0.0
0.0
0.0
0.0
0.0
0.0
0.0
0.0
0.0
0.0
0.0
0.0
0.0
0.0
0.0
0.0
0.0
0.0
0.0
0.0
0.0
0.0
0.0
0.0
0.0
0.0
0.0
0.0
0.0
0.0
0.0
0.0
0.0
0.0
0.0
0.0
0.0
0.0
0.0
0.0
0.0
0.0
0.0
0.0
0.0
0.0
0.0
0.0
0.0
0.0
0.0
0.0
0.0
0.0
0.0
0.0
0.0
0.0
0.0
0.0
0.0
0.0
0.0
0.0
0.0
0.0
0.0
0.0
0.0
0.0
0.0
0.0
0.0
0.0
0.0
0.0
0.0
0.0
0.0
0.0
0.0
0.0
0.0
0.0
0.0
0.0
0.0
0.0
0.0
0.0
0.0
0.0
0.0
0.0
0.0
0.0
0.0
0.0
0.0
0.0
0.0
0.0
0.0
0.0
0.0
0.0
0.0
0.0
0.0
0.0
0.0
0.0
0.0
0.0
0.0
0.0
0.0
0.0
0.0
0.0
0.0
0.0
0.0
0.0
0.0
0.0
0.0
0.0
0.0
0.0
0.0
0.0
0.0
0.0
0.0
0.0
0.0
0.0
0.0
0.0
0.0
0.0
0.0
0.0
0.0
0.0
0.0
0.0
0.0
0.0
0.0
0.0
0.0
0.0
0.0
0.0
0.0
0.0
0.0
0.0
0.0
0.0
0.0
0.0
0.0
0.0
0.0
0.0
0.0
0.0
0.0
0.0
0.0
0.0
0.0
0.0
0.0
0.0
0.0
0.0
0.0
0.0
0.0
0.0
0.0
0.0
0.0
0.0
0.0
0.0
0.0
0.0
0.0
0.0
0.0
0.0
0.0
0.0
0.0
0.0
0.0
0.0
0.0
0.0
0.0
0.0
0.0
0.0
0.0
0.0
0.0
0.0
0.0
0.0
0.0
0.0
0.0
0.0
0.0
0.0
0.0
0.0
0.0
0.0
0.0
0.0
0.0
0.0
0.0
0.0
0.0
0.0
0.0
0.0
0.0
0.0
0.0
0.0
0.0
0.0
0.0
0.0
0.0
0.0
0.0
0.0
0.0
0.0
0.0
0.0
0.0
0.0
0.0
0.0
0.0
0.0
0.0
0.0
0.0
0.0
0.0
0.0
0.0
0.0
0.0
0.0
0.0
0.0
0.0
0.0
0.0
0.0
0.0
0.0
0.0
0.0
0.0
0.0
0.0
0.0
0.0
0.0
0.0
0.0
0.0
0.0
0.0
0.0
0.0
0.0
0.0
0.0
0.0
0.0
0.0
0.0
0.0
0.0
0.0
0.0
0.0
0.0
0.0
0.0
0.0
0.0
0.0
0.0
0.0
0.0
0.0
0.0
0.0
0.0
0.0
0.0
0.0
0.0
0.0
0.0
0.0
0.0
0.0
0.0
0.0
0.0
0.0
0.0
0.0
0.0
0.0
0.0
0.0
0.0
0.0
0.0
0.0
0.0
0.0
0.0
0.0
0.0
0.0
0.0
0.0
0.0
0.0
0.0
0.0
0.0
0.0
0.0
0.0
0.0
0.0
0.0
0.0
0.0
0.0
0.0
0.0
0.0
0.0
0.0
0.0
0.0
0.0
0.0
0.0
0.0
0.0
0.0
0.0
0.0
0.0
0.0
0.0
0.0
0.0
0.0
0.0
0.0
0.0
0.0
0.0
0.0
0.0
0.0
0.0
0.0
0.0
0.0
0.0
0.0
0.0
0.0
0.0
0.0
0.0
0.0
0.0
0.0
0.0
0.0
0.0
0.0
0.0
0.0
0.0
0.0
0.0
0.0
0.0
0.0
0.0
0.0
0.0
0.0
0.0
0.0
0.0
0.0
0.0
0.0
0.0
0.0
0.0
0.0
0.0
0.0
0.0
0.0
0.0
0.0
0.0
0.0
0.0
0.0
0.0
0.0
0.0
0.0
0.0
0.0
0.0
0.0
0.0
0.0
0.0
0.0
0.0
0.0
0.0
0.0
0.0
0.0
0.0
0.0
0.0
0.0
0.0
0.0
0.0
0.0
0.0
0.0
0.0
0.0
0.0
0.0
0.0
0.0
0.0
0.0
0.0
0.0
0.0
0.0
0.0
0.0
0.0
0.0
0.0
0.0
0.0
0.0
0.0
0.0
0.0
0.0
0.0
0.0
0.0
0.0
0.0
0.0
0.0
0.0
0.0
0.0
0.0
0.0
0.0
0.0
0.0
0.0
0.0
0.0
0.0
0.0
0.0
0.0
0.0
0.0
0.0
0.0
0.0
0.0
0.0
0.0
0.0
0.0
0.0
0.0
0.0
0.0
0.0
0.0
0.0
0.0
0.0
0.0
0.0
0.0
0.0
0.0
0.0
0.0
0.0
0.0
0.0
0.0
0.0
0.0
0.0
0.0
0.0
0.0
0.0
0.0
0.0
0.0
0.0
0.0
0.0
0.0
0.0
0.0
0.0
0.0
0.0
0.0
0.0
0.0
0.0
0.0
0.0
0.0
0.0
0.0
0.0
0.0
0.0
0.0
0.0
0.0
0.0
0.0
0.0
0.0
0.0
0.0
0.0
0.0
0.0
0.0
0.0
0.0
0.0
0.0
0.0
0.0
0.0
0.0
0.0
0.0
0.0
0.0
0.0
0.0
0.0
0.0
0.0
0.0
0.0
0.0
0.0
0.0
0.0
0.0
0.0
0.0
0.0
0.0
0.0
0.0
0.0
0.0
0.0
0.0
0.0
0.0
0.0
0.0
0.0
0.0
0.0
0.0
0.0
0.0
0.0
0.0
0.0
0.0
0.0
0.0
0.0
0.0
0.0
0.0
0.0
0.0
0.0
0.0
0.0
0.0
0.0
0.0
0.0
0.0
0.0
0.0
0.0
0.0
0.0
0.0
0.0
0.0
0.0
0.0
0.0
0.0
0.0
0.0
0.0
0.0
0.0
0.0
0.0
0.0
0.0
0.0
0.0
0.0
0.0
0.0
0.0
0.0
0.0
0.0
0.0
0.0
0.0
0.0
0.0
0.0
0.0
0.0
0.0
0.0
0.0
0.0
0.0
0.0
0.0
0.0
0.0
0.0
0.0
0.0
0.0
0.0
0.0
0.0
0.0
0.0
0.0
0.0
0.0
0.0
0.0
0.0
0.0
0.0
0.0
0.0
0.0
0.0
0.0
0.0
0.0
0.0
0.0
0.0
0.0
0.0
0.0
0.0
0.0
0.0
0.0
0.0
0.0
0.0
0.0
0.0
0.0
0.0
0.0
0.0
0.0
0.0
0.0
0.0
0.0
0.0
0.0
0.0
0.0
0.0
0.0
0.0
0.0
0.0
0.0
0.0
0.0
0.0
0.0
0.0
0.0
0.0
0.0
0.0
0.0
0.0
0.0
0.0
0.0
0.0
0.0
0.0
0.0
0.0
0.0
0.0
0.0
0.0
0.0
0.0
0.0
0.0
0.0
0.0
0.0
0.0
0.0
0.0
0.0
0.0
0.0
0.0
0.0
0.0
0.0
0.0
0.0
0.0
0.0
0.0
0.0
0.0
0.0
