-0.047884673
-0.018453049
-0.074868239
-0.073646791
-0.070590377
-0.13438778
-0.075563774
-0.14946416
-0.14696625
-0.090153418
-0.24348116
-0.094068028
-0.21554387
-0.2482942
-0.086293004
-0.40479496
-0.08830741
-0.29345602
-0.40169814
0.048046522
-0.6134553
-0.0047207177
-0.081186831
-0.57273465
0.67540783
-0.33721754
0.22294466
1.3583819
-0.40740931
0.21876653
0.45988944
-0.44892585
0.05745082
0.06716451
-0.16771956
-0.22627959
0.029558338
0.07363867
-0.19917984
0.055168733
0.14111027
-0.12094595
-0.056619875
0.16492572
0.018293127
-0.1404331
0.10400139
0.046787985
-0.19836608
0.040004775
0.11919252
-0.1142334
-0.029245073
0.13962872
-0.0012286686
-0.0861248
0.10963411
0.055334847
-0.11075561
0.026962496
0.076522544
-0.023860808
0.0058999928
0.096974418
0.017894041
-0.034528792
0.08412759
0.043725882
-0.0086699817
0.08601293
0.089435674
0.033527788
0.021550478
0.07819245
0.035951704
-0.042313062
0.031801473
0.0068849782
-0.03279322
0.017394612
0.050843045
0.023499845
-0.012210237
0.060847659
0.016123641
-0.025639284
0.047632206
0.019904133
-0.01421949
-0.0093169399
0.020815674
-0.012814087
-0.022993969
0.032795712
-0.019297523
-0.021739928
0.025300154
0.0056790989
-0.0058045499
0.018060949
0.017534593
-0.022204155
0.0005040355
0.022939581
0.0031501828
0.0053117769
0.017160732
-0.0022368012
-0.0054306546
0.019481629
-0.008937777
0.0034250715
0.016475841
-0.0055701933
0.016051389
-0.0020595861
0.0026044862
0.0056469785
-0.0072418316
-0.0079844408
-0.024186721
-0.0035560462
-0.026544861
-0.029464094
-0.016344108
-0.039125066
-0.014308432
-0.0027289724
-0.0087419869
-0.012810057
-0.008479353
-0.0067187776
-0.020265581
-0.0035676144
-0.011319863
-0.0196587
-0.0098490715
-0.0035905507
-0.011866074
-0.012336466
0.011528938
0.0022983933
-0.018272847
0.0069267135
-0.0061915894
-0.023369513
0.022565091
-0.0082774619
-0.019240627
0.012815667
-0.0068621328
-0.0072136745
-0.0092783989
-0.0049787196
-0.018100528
-0.01547197
0.0019715361
-0.02909785
0.0099303247
-0.0055726105
-0.023534523
0.019508466
-0.029036647
0.014357118
0.0089238519
-0.029541919
0.02001119
-0.019899959
-0.0043209973
0.0050750854
-0.004761056
0.015772738
-0.0102303
0.0032709956
0.0098236464
-0.0076171933
0.010611033
0.010745261
-0.010457327
-0.0045098988
0.013606742
0.010228154
-0.0037666489
0.017655723
0.020651337
-0.013734184
0.016370095
0.021488216
-0.017411025
0.010625297
-0.00027236939
-0.014699552
-0.002350769
-0.0031242918
0.012332745
-0.015382225
0.004824386
0.016400255
-0.030073093
0.0076443218
0.0095062358
-0.02360284
0.0098725306
0.002622046
-0.0061986856
0.00050674519
-0.0053532231
0.006331291
-0.027954813
-0.00094800233
0.0064181993
-0.033555806
0.016043369
-0.0082001081
-0.013385666
0.0056076688
-0.02518419
0.017886706
-0.022741694
-0.01080812
0.012315598
-0.053495556
0.020532254
-0.0086985473
-0.026842939
0.026828866
-0.019974185
0.015864434
-0.001926207
-0.0019547718
0.022507729
-0.022886639
0.024541948
-0.0045089708
-0.014510357
0.025577033
-0.025450427
0.00072012696
-0.0097278673
-0.030435443
0.0064184908
-0.024389094
-0.010029389
0.0048800968
-0.018829353
0.0041042226
0.0082402406
-0.007719825
0.0014915564
0.0022163701
-0.013020767
-0.011156511
-0.0046316595
-0.0076606506
-0.0096301017
-0.0047969739
-0.0034897639
-0.019318992
-0.00091259135
-0.0016224555
-0.0098384852
0.014118839
-0.001769569
0.0089808218
0.015749073
0.0087104198
0.02547124
0.0029862425
0.027649492
0.017861141
-0.0091943163
0.03469405
-0.0019815881
0.00080200925
0.020064134
-0.0013693139
0.010042366
0.002880085
0.013163888
0.0028755369
-0.00020377056
0.021332277
0.0039636469
0.0070204819
0.0083414456
0.0032190895
-0.00077531184
0.0032988307
0.0051741386
-0.014943579
0.014736195
0.0040047574
0.00041175084
0.021715732
0.0017248361
0.019975198
-0.0049138716
0.0045354348
0.013057118
-0.026818912
0.016904239
-0.0059955218
-0.013838259
0.015208172
-0.014463176
0.01437096
-0.0031854117
0.0044259233
0.016000107
-0.022200186
0.019194324
-0.011551658
-0.015999625
0.010075862
-0.021541558
-0.0040279953
-0.020407464
-0.0071431394
-0.0098143565
-0.019538751
0.023065243
-0.016312258
0.0040088077
0.020739947
-0.0037111484
0.016219288
-0.0041428166
0.009745067
-0.0078968275
-0.017395467
0.013392929
-0.028918175
-0.0031581677
-5.5907054E-005
-0.027272183
0.00030780508
-0.013582279
0.0061114961
-0.010861252
-0.0069576199
0.0074454825
-0.028787993
0.0036141654
-0.013728085
-0.01552774
-0.0024994325
-0.012941396
0.011257901
-0.012490847
0.01610766
0.021966573
-0.014584891
0.021006018
0.01107951
-0.0097705685
0.0020825192
1.9624349E-007
-0.016199645
-0.0098099578
-0.0069687068
-0.01264035
-0.010592003
-0.0061597871
0.002168922
-0.011767562
0.0057995128
0.012744257
0.00080515124
0.016392736
0.012617658
0.005268584
0.0087222159
0.00040953283
0.0050994279
-0.0069394563
-0.010002115
0.0027758463
-0.012397978
0.0035038178
0.00061388209
0.0004048988
0.0056355796
-0.012239566
0.016325125
-0.0077106198
-0.0037125228
0.015514234
-0.017826404
0.0069856634
-0.0082799625
0.0021551065
0.0036376312
-0.015683956
0.017865801
-0.015901236
-0.0026467892
0.010026501
-0.017656103
0.0073734117
-0.003407984
0.0063582454
0.0026920126
0.00043296232
0.027003141
-0.0028159337
0.0082405368
0.015889797
0.0025190017
0.012971092
0.0073759393
0.010078854
0.00085514429
0.0053357286
0.0061135888
-0.0075862254
0.0047620134
-0.0041712592
-0.0046627447
0.0038176845
-0.01247925
0.0026689093
0.0023837241
-0.016284149
0.0055228909
-0.0039814673
-0.012911113
0.00055699877
-0.0085066669
-0.0023003097
-0.0058405725
-0.0070963455
0.0093337903
-0.012249594
-0.0021184864
0.003331851
-0.024719842
-0.0015792673
-0.0059237545
-0.012136873
-0.0041920263
-0.015722778
0.0020254918
-0.019914599
-0.0080863899
0.0066690212
-0.030297043
0.0020494985
-0.0054007275
-0.020740179
0.0039272294
-0.0064896708
0.00633241
-0.0031072428
-0.0070382077
0.023058534
-0.020087318
-0.0051099029
0.021626817
-0.032172836
0.0095993765
-0.002827453
-0.023498142
0.013263896
-0.024866924
0.010263029
-0.0096456036
-0.019013299
0.023008892
-0.031388398
0.01272798
-0.00035607445
-0.011106855
0.020289354
-0.022192616
0.021820325
-0.008186236
-0.011115854
0.023261787
-0.028837796
0.011410867
0.00041347591
-0.013125018
0.010883445
-0.013230747
0.0072071757
-0.0066318028
-0.0055014249
0.0022490656
-0.0149475
0.0060181785
-0.0056019588
-0.00066049397
0.0052141221
-0.010719729
0.011112911
-0.00024253366
0.00077109784
0.0099517815
-0.0034159988
0.0031030381
