5.1088289E-005
3.397065E-007
-8.9100482E-005
-6.4339118E-005
9.5057849E-006
7.4893571E-005
6.8784706E-005
1.1569085E-005
-2.9841362E-005
-4.7546888E-005
-3.9172781E-005
1.8761653E-005
8.8382621E-005
2.7053238E-005
-4.3142289E-005
3.6986716E-005
8.6205939E-005
1.8881117E-005
5.0243284E-006
6.6477718E-005
-2.0292597E-005
-0.00011223958
5.2395233E-005
0.00010487608
-0.00011225772
-9.5530311E-005
0.00010194026
8.9948197E-005
-9.3552735E-005
-0.0001668358
-4.084198E-005
6.9389745E-005
6.4225402E-005
3.656451E-005
3.836205E-006
-6.2692343E-005
-0.0001081717
-1.5769681E-005
0.00012423393
0.00013912826
3.3892531E-005
-5.1625557E-005
-1.4579574E-005
4.7970538E-005
-4.583312E-005
-0.00015034384
1.6135165E-005
0.00022416664
0.00012938243
-6.039712E-005
-0.00010150571
-4.0209739E-005
-1.3121139E-006
-1.3670547E-005
-1.9038483E-006
1.9327281E-005
9.1401453E-006
-9.9078834E-006
-2.0935084E-005
-2.2007145E-005
-2.1977192E-005
3.9066301E-005
0.00011465616
2.8169103E-005
-0.00011223499
-0.0001182437
-2.4914336E-005
1.4542034E-005
-8.3396189E-006
3.6861242E-005
8.2763923E-005
9.1831507E-006
-6.8499692E-005
-3.1863201E-005
2.6853766E-005
6.0228056E-005
9.4392148E-005
6.5533102E-005
-1.8263487E-006
-1.4488567E-006
-1.1214636E-005
-2.5460049E-005
1.1384529E-005
7.0735361E-005
8.8455075E-005
4.9711907E-005
-2.2279641E-005
-5.6425899E-005
-5.435057E-005
-1.9177449E-005
8.7956825E-005
0.00012281777
-1.4765836E-005
-6.5329994E-005
6.1420265E-005
4.6934805E-005
-8.3932573E-005
-9.057048E-005
4.5009619E-005
0.00017707978
3.3863762E-005
-0.00020469274
-0.00013483237
8.861348E-005
0.00014677492
6.3384316E-005
4.6953903E-007
-6.244316E-006
-3.1695858E-005
-2.3239505E-005
3.4181889E-005
1.1920722E-005
-1.4352498E-005
3.8352107E-005
6.3335225E-005
-2.6356931E-005
-0.00011130996
-4.1302254E-005
0.00011674451
1.5731086E-005
-0.00026054151
-0.00015243993
0.0002066884
0.0003445273
0.00020034354
-3.459445E-005
2.7754881E-005
0.00020464188
0.00014863245
-7.101019E-006
-0.00014829128
-1.6031519E-005
0.00016111278
-2.9249344E-005
-0.00020340574
5.4824442E-005
0.00041113666
0.00026535144
-0.00036590235
-0.00059134176
0.00016125395
0.00068253739
-0.00014116347
-0.00083658507
-0.00011229568
0.00065602857
5.520185E-005
-0.00095186586
-0.0008816453
8.4421285E-005
0.00085287186
0.00059582019
-0.00040258371
-0.00055483315
0.00042930114
0.00070840801
-0.00028482312
-0.00094230124
-0.00047569769
0.00019793128
0.00032414676
-0.00013004264
-0.0005479047
8.0314567E-005
0.00092993228
0.00044683751
-0.00052861858
-0.00051367067
0.00029130434
0.00060078996
5.218964E-005
-0.00025805796
3.2648135E-005
3.6108282E-005
0.00014269014
0.0008245486
0.00042118653
-0.00093078776
-0.00089878135
0.00044156265
0.0011923373
0.00042021406
-0.00091557141
-0.0010480407
0.00036504981
0.0017070747
0.0010937295
-0.00085563975
-0.0017116425
-0.00035527453
0.0013686506
0.00051032595
-0.0013646283
-0.0010082967
0.00017216949
0.00045508653
0.00023688569
-9.8971432E-005
0.00026258297
0.00061308796
-0.00037462398
-0.0011348089
-0.00035960737
0.00049192167
0.00073141593
0.00071033405
-7.5125652E-005
-0.0010081186
-0.00091673841
-0.00037482625
9.1583963E-005
0.00077952928
0.0011681356
0.00081102923
-0.00025944842
-0.0012929388
-0.00047124634
0.0012084624
0.00091785833
-0.00037406239
-0.00051670882
0.00025316136
0.00054025964
-0.00067332876
-0.0015455507
6.1567007E-005
0.001316814
9.0103058E-006
-0.0010177762
-0.00029873391
0.00049814512
0.00028318423
-0.00048352711
-0.00060045614
7.5116106E-005
0.00052403338
5.9265945E-005
-0.00063287438
-0.00015526316
0.00094922539
0.00094758492
-0.00030011113
-0.00098461134
-4.3938358E-005
0.00089569541
0.00076344557
8.5037733E-005
-0.00065439043
-0.0005313665
0.00054715713
0.0011069446
8.2921892E-005
-0.0013590136
-0.0010716103
0.00012443391
-0.00011483565
-0.00059569476
0.00045597437
0.0012021159
0.00016951315
-0.00048805363
0.0003470587
0.0006824978
0.00016447988
0.00015327713
0.00027596089
1.0443488E-005
-0.00043405071
-0.00080121652
-0.00036369803
0.00022268268
0.00013594466
0.00021661165
0.00012154987
-0.00042745989
-0.00032699812
-0.00030098812
-0.00084250217
-0.00030532337
0.00076238444
0.00051032292
-0.00011181104
6.7824562E-006
0.00015696914
5.6856868E-005
-0.0001770903
-0.00039966719
-9.2330993E-005
0.00024621034
7.3323085E-005
0.00012054418
0.00034399272
9.5632291E-005
-0.0001511735
0.0001000504
0.00043251493
0.00027919494
-0.00026765504
-0.0004918105
-0.00013135164
0.00017465372
5.0789662E-005
-0.00020708564
-0.0003688857
-0.00031746287
-0.0002077424
3.9370589E-005
0.00063508534
0.00060866098
-0.00064154103
-0.0012642464
1.0229053E-005
0.0012479489
0.0010524082
0.0001104446
-0.00090762804
-0.00081176026
0.00050072349
0.00085819938
-0.00021591329
-0.00087426422
-0.00045543566
0.00026186858
0.00032999954
-0.00018995002
-0.00028128576
6.9293339E-005
0.00038453419
0.00048567937
-0.00023188318
-0.00085890881
-0.00014614014
0.00024602236
-0.00026381644
0.00012003401
0.00089090894
0.00057941489
4.3182197E-005
0.00011277955
-0.00012863394
-0.00066497899
-2.4565252E-005
0.0010406435
0.00048855552
-0.00064818969
-0.0005880298
-5.1386512E-005
0.00025879085
0.00074614875
0.00070391258
-0.0005242122
-0.0012660191
-0.00013433115
0.0011267487
0.00057132094
-0.0007503478
-0.00062876666
0.00054291979
0.00051532913
-0.00048512753
-0.00033628507
0.00043352882
0.00020768111
-0.00026135979
-0.00031067707
-0.00041223672
-6.1726903E-005
0.00084251945
0.00069370633
-0.0005766594
-0.0010645525
-0.00052971946
5.6690325E-005
0.0002964437
-1.1449006E-005
-0.00015777774
0.00025283187
8.7128312E-005
-0.00054384134
-0.00047791275
0.00010124047
0.00048925157
0.00032249061
-0.00030757528
-0.00059344608
-0.00010611572
0.00032309178
0.00018210047
-0.00013102916
-0.00015478746
0.00010003468
2.9109855E-005
-0.00023610632
-0.00012701833
8.9299007E-005
0.00041095857
0.00068087201
0.00017103554
-0.00054212497
-0.00035442726
0.0003656683
0.00065565424
0.00047611518
2.9474031E-005
-0.00048995321
-0.00051984674
-6.7041452E-005
0.00032539078
0.00046882319
0.00036228643
-2.2107724E-005
-0.00042695049
-0.00032237268
0.0002514192
0.00049769058
0.00024467037
9.2141017E-005
-6.629678E-005
-0.0004024939
-0.00035796818
0.00015470487
0.00037006117
-5.4730201E-005
-0.00042842925
-0.00035022691
-0.00010444583
-1.3168878E-005
-0.00012256223
-0.00010126345
0.00016826607
0.00010830396
-0.00048962986
-0.0006605204
-1.6484684E-005
0.00039432518
0.00021134558
0.00012268401
0.0002332344
0.00021468871
5.0446624E-006
-9.1907226E-005
6.9283225E-005
7.5867415E-006
-0.00022603772
-7.4782696E-007
0.00038545171
0.00020420821
-0.00040465768
-0.00048137087
0.00014824216
0.00040646171
0.0001368615
0.00022071623
0.00039204702
0.00010549383
-0.00012995525
-0.00022638966
-0.00026059055
5.0779781E-005
0.00051235879
0.00067122362
0.00028553011
-0.0004160238
-0.00059257576
-3.5286201E-005
0.00033369637
5.5699031E-005
-0.00024964919
-0.0002307891
-0.00024641163
-0.00053070241
-0.00048953231
0.00023033874
0.00056754187
-5.1641114E-006
-0.00072252448
-0.00087093504
-0.00019321912
0.00060768094
0.0006320863
-1.4699928E-005
-0.00022224107
-5.4941338E-005
-0.00050329167
-0.00058701175
0.00037983694
0.0010201276
0.00058488944
-0.00024657432
-0.00052875624
-0.00024948604
0.00017319672
0.000788884
0.00081421889
-0.00030081416
-0.00088862138
-0.00017765045
0.00027516615
0.00012463432
0.00015368892
