-0.0020697387
-0.0027854836
-0.0031946565
-0.0031630616
-0.0028191174
-0.0022065651
-0.001146834
-3.5102192E-005
0.0011144617
0.0023747592
0.0032551824
0.0039179479
0.0043778671
0.0042458521
0.0038222992
0.0031967531
0.0022383749
0.0011058089
-0.000146837
-0.0012752666
-0.0022862782
-0.0032331122
-0.0036680009
-0.0037084259
-0.0035147164
-0.0029204134
-0.0021347383
-0.0011262109
7.6750061E-005
0.0012128653
0.0021432017
0.0026199282
0.0028842541
0.0030245478
0.0025396007
0.0017577766
0.00099563005
-0.00015754913
-0.0014170442
-0.002523032
-0.003677509
-0.0043653385
-0.0045763985
-0.0047566392
-0.0043800683
-0.003582563
-0.0027978101
-0.0016045537
-0.00041491917
0.0005194993
0.0016578629
0.0024253591
0.0025409036
0.0025871771
0.0024334649
0.0017055133
0.00070184324
-0.00019895006
-0.0011845259
-0.0023339845
-0.0031746058
-0.0036173542
-0.0039024211
-0.0038840009
-0.003439954
-0.0027245304
-0.0018390894
-0.00075747434
0.00043051472
0.0015039112
0.0023672215
0.0030440865
0.0035045361
0.0035608967
0.0031512456
0.0025742867
0.0018793499
0.00083867193
-0.00021340584
-0.0010826178
-0.0021039033
-0.0028022698
-0.0028935783
-0.0029361851
-0.0025762764
-0.0017052296
-0.00089089992
0.00014796414
0.0012561005
0.0021482857
0.003088569
0.0036406985
0.0038180246
0.0039102761
0.0034810051
0.0027093831
0.0019421775
0.00091394124
-0.00039885179
-0.0015299004
-0.0023721345
-0.0032098633
-0.0036623287
-0.0036134098
-0.0034325342
-0.0028720393
-0.0020963617
-0.0013012486
-0.00025690405
0.00067444635
0.0014143694
0.0020229986
0.0022570158
0.0022762266
0.0019431643
0.0011766796
0.00036616009
-0.0006193695
-0.0018068044
-0.0028266888
-0.0036168718
-0.0041501089
-0.0044054985
-0.0043471013
-0.0039011019
-0.0032357357
-0.0023565409
-0.0012457393
-0.00020442669
0.00075980357
0.0017833738
0.0024739373
0.0026727712
0.0027998171
0.0026882244
0.0020849854
0.0013537345
0.00048867601
-0.00056079018
-0.0014634394
-0.0021718151
-0.0027800021
-0.003078565
-0.0028873936
-0.0025412012
-0.0020969722
-0.0012040481
-0.00014182237
0.00076647365
0.0015909026
0.0024198864
0.0030950259
0.0032733851
0.0033427207
0.0033363977
0.0026851511
0.0018939017
0.001007579
-0.00029254775
-0.0012412439
-0.0018691355
-0.0025232863
-0.0027504747
-0.002598057
-0.0022974585
-0.0017469157
-0.000875119
0.00012823365
0.0010045089
0.0019451485
0.0028723299
0.0034388327
0.0037241613
0.0037494644
0.0034026501
0.0026366268
0.0018055553
0.0010708787
-6.469409E-005
-0.0012047957
-0.0019457255
-0.002722688
-0.0031751224
-0.003116095
-0.0029136948
-0.0023513872
-0.0015127305
-0.00068708288
0.00026914262
0.001215076
0.0019417857
0.0024857125
0.0027121035
0.0026805562
0.0024624406
0.0018481121
0.0010157143
9.4575407E-005
-0.0010121453
-0.0020363098
-0.0028330295
-0.0034615835
-0.0036894775
-0.0034284939
-0.0030267711
-0.002457273
-0.0015506974
-0.00061925751
0.00032505207
0.0012505886
0.0019114496
0.0025618933
0.0030275779
0.0028629461
0.0024833612
0.0021088298
0.0013335012
0.00035432554
-0.00046351692
-0.0013398007
-0.0021352528
-0.0025391942
-0.0027835737
-0.0028014462
-0.0023734265
-0.0018190981
-0.0011955926
-0.00022254628
0.00082494627
0.0016249707
0.0023787441
0.0030143801
0.0032387171
0.0031784833
0.0028935128
0.0023220587
0.0016519172
0.00084991066
-5.9586295E-005
-0.00076104933
-0.0013702322
-0.0018266032
-0.0019384369
-0.001924592
-0.0015686688
-0.00097297935
-0.00038793017
0.00053694576
0.0014810965
0.0022355639
0.0029747414
0.0034417091
0.0036515386
0.0035641247
0.003153963
0.0025485689
0.0016990453
0.00078137993
-0.00014717567
-0.0010284063
-0.0017163318
-0.0022636207
-0.0026084261
-0.002668519
-0.0023628413
-0.001871123
-0.0012542601
-0.00029870233
0.00055704487
0.0012184364
0.0019800158
0.0024572543
0.0025179817
0.002342375
0.0019609758
0.0014226639
0.00070745486
-0.00012804489
-0.00095000002
-0.0016176883
-0.0021582593
-0.0026629004
-0.0029010982
-0.0027323142
-0.0022930461
-0.0018074712
-0.0012436422
-0.00028366174
0.000689546
0.0013552646
0.0020728621
0.0025742981
0.0027100903
0.002737876
0.0024302504
0.0018298667
0.001115592
0.00036534973
-0.00026170831
-0.00097680336
-0.0016647012
-0.0019355039
-0.0020534836
-0.0021283061
-0.0018183697
-0.001174823
-0.00042785789
0.00032205891
0.001036374
0.0018019719
0.0024763006
0.0028576737
0.0030313868
0.0029950121
0.0027899761
0.0024466317
0.0018241151
0.0010854425
0.00040381472
-0.00029985173
-0.00098258827
-0.0014062432
-0.0014745002
-0.0014016092
-0.0011671949
-0.00066369609
-5.1320098E-005
0.00070164539
0.0015533989
0.0022736217
0.0028467381
0.0031798405
0.0032317715
0.0031561351
0.0027902711
0.0021579782
0.0015815328
0.00086088351
-1.7676086E-005
-0.00072509702
-0.0013034614
-0.0016879915
-0.0018832483
-0.0018971059
-0.0015222924
-0.00105847
-0.00059757027
9.492036E-005
0.00077697611
0.0013425294
0.0018440199
0.0021669534
0.0022761687
0.0022454427
0.0020715208
0.0015979031
0.00096523942
0.00031018484
-0.00048580451
-0.0012077562
-0.0017935904
-0.0022349234
-0.0023191245
-0.0022618084
-0.0019591704
-0.0013412227
-0.00082660286
-0.00017279087
0.00056882447
0.0010773373
0.0016265834
0.002022818
0.002080498
0.0019768695
0.0017070406
0.0012313515
0.00054206233
-8.5033069E-005
-0.00067196798
-0.0013990349
-0.0019349125
-0.0022327709
-0.002383278
-0.0022931183
-0.0020076686
-0.0015853068
-0.0010628001
-0.00038674212
0.00032328872
0.00091187737
0.0014699566
0.0019054544
0.0020707496
0.0020000893
0.0018029799
0.0014901168
0.00096645259
0.00027473344
-0.00043783212
-0.0010087101
-0.0015015801
-0.0018641213
-0.0018523829
-0.0017394569
-0.0015097978
-0.00095646805
-0.00046104033
5.6030029E-005
0.00073688856
0.0013130279
0.0018086823
0.0020947885
0.002143414
0.0021441493
0.0018554741
0.0013106563
0.00080315059
0.00013897674
-0.0006524623
-0.0012596785
-0.0018231913
-0.0022818451
-0.002344786
-0.0023154411
-0.0022334645
-0.0017358151
-0.0011206511
-0.00061576994
-0.00011016949
0.00031015169
0.0007170199
0.00096384442
0.00098279514
0.00097290875
0.00065712206
0.00017449721
-0.00028052452
-0.0010198803
-0.0016448017
-0.0020071366
-0.0024798212
-0.0027434444
-0.0027143848
-0.0026791727
-0.0024850348
-0.0021056293
-0.0017286647
-0.0012137345
-0.00057964906
-0.00017940161
0.00018931151
0.00066528906
0.00075920654
0.00059632829
0.00044569944
1.637089E-005
-0.00052311388
-0.00095344323
-0.0014728592
-0.0019300743
-0.0021860788
-0.0023697645
-0.002429486
-0.0023852873
-0.0021766983
-0.0017219785
-0.0012722661
-0.00069420144
2.9331881E-005
0.00047283337
0.000942946
0.0014626007
0.001498842
0.0014634083
0.0015229915
0.0011513134
0.00066288229
0.00037595164
-0.00014783295
-0.00076220004
-0.0010232219
-0.0011855861
-0.0012967569
-0.0011477696
-0.00090568239
-0.00062621635
-0.00025336698
0.00024713381
0.0007847118
0.0011429016
0.0015047409
0.0018508456
0.0018101428
0.0015957659
0.0013948722
0.00096900976
0.00043825712
-2.8353246E-005
-0.00054619962
-0.0010484298
-0.0013871859
-0.0016529707
-0.0019165821
-0.0018736651
-0.001528707
-0.0013548399
-0.0010487832
-0.00038089522
3.6528818E-005
0.00036360146
0.00083437259
0.00098625664
0.00096767867
0.00093343097
0.000682085
0.00031722197
-6.4935142E-005
-0.00041453619
-0.00087879918
-0.0014011645
-0.0015932652
-0.0017725661
-0.0019956308
-0.0017714575
-0.0015025586
-0.0013695187
-0.0008853164
-0.00035570236
-0.00010176619
0.00030337652
0.00075594132
0.0007977066
0.00079720956
0.00088680198
0.00062982418
0.0003118632
8.4043888E-005
-0.00031692971
-0.00070071372
-0.0010812947
-0.0013770059
-0.0014290668
-0.0015470006
-0.0014789269
-0.0011271546
-0.00090200355
-0.00047800259
7.0669943E-005
0.00039895959
0.00090280233
0.0013325732
0.0014128163
0.0015944449
0.0016966888
0.0015164851
0.0013387311
0.0011012786
0.00074953667
0.0003634516
-4.4426855E-005
-0.00028222083
-0.00036577712
-0.00045363294
-0.00034033915
-1.8901965E-005
0.00024535853
0.00055013766
0.00091423769
0.0011348976
0.0013788954
0.001705216
0.0018376244
0.001855052
0.0018425635
0.0015743179
0.0011818305
0.00081682793
0.00034079404
-0.00010689145
-0.00047682365
-0.00080093171
-0.0009448005
-0.0010297643
-0.00097800186
-0.00070799148
-0.00048002799
-0.00024222025
5.9754599E-005
0.00032271934
0.00056907773
0.00077086192
0.00088170805
0.00091242278
0.00084759248
0.00059517636
0.00032180009
7.5508135E-005
-0.00039168555
-0.00073654752
-0.00090219383
-0.0012143635
-0.0012590997
-0.0011114327
-0.0011417135
-0.00099843589
-0.00078308803
-0.00072263397
-0.00044875316
-3.224954E-005
0.0001960662
0.00042210374
0.00068503001
0.00072675775
0.00061677967
0.00047867824
0.00027388477
4.187445E-006
-0.00032013489
-0.0006256107
-0.00083843636
-0.0010175857
-0.0011466495
-0.0011197524
-0.0010407212
-0.00089846394
-0.00056470203
-0.00023613442
0.00014467574
0.00060289871
0.00086221634
0.0011540499
0.0013763546
0.0012888038
0.0013895448
0.0014676988
0.0011342629
0.00089498394
0.00070695963
0.00032107934
9.3252762E-005
1.975027E-005
-7.0569891E-005
-8.0868565E-005
-1.548926E-005
9.5836745E-005
0.00023816474
0.00043042493
0.00072681328
0.00097336509
0.0011484119
0.0014344616
0.0015473845
0.00137359
0.0013078033
0.0011101121
0.00069576001
0.00051103317
0.00025147357
-0.00015534373
-0.00033582913
-0.00053391058
-0.00076651585
-0.00083115965
-0.00081795832
-0.00068398955
-0.00047683061
-0.00028315076
1.7150567E-005
0.00033476934
0.00050816464
0.00067771773
0.00080260768
0.00070753519
0.00057578436
0.00043838518
0.00023129005
4.480041E-005
-0.00022652594
-0.00051339436
-0.00067745242
-0.00080889167
-0.00092028477
-0.00095568172
-0.00085612072
-0.00075989455
-0.00067258562
-0.00039291306
-0.00020457611
-0.00011160761
0.00017517716
0.00032132861
0.00035480276
0.00050632673
0.00047901363
0.00037081001
0.00033291278
0.00016493014
-5.3507851E-005
-0.00025114164
-0.00045070876
-0.00053253124
-0.00053920591
-0.00053801032
-0.00042384941
-0.00026372581
-9.1046648E-005
0.00020739876
0.00046632628
0.00068457989
0.001004952
0.0012302162
0.0013315815
0.0013971474
0.001437476
0.0014544759
0.0013055656
0.001122609
0.0009705096
0.00065484445
0.00038146466
0.00025208123
0.00010548224
3.3279935E-005
0.00011987108
0.0002353462
0.00030113314
0.00046729104
0.0006870029
0.00078017981
0.00090773514
0.001132912
0.0012677897
0.0012217842
0.0010972375
0.00098638539
0.00073542882
0.00039987246
0.00021958174
3.0686424E-005
-0.0002673415
-0.00041782876
-0.00044205962
-0.00050340005
-0.00043392691
-0.00026994478
-0.00020918937
-5.7406549E-005
0.00014573341
0.00020342594
0.00035054915
0.00056985032
0.00061956671
0.00062587374
0.00063596334
0.00049468369
0.00024557719
2.9265379E-006
-0.00023679486
-0.00047938182
-0.0006536172
-0.00075188436
-0.00084346766
-0.00082937139
-0.00072816439
-0.00073044113
-0.00068470452
-0.00051361311
-0.00038569636
-0.00024753521
-7.9667494E-005
6.0130045E-005
0.00013739883
9.3664319E-005
4.0198724E-005
-2.7510492E-005
-0.00020820225
-0.00034084613
-0.00040200798
-0.00055517588
-0.00071594375
-0.00074780924
-0.00076461671
-0.00082657038
-0.00077817519
-0.00065897068
-0.00055778073
-0.00029983523
4.3706335E-005
0.00028494769
0.00055146904
0.00079682085
0.00086454517
0.000860336
0.00085845229
0.00078345742
0.00061894988
0.00048546077
0.00035827598
0.00016206267
2.0320869E-005
-8.9215406E-005
-0.00017856757
-0.00017752101
-0.00013516689
2.8537905E-005
0.00017989005
0.00023351166
0.00044214111
0.00059162418
0.00061437028
0.00074259867
0.0007379984
0.00064755417
0.0005796472
0.0003595647
0.00018801953
9.2106886E-005
-7.953446E-005
-0.00023815324
-0.00038168044
-0.00051937188
-0.00064264302
-0.00070467161
-0.00065329851
-0.00056537567
-0.00045572786
-0.00032344894
-0.00017594031
-2.4744886E-005
8.8901746E-005
0.00017455623
0.00016841516
0.00010165197
3.9308874E-005
-0.00012484103
-0.00030368715
-0.00045636439
-0.0007166969
-0.00091162184
-0.0010283531
-0.001245201
-0.0013086885
-0.0012323969
-0.0012581832
-0.0011532771
-0.0010356804
-0.0010294694
-0.00080782629
-0.00064799807
-0.00058905932
-0.00033127941
-0.00027552588
-0.0003361195
-0.00022426377
-0.00028321272
-0.00043910873
-0.0004763561
-0.00055820297
-0.00071068277
-0.00077196653
-0.00076014869
-0.00082349323
-0.00081569335
-0.00064247154
-0.00050368131
-0.00038270798
-0.00014999296
0.00013487648
0.00036818002
0.00054459734
0.00072854164
0.00086958782
0.0008621873
0.00081589847
0.0007742414
0.00059669872
0.00043449583
0.00037086572
0.00019173621
1.9862737E-005
-1.3439574E-005
-9.3703384E-005
-0.00015804746
-5.6153771E-005
5.5470253E-005
0.00011206937
0.00024225299
0.0003812447
0.00045911915
0.00056607608
0.00066959736
0.00066166499
0.00055529876
0.00045753299
0.00032447805
9.8388475E-005
-2.5386906E-005
-7.9207559E-005
-0.00020463472
-0.00027597853
-0.00034479453
-0.00044384782
-0.00044194143
-0.00042537582
-0.00041090811
-0.00028338021
-0.00012343022
-3.01808E-005
6.6127723E-005
0.00019308817
0.00027290062
0.00027766245
0.00023405527
0.00016553789
6.0414401E-005
-5.2561489E-005
-0.00017365556
-0.00037632964
-0.00057962741
-0.00070683786
-0.00077573879
-0.00081932469
-0.00085395295
-0.00074069924
-0.00060360145
-0.00057675783
-0.00040997862
-0.00025496542
-0.0002059844
1.2644365E-005
0.00011995825
4.1157735E-005
0.00010861598
9.3981798E-005
-4.8230162E-005
-8.7719993E-005
-0.0001473304
-0.00021805889
-0.00030837228
-0.00039915112
-0.00032689871
-0.00031969158
-0.00037116479
-0.00026429043
-0.00013524519
5.0570703E-005
0.00026068126
0.00039748754
0.00060805888
0.00077990675
0.0008555309
0.00095262349
0.00097610836
0.00095333304
0.00090895128
0.00078626955
0.0007032603
0.00061152474
0.00046066078
0.00037401935
0.00031354968
0.00029838589
0.00034013568
0.00035444539
0.00046611091
0.00061367039
0.00066506333
0.00079985324
0.00092779484
0.00094208884
0.0010143874
0.0010130251
0.00090463058
0.00082162215
0.0006444389
0.00047779438
0.00038364987
0.00020688953
8.8553374E-005
5.7497771E-005
-1.1247384E-005
-5.1983603E-005
-7.7749559E-005
-9.5478681E-005
-4.4334709E-005
1.8347555E-005
8.3945386E-005
0.00017122952
0.00022304669
0.00026666163
0.00030791282
0.00027469968
0.00020013558
8.8749141E-005
-8.4906125E-005
-0.00025363121
-0.00040006865
-0.00052776287
-0.00068172551
-0.0008672874
-0.00091920974
-0.0009182418
-0.00098024064
-0.00091453712
-0.00078891002
-0.00069487287
-0.00050930952
-0.00036470598
-0.00027389158
-0.00012418492
-4.0933264E-005
-5.3659915E-005
-0.0001136152
-0.00014339016
-0.00015464537
-0.00029838274
-0.00037160341
-0.00031140418
-0.00037083487
-0.00039247246
-0.00032136068
-0.00029052363
-0.00017897079
-4.5764737E-005
5.1009487E-005
0.00019382982
0.00035290929
0.00051629933
0.00059632078
0.00062319421
0.00073328934
0.00078530423
0.00075651746
0.00076990208
0.00073406479
0.00064514257
0.00056501781
0.00043315094
0.00030161539
0.00022827866
0.00015307686
0.00011419338
0.00016438747
0.00024904686
0.00032950161
0.00041242674
0.00050432229
0.00056799618
0.00060989161
0.00069399615
0.00073161279
0.00067536085
0.00063886226
0.00055278395
0.00036736869
0.00023488513
0.0001571145
7.2305054E-005
1.3101787E-005
-1.7218745E-005
-1.8545736E-005
-1.733211E-005
-7.9857909E-006
5.2844756E-005
8.1181381E-005
8.0891499E-005
0.00013476287
0.00015018199
0.00013366784
0.00016773885
0.00016255694
0.00010371773
5.0207764E-005
-3.8978498E-005
-0.00016052806
-0.00025549738
-0.00033357437
-0.00042657429
-0.00050661078
-0.00057623052
-0.00067000446
-0.00070658315
-0.00065980933
-0.00061907765
-0.00055844244
-0.0004607031
-0.00036734767
-0.00026537193
-0.00015196217
-3.1103955E-005
4.4204113E-005
5.4047588E-005
4.2013729E-005
-1.7902568E-005
-8.5831554E-005
-0.00013009408
-0.00020109363
-0.00026236658
-0.00026505979
-0.00022907328
-0.00022234418
-0.00021748919
-0.00014236476
-3.7503625E-005
8.0543694E-005
0.00017809104
0.00027431623
0.00041977377
0.0005132457
0.00055998698
0.00056545594
0.00049291464
0.00045640947
0.00039334409
0.00025895261
0.00022657665
0.00020559922
8.4941807E-005
4.7536152E-005
6.1655017E-005
4.2329525E-006
2.5941234E-005
0.00012236123
0.000190912
0.00029105946
0.00037764982
0.00041342128
0.00046416905
0.00053514878
0.00057717855
0.00055112422
0.00050644844
0.00043734998
0.0003243213
0.00023664998
0.00013743558
6.4461899E-005
6.8055757E-005
2.0267031E-005
-3.4041132E-005
-3.3662309E-005
-5.7557689E-005
-6.964869E-005
-5.006565E-005
-9.5996302E-006
3.0471634E-005
2.5197436E-005
4.2655418E-005
4.8367663E-005
-1.1091323E-005
-3.4874534E-005
-0.00010508381
-0.0002533636
-0.00029095801
-0.00032502599
-0.00047471793
-0.00054565672
-0.00058636366
-0.00071107433
-0.00076136319
-0.00078102871
-0.00084624148
-0.00082309608
-0.00075694185
-0.00071235577
-0.00062054722
-0.00050922803
-0.00043661194
-0.00037669705
-0.00029690957
-0.00026274263
-0.00027589241
-0.00028409198
-0.00033410505
-0.00037484808
-0.00040050608
-0.00045154733
-0.00044880155
-0.00046797912
-0.00049699337
-0.00043864656
-0.0003969364
-0.00032980193
-0.00021330298
-0.00013036496
1.4550291E-005
0.00017093142
0.00023136013
0.00031530144
0.00039787206
0.00036964982
0.00031536858
0.00025822807
0.00017433139
0.00012457989
7.8453275E-005
3.155505E-005
2.5345471E-005
-1.2182906E-005
-2.8353716E-005
4.3242195E-005
8.0498066E-005
0.00013697582
0.00027315211
0.00035175739
0.00042276728
0.00051263097
0.00050221919
0.00047897943
0.0005209361
0.00051815232
0.00043291654
0.00037242949
0.00031152295
0.00012916842
-1.2706229E-006
-1.023444E-006
-6.9477763E-005
-0.00012345667
-9.6745614E-005
-0.00010886468
-0.00010422984
-8.2074301E-005
-8.0036618E-005
-5.5216857E-005
-2.7669214E-005
-1.6044771E-005
-5.2658899E-005
-0.00011177806
-0.00014017939
-0.00023208994
-0.00036449783
-0.00044413077
-0.00056664448
-0.0007005299
-0.00075269846
-0.00081664301
-0.00088677742
-0.00091161125
-0.00093154918
-0.00092102611
-0.00087864808
-0.00082711183
-0.00072787056
-0.00064516108
-0.00062322966
-0.00053788803
-0.0004437645
-0.0004377577
-0.00037603319
-0.00029106345
-0.00029385122
-0.00030788922
-0.00032301797
-0.00034692616
-0.00037573936
-0.00039194681
-0.00035477019
-0.0003454813
-0.00035048608
-0.00028596909
-0.00020492398
-0.00012756504
-3.9401781E-005
6.1051389E-005
0.00015853804
0.00021321987
0.0002588513
0.00030470095
0.00030956385
0.00029756362
0.00027939634
0.00022579661
0.00015819543
0.0001137061
8.2535029E-005
7.1595052E-005
0.00010249222
0.00015509903
0.00019930063
0.00022860427
0.00030063055
0.00041077231
0.0004770883
0.00054923061
0.00062436599
0.00065009383
0.0006844271
0.00067279593
0.00063597527
0.00065318984
0.00061375566
0.00054101885
0.00047886322
0.00037599774
0.00030573102
0.00027690528
0.00025590701
0.00024022552
0.00019696403
0.0001649683
0.000168935
0.00016351137
0.00016343794
0.00021161923
0.00023332702
0.00021211807
0.00020789582
0.00012156374
4.864828E-006
-4.957338E-005
-0.00017186112
-0.00029105315
-0.00035695557
-0.00048535594
-0.0005852863
-0.00061042706
-0.00064170122
-0.00067160791
-0.00067769707
-0.00065507076
-0.00060260698
-0.00052585121
-0.00043175498
-0.00035697216
-0.00031186669
-0.00025702419
-0.00019315469
-0.00013246258
-9.0788788E-005
-8.8463981E-005
-0.00010009228
-0.00012735909
-0.00015723713
-0.00019158736
-0.00023430784
-0.00020568958
-0.00017781183
-0.00018399398
-0.00011317393
-4.8041904E-005
6.6135053E-006
0.00013117722
0.00022629567
0.00029972455
0.00041000184
0.00047908563
0.00050627493
0.00054100907
0.00054098893
0.0004936441
0.00042726041
0.00036040158
0.00032436728
0.00030036917
0.00029680436
0.00033675085
0.00036911501
0.00041182348
0.00047778807
0.0005186724
0.00058537698
0.00070737116
0.00079576386
0.00084786647
0.00091042207
0.00090504211
0.0008585584
0.0008563408
0.0008022007
0.00071041042
0.00066467584
0.00060548843
0.00052122632
0.00043730621
0.00037050244
0.00031846942
0.00026272528
0.00024628168
0.00024020756
0.00021095018
0.00020521668
0.0002051343
0.00019797303
0.00018854377
0.00017419329
0.00015450196
0.00010453573
6.2264153E-005
1.8170073E-005
-7.7956145E-005
-0.00015621925
-0.00022006263
-0.0003283461
-0.00040091586
-0.0004322312
-0.00051157066
-0.00056522602
-0.00053295924
-0.00050955726
-0.00051218818
-0.00046340012
-0.0003590385
-0.00028376165
-0.00023041629
-0.00015354223
-0.00013901884
-0.00013562388
-5.8154237E-005
-3.6591664E-005
-6.0716022E-005
-5.9075523E-005
-0.0001010241
-0.0001556425
-0.00017758182
-0.00020556533
-0.00022432244
-0.00019898578
-0.00016810863
-0.00014666271
-8.4569103E-005
-1.8747929E-005
3.2740438E-005
0.00011680675
0.00019666753
0.00025852464
0.00031047937
0.00035135445
0.00040306649
0.00043153786
0.00040902308
0.00034002305
0.00025253897
0.00020076674
0.0001778399
0.0001550819
0.00016525002
0.00022346486
0.00026766545
0.00032265944
0.00043954019
0.00054183666
0.00063646358
0.00076029525
0.00083519804
0.00085016579
0.00086629344
0.00087013427
0.00081875344
0.00075855257
0.00070047658
0.00060924276
0.00051987526
0.0004151882
0.00031668114
0.00027614972
0.00022743289
0.00018195607
0.00017020457
0.00015073612
0.00014509758
0.00011724842
4.9988204E-005
5.3518543E-005
6.4803098E-005
5.7025886E-006
3.9066296E-007
-1.4073215E-005
-0.00012063983
-0.00018894223
-0.00026041156
-0.00038526379
-0.0004692068
-0.00054503657
-0.00063546567
-0.00069016125
-0.00071728165
-0.00073097862
-0.00072474894
-0.00067387539
-0.00058591395
-0.00051602401
-0.00044010064
-0.00032466708
-0.00024823021
-0.00021249951
-0.00016261912
-0.00016459083
-0.000196804
-0.00018159561
-0.0002032662
-0.00027647446
-0.00030914004
-0.00033335137
-0.00037524346
-0.00034867498
-0.00028828942
-0.00028687491
-0.00026008469
-0.0001902152
-0.00015714024
-0.00010690993
-4.0759125E-005
-6.5558459E-007
6.8728135E-005
0.00014697436
0.00019173625
0.000234515
0.00026269004
0.00025323965
0.00022225472
0.00017105469
0.00012665626
0.00010500455
8.6012231E-005
0.00010314788
0.00013831767
0.00014415232
0.00016710993
0.00021487837
0.00026521456
0.0003462442
0.00046682273
0.00058679719
0.0006664166
0.00071241724
0.00072556647
0.00069471204
0.00063673343
0.0005732791
0.00050137745
0.00039700069
0.00028657986
0.0001832507
5.9876566E-005
-2.9153043E-005
-7.6556935E-005
-0.00012311972
-0.00013042541
-0.00013232236
-0.00014507481
-0.00010044974
-6.2680199E-005
-8.1020422E-005
-7.3478368E-005
-4.3332126E-005
-7.2947194E-005
-0.000142216
-0.00019039954
-0.00026087888
-0.00036406971
-0.00045201406
-0.00055058574
-0.00065108476
-0.00072319456
-0.00079118955
-0.0008349694
-0.00083336432
-0.00081605575
-0.00078852108
-0.00072952418
-0.00062807661
-0.00050550979
-0.00040463172
-0.00033592779
-0.00028609278
-0.00025459329
-0.00025328726
-0.00029322907
-0.00034911116
-0.0003919974
-0.00044182103
-0.0005113557
-0.00058361219
-0.00064506009
-0.00067827082
-0.00067274034
-0.00064708054
-0.0006122418
-0.00054183876
-0.00045369932
-0.00039037107
-0.0003062262
-0.00019695501
-0.00013000597
-8.5124186E-005
-4.2487492E-005
-2.264324E-005
-8.0744931E-006
-9.4645347E-006
-3.3268934E-005
-4.2404463E-005
-5.082698E-005
-7.6131531E-005
-8.4830594E-005
-5.7243076E-005
1.5125042E-005
0.000108527
0.00018519314
0.00026005079
0.00034622804
0.00044728621
0.00055025762
0.00062760041
0.00069018349
0.00071595353
0.00068617245
0.00064102886
0.00059091474
0.00053507299
0.00046677975
0.00037819959
0.00029154361
0.00019507558
9.2254209E-005
1.7671777E-005
-2.4757564E-005
-2.7520187E-005
-2.0074027E-005
-4.072778E-005
-6.2009822E-005
-6.5958047E-005
-6.3575462E-005
-6.6329107E-005
-7.5088414E-005
-8.917004E-005
-0.00012532492
-0.00017327984
-0.0002166078
-0.00027203269
-0.00034261288
-0.00040400174
-0.00046096233
-0.00053955894
-0.00058902777
-0.00059299072
-0.00062987965
-0.00064781267
-0.00059523142
-0.00055858342
-0.00052265846
-0.00043597131
-0.00033619936
-0.00025011343
-0.00017051763
-0.00011363669
-0.00011969334
-0.0001326433
-0.00012354791
-0.00016653897
-0.00022455603
-0.00026583148
-0.00032444714
-0.00037676256
-0.00040520003
-0.00039992071
-0.00038897188
-0.0003623947
-0.00026996783
-0.00020286669
-0.00015785167
-4.2500455E-005
4.4933586E-005
8.8228204E-005
0.00018002068
0.00025204691
0.00026682243
0.00030422438
0.00034911849
0.00033859978
0.00031969044
0.00032338241
0.00029648578
0.00028100348
0.00032083318
0.00034739322
0.0003728322
0.00044149929
0.00051528832
0.000578181
0.00064957904
0.00074248831
0.00084373576
0.0009403982
0.0010157884
0.0010168599
0.0009740786
0.00094781443
0.0008820942
0.00077826565
0.00069686002
0.00058660901
0.00043419341
0.0003146627
0.00024138208
0.00018916678
0.00015935327
0.0001577714
0.00016758661
0.00018360118
0.00019925933
0.00017851156
0.00015383262
0.00017122031
0.00018023846
0.00015112209
0.000101099
4.1634194E-005
-1.3545593E-005
-8.4991589E-005
-0.00016586407
-0.00022692954
-0.00029707246
-0.00035958964
-0.00038501871
-0.00040780989
-0.00041413898
-0.00040163432
-0.0004066058
-0.00038110471
-0.00031725183
-0.00026818924
-0.0002008195
-0.00011550525
-6.611643E-005
-4.0481169E-005
-3.4951965E-005
-7.0609538E-005
-0.00012106868
-0.00016555825
-0.00023232843
-0.00031657072
-0.00039589015
-0.0004720178
-0.00050969876
-0.00050704106
-0.00048829877
-0.00043554333
-0.00036982395
-0.00029106592
-0.00019266286
-0.00011413806
-2.6771715E-005
6.3488478E-005
0.00012158464
0.00018315941
0.00022437757
0.0002497469
0.00028878215
0.00029548112
0.00029995866
0.00031361717
0.00030336951
0.00030560311
0.00032755273
0.00038563946
0.00045685057
0.00048489016
0.00052290154
0.0005860668
0.00065759249
0.00074204552
0.00081781915
0.00089741661
0.00095942523
0.00098234916
0.00096078374
0.00087914086
0.00081133243
0.00075689773
0.00063969247
0.00052745821
0.00045084022
0.00031866244
0.00018091525
0.00013539102
0.00010085005
4.9072449E-005
4.9405939E-005
6.3842417E-005
7.3634859E-005
9.2189686E-005
8.6311782E-005
7.4477663E-005
8.1400329E-005
8.0562852E-005
4.035878E-005
-3.1401538E-005
-9.5843287E-005
-0.0001601018
-0.00024046542
-0.00031496611
-0.00038196705
-0.00045033061
-0.00049683929
-0.00050153834
-0.00049307384
-0.0004869361
-0.00046700516
-0.00044913773
-0.00041610995
-0.00034795434
-0.00029375803
-0.0002510632
-0.0002000784
-0.00017944528
-0.00018532363
-0.00019792994
-0.00023489736
-0.00028426797
-0.00032654332
-0.00037642341
-0.00044479655
-0.00051636231
-0.00055700709
-0.0005599627
-0.00053123996
-0.00046646333
-0.00039919637
-0.00033572636
-0.00024228402
-0.00012924199
-3.12954E-005
4.4925953E-005
0.00012598958
0.00018665407
0.00021204418
0.00025212305
0.00026166753
0.00022958103
0.00022877411
0.00022465916
0.00020397475
0.00020059648
0.00022132893
0.00028584548
0.0003555209
0.00041250337
0.00046836041
0.00048932066
0.00052062701
0.00059113069
0.00064211333
0.00068286672
0.00072130421
0.00070857164
0.00065793842
0.00060817751
0.00053051341
0.00041925212
0.00032806399
0.00024644542
0.00013724431
3.0564199E-005
-4.9831746E-005
-0.00012493829
-0.00018512506
-0.00019607498
-0.0001894926
-0.00020412412
-0.00020422017
-0.00016481508
-0.00012738182
-0.00011199014
-7.6166645E-005
-4.3049757E-005
-5.9378475E-005
-8.7015811E-005
-0.00013475127
-0.00021679535
-0.00028475435
-0.00035174456
-0.00042502864
-0.00046533989
-0.00050358585
-0.00055762776
-0.00056581298
-0.00054607249
-0.00054918608
-0.00054021616
-0.00050450064
-0.00044440266
-0.00036849733
-0.00031316472
-0.00026452079
-0.00023591277
-0.00025927098
-0.00028442394
-0.00031329159
-0.00037845672
-0.00044192659
-0.00051498582
-0.00060246291
-0.00066115265
-0.00072133448
-0.00077313883
-0.00075531629
-0.00068975601
-0.00060605392
-0.00051508122
-0.00041305335
-0.00028344747
-0.00016560424
-6.053301E-005
4.9556518E-005
0.00010390882
0.00012273583
0.00016171942
0.00017097394
0.00013829784
0.00010761798
8.2078404E-005
5.4319502E-005
4.6232977E-005
8.1174971E-005
0.00012568297
0.00016649697
0.00024127304
0.0003106964
0.00035044368
0.0004129376
0.00047897577
0.00053053582
0.00060408661
0.00065559254
0.00063047739
0.00057952385
0.000537574
0.00047294205
0.00039616961
0.00032306032
0.00022560584
0.00010635646
3.4505374E-006
-6.5986336E-005
-0.00012872505
-0.00018175543
-0.00017859132
-0.00013760684
-0.00010372134
-7.7780816E-005
-4.2911899E-005
1.2295091E-005
6.5074855E-005
9.3993694E-005
0.00010060789
8.4205545E-005
5.1104416E-005
-2.8771656E-006
-8.0441867E-005
-0.0001640258
-0.00025278941
-0.00035084572
-0.00043427132
-0.00048095046
-0.00050378602
-0.00052902277
-0.00054183742
-0.00051361794
-0.00047412887
-0.00043902744
-0.00039053315
-0.00033671921
-0.00027433861
-0.000227572
-0.00021861267
-0.00022258222
-0.00025236444
-0.00029820931
-0.00032637175
-0.00036060458
-0.00041980937
-0.00049162679
-0.00054578029
-0.00056788849
-0.00057238789
-0.00054462568
-0.00047801851
-0.00039350148
-0.00028220727
-0.0001462222
-2.1846379E-005
9.0566464E-005
0.00021581762
0.00033243548
0.00041472743
0.0004746216
0.00050905312
0.00051683531
0.0005159243
0.00050189189
0.00046716255
0.00042253605
0.00039772378
0.0004159798
0.00045605269
0.00050272129
0.00056355493
0.00063084491
0.00069971854
