-0.0041837352
-0.0054050582
-0.0059287744
-0.0056539979
-0.0049111838
-0.0036506779
-0.0019110987
1.0871605E-005
0.0020488258
0.0040690014
0.0057381853
0.00681938
0.0074151522
0.0075013693
0.0067828023
0.0054912209
0.0038863644
0.0019075639
-0.00018227816
-0.0022254027
-0.0041336012
-0.0055029532
-0.0061423075
-0.0060985559
-0.0055228346
-0.0045198421
-0.0029515189
-0.00095512398
0.001095483
0.0029846616
0.0044615665
0.0054202592
0.0059611057
0.0059028114
0.0050550182
0.003685263
0.0019556184
-0.00011122003
-0.0021757619
-0.0040713805
-0.0057156831
-0.0067735664
-0.0072020576
-0.0071770246
-0.0066729439
-0.0055614901
-0.0039390638
-0.0020876187
-0.00020625736
0.0015174737
0.0030853767
0.0043663946
0.0049218172
0.0048302687
0.0042762393
0.0032186485
0.0018329046
0.0001824865
-0.0016121831
-0.0033450159
-0.0048594861
-0.0058270195
-0.0062720082
-0.006289755
-0.0055827228
-0.0042412495
-0.0025827112
-0.00066117261
0.001307394
0.0031232585
0.0048030047
0.0060401866
0.0065677776
0.006574316
0.0060481355
0.0049678204
0.0035255747
0.0017526213
-0.0001126171
-0.0017894091
-0.0031391738
-0.0040299618
-0.0045564733
-0.0045217038
-0.0037374364
-0.0025348873
-0.0010184491
0.00072203303
0.0024543547
0.0041545033
0.005655481
0.0067222673
0.0071999789
0.0070781615
0.0065151565
0.0054174806
0.0037300061
0.0017009857
-0.00040079834
-0.0022261788
-0.0037328862
-0.0050949967
-0.0059460462
-0.0060729771
-0.0056790072
-0.0047212704
-0.0033942165
-0.0018452853
4.60714E-005
0.0017965228
0.0030469536
0.0039250427
0.0043320279
0.0042387992
0.0035620963
0.0022507324
0.00060390308
-0.0012572063
-0.0031008194
-0.0047618062
-0.0063640387
-0.0074563837
-0.0077606547
-0.0075424393
-0.0067957924
-0.0056284652
-0.0041529806
-0.002357038
-0.00045385101
0.0013740979
0.002856018
0.0038937607
0.0045684883
0.0045888503
0.0040067346
0.0031676274
0.0019201902
0.00033909237
-0.0012397369
-0.0028326525
-0.004224984
-0.0051015504
-0.0055578849
-0.0055447151
-0.0049301167
-0.0037965451
-0.0022425565
-0.00051231845
0.0012285049
0.0029451272
0.004366511
0.0053614294
0.0059443205
0.0059245387
0.005268665
0.004189631
0.0028286795
0.0012491045
-0.00042724333
-0.0020495884
-0.0033851056
-0.0041801166
-0.004496777
-0.0044016447
-0.003749646
-0.0026316291
-0.0012033284
0.00044620104
0.0020877363
0.0035510876
0.0048156776
0.0058123982
0.0062445826
0.005995594
0.0053414553
0.0043621669
0.0030583791
0.0015452396
-0.00018497517
-0.0019201098
-0.003287381
-0.0042079194
-0.0048063416
-0.0049975906
-0.004544728
-0.0036270211
-0.0024894492
-0.0010896918
0.0004218141
0.0018374857
0.0030244763
0.0038336937
0.0041621034
0.0039490024
0.0033568752
0.0024169127
0.0010190684
-0.00057487679
-0.0021339667
-0.003566894
-0.0047258097
-0.0055421414
-0.0059088459
-0.0057578464
-0.0050797863
-0.0040191733
-0.0028362935
-0.0014095451
0.00014176845
0.0013700948
0.0024492471
0.0033743074
0.003749189
0.0037154376
0.0033180881
0.0024145793
0.0012783991
0.0001212089
-0.0010231374
-0.0021010102
-0.0030673032
-0.003741394
-0.0040210215
-0.0039004714
-0.0033163703
-0.0024336639
-0.0013655878
-9.7616838E-005
0.0011339446
0.0023486516
0.0035994377
0.0044160094
0.0046617244
0.0046293177
0.0042927833
0.0035611384
0.0026275741
0.001659984
0.00057255541
-0.00060043868
-0.0014754917
-0.00193153
-0.0021218006
-0.0018630745
-0.0012473036
-0.00060307293
0.00035687612
0.0015942794
0.0026893909
0.0036929469
0.004406637
0.0047043278
0.0048204297
0.0045714811
0.0039198706
0.0030155899
0.0019104962
0.00083705323
-0.00030802755
-0.0015133345
-0.0023826107
-0.0030232673
-0.0034371798
-0.0033756841
-0.0031151588
-0.002710487
-0.0019005118
-0.00089221529
9.3268492E-005
0.0010089613
0.001679937
0.0020853162
0.0022511899
0.0020894457
0.0016350599
0.00093597232
1.6302931E-005
-0.001056253
-0.0021828322
-0.0031443832
-0.0038385757
-0.0042973552
-0.0043784524
-0.0040661055
-0.0035606283
-0.0028100957
-0.001767516
-0.00070984184
0.00028368618
0.0012724383
0.002028201
0.002503776
0.0027701138
0.002630566
0.0021774806
0.0016236607
0.0008687136
1.5577123E-005
-0.00077754923
-0.001544064
-0.0021426738
-0.0024574057
-0.0025235149
-0.0023609854
-0.0019949737
-0.0013114439
-0.00035836734
0.00052572356
0.0014146266
0.002444094
0.0032850092
0.0038393545
0.0041457098
0.0040905252
0.0037850707
0.0032862434
0.0025859727
0.0017768475
0.00086738419
-2.9491483E-007
-0.00073912641
-0.0013361452
-0.0015787646
-0.0015021153
-0.0011518395
-0.00044694453
0.00033636118
0.0011323491
0.0020578089
0.0029018277
0.0035241051
0.0038532775
0.0038722842
0.0036541608
0.0031969019
0.0025737858
0.0017773402
0.00084080762
-4.3449607E-005
-0.00086656358
-0.0016002351
-0.0021706056
-0.0025400124
-0.0025607869
-0.0022623371
-0.0017947983
-0.0011739352
-0.00045051909
0.00033359593
0.0011243991
0.0017012701
0.0020589565
0.0023033053
0.0022891441
0.0020942632
0.0017307959
0.00098381704
0.00013713147
-0.00067768665
-0.0015399768
-0.0021671245
-0.0026367495
-0.0029092224
-0.0026970126
-0.0023596676
-0.0020211625
-0.0013860557
-0.00054761529
0.00026495437
0.00096639054
0.0015921161
0.0020559134
0.0022446318
0.0022190148
0.0019505535
0.0014591201
0.00087808532
0.00025821655
-0.00044664784
-0.0011593367
-0.0016534994
-0.0020209528
-0.0022971453
-0.0022891036
-0.0021017028
-0.0017454491
-0.0011507502
-0.00047090647
0.00018490478
0.00085245637
0.00160124
0.0021701062
0.0024065052
0.0025239708
0.0024207439
0.0020837274
0.0017217855
0.0012725774
0.00067858578
-1.6340641E-006
-0.00060622412
-0.0011041508
-0.001487983
-0.0014476355
-0.0011343204
-0.00087809807
-0.00045472517
0.00017727785
0.00080444885
0.0014075361
0.0019431327
0.0022702697
0.0023969107
0.0023659484
0.0021120063
0.0017213202
0.0012277531
0.0006096923
-8.3674249E-006
-0.00064469181
-0.0011894582
-0.0015492663
-0.0018420343
-0.0019459712
-0.0018821344
-0.001705936
-0.0013558366
-0.00099434855
-0.00059576501
-0.00025691986
-7.5551005E-005
0.00018514073
0.00028836119
0.00017428822
0.00012605055
-8.7384084E-005
-0.00048394274
-0.00089123106
-0.0013396675
-0.001726339
-0.002069121
-0.0023102025
-0.0023396299
-0.0023617074
-0.0023353116
-0.0020978306
-0.0018440577
-0.0016026854
-0.001253539
-0.00094552111
-0.00069464016
-0.00037328131
-0.00016999786
-0.00022705509
-0.00033194621
-0.00044526518
-0.00069159275
-0.00083209056
-0.00085982977
-0.001120678
-0.0013287012
-0.001299804
-0.0013589854
-0.0013557588
-0.0011894456
-0.00094871712
-0.00061168888
-0.00037691445
-0.00012919886
0.00019122547
0.00044958483
0.00083567493
0.0010655401
0.0010404517
0.0011587091
0.0012451975
0.0012746451
0.0012909702
0.0010968911
0.00092865888
0.00081877288
0.00062424218
0.00045901438
0.00035400913
0.00036278347
0.00044907775
0.00055495027
0.00073142513
0.00089844689
0.0010487967
0.0011834647
0.0012438912
0.0012625479
0.0011884467
0.0010321736
0.00080848311
0.00046362332
0.00017999028
-4.3723652E-005
-0.00035108265
-0.00062081986
-0.00088747754
-0.0010455718
-0.00093866489
-0.00084994145
-0.00076156808
-0.00063435233
-0.0006240643
-0.00052686152
-0.00041179964
-0.00040944337
-0.00041270835
-0.00050806609
-0.00059327524
-0.00065173383
-0.00080297154
-0.00089223863
-0.00099157589
-0.0011783558
-0.0012858985
-0.0013364417
-0.001397287
-0.0014212439
-0.0013683826
-0.0012995069
-0.0011957248
-0.0010167797
-0.0009193077
-0.00079423655
-0.00060592813
-0.00058002031
-0.00055200991
-0.00051397079
-0.00054781727
-0.00058756047
-0.00077888597
-0.00088820694
-0.0008550791
-0.00094269455
-0.00094271952
-0.00091506809
-0.00090187974
-0.00069777312
-0.00055087503
-0.00042294178
-0.00020836391
-0.00012060187
2.6761012E-005
0.0002816479
0.00046864696
0.00063343457
0.00071166013
0.00080063374
0.00093035644
0.00080812443
0.0007007129
0.00090282393
0.00099371956
0.00087443081
0.00081483292
0.0007924161
0.00084344781
0.0009671654
0.00102015
0.0010661192
0.0011408128
0.0011725208
0.001211588
0.0013239653
0.0014273552
0.0014815957
0.0015350762
0.001427175
0.0011677098
0.00095498125
0.00070366141
0.00047829439
0.00029680214
-1.0096887E-005
-0.00021087279
-0.00026250441
-0.00037059051
-0.0004343497
-0.00043153856
-0.0003587917
-0.00021091205
-0.00017649094
-0.00017552028
-7.0857248E-005
-6.9501155E-005
-0.00019639061
-0.00029313838
-0.00040604782
-0.00050250499
-0.00053502008
-0.00062762795
-0.00076338986
-0.00086680229
-0.00092060433
-0.0009018394
-0.00086385687
-0.00087247544
-0.00091410324
-0.00083673536
-0.00067066931
-0.0006588375
-0.00070099998
-0.00066605711
-0.00061756565
-0.00055153744
-0.00054004829
-0.0005288439
-0.00045770532
-0.00046642535
-0.00047324682
-0.00044269161
-0.00049882353
-0.00052963791
-0.00048996933
-0.00048312827
-0.00049913715
-0.00051307573
-0.00050494837
-0.00044705076
-0.00034063021
-0.00015685502
2.8879882E-005
0.00012597007
0.00029926092
0.00049661309
0.00057363074
0.00077779696
0.00092908664
0.00085537479
0.00098597701
0.0011784955
0.0012229774
0.0012972453
0.0012811415
0.0012329532
0.0011540424
0.0010026312
0.001048847
0.0010886103
0.00097504357
0.0009065062
0.00081357092
0.00082089275
0.00092744024
0.00088886474
0.00089649594
0.0009651818
0.00088072149
0.00082606002
0.00082112569
0.00069055107
0.00056707108
0.00048266572
0.00038714558
0.00026278532
-3.3931985E-005
-0.00024377287
-0.000252142
-0.00040893612
-0.00052430679
-0.00051935948
-0.00061088603
-0.00059184874
-0.00054342841
-0.00058279635
-0.00057076156
-0.00058612414
-0.00056165858
-0.00051734934
-0.00053199835
-0.00046904536
-0.00040018981
-0.00037272734
-0.00041928212
-0.0005047773
-0.00044429651
-0.00047361691
-0.00065889506
-0.0007673105
-0.00088044244
-0.00092301134
-0.00091587065
-0.0010994768
-0.0012655408
-0.0012377071
-0.0011096596
-0.00088816549
-0.0007039113
-0.00061058445
-0.0004574164
-0.00026314025
-5.5398443E-005
7.5480362E-005
5.6622739E-005
0.00015607935
0.00028238384
0.00018156566
0.00010542954
0.00010076538
4.6989888E-005
3.1341642E-005
5.5201956E-005
0.00012369758
0.00022257457
0.00037866508
0.00063931546
0.00083842472
0.00098335056
0.0011893935
0.0013635433
0.0014952144
0.0016126233
0.0016368595
0.0015757125
0.0015291555
0.0014325915
0.0012348131
0.001147435
0.0011472388
0.0010409945
0.00092122843
0.00085381314
0.00077306968
0.00068303308
0.00071092171
0.00081761775
0.00076831144
0.00069811189
0.0007537062
0.00076397025
0.00070272072
0.00062593247
0.00059960381
0.00060222857
0.00052247848
0.00041368764
0.00026185362
8.3919425E-005
-3.0326657E-005
-0.00013722187
-0.00017632887
-0.00013856741
-0.00014962877
-0.00020295297
-0.00029012116
-0.00037402249
-0.00040728349
-0.00040446344
-0.00032270286
-0.00026357578
-0.00037493979
-0.00044739564
-0.00040072305
-0.00046301403
-0.00053627853
-0.00056280446
-0.00059976976
-0.00052442931
-0.00057038589
-0.00070426555
-0.00066264067
-0.00072916521
-0.00078399986
-0.00074567192
-0.0009160302
-0.00098208804
-0.00092689239
-0.00096913893
-0.0009199318
-0.00093127455
-0.00093799457
-0.00074906042
-0.00068244408
-0.00070140441
-0.00064029428
-0.000584091
-0.00045523571
-0.00036621161
-0.00038983609
-0.00028773648
-0.00013940744
-5.085926E-005
0.00014235228
0.00033124449
0.00038833416
0.00047289286
0.00061812392
0.00067852077
0.00064957683
0.00065166794
0.00064046896
0.00063723704
0.00070169254
0.00065895211
0.00062046532
0.00066839147
0.0006367357
0.00071881741
0.00089506555
0.00099916093
0.0011189029
0.0011300676
0.0010860002
0.001094579
0.0010428337
0.0010289116
0.00092489336
0.00063090445
0.00046973798
0.00037948435
0.00021359742
0.000132653
3.4387918E-005
-0.00010047707
-9.8379787E-005
-0.00012000393
-0.00020428319
-0.0001635669
-7.9602658E-005
-2.779583E-005
1.8338145E-005
3.1194533E-005
4.0804964E-005
6.9884307E-005
0.0001238668
8.7598557E-005
-0.00011839708
-0.00025958879
-0.00033158125
-0.00053794775
-0.00077622972
-0.00098589738
-0.0011931749
-0.0013423786
-0.001433269
-0.0014542225
-0.0014584266
-0.0014463655
-0.0013360434
-0.0012261809
-0.0011364018
-0.0010370004
-0.0010026996
-0.00095054676
-0.00087032572
-0.0008793351
-0.00087792816
-0.0007697228
-0.0007380583
-0.00089200336
-0.00099225179
-0.00095487479
-0.00093952118
-0.00090794259
-0.00086091552
-0.00082725927
-0.00070265809
-0.00055179029
-0.00041866864
-0.00026129448
-9.3089773E-005
0.00014546092
0.00043068285
0.00067238946
0.00080667238
0.00086047902
0.00095901493
0.0010084822
0.00095788029
0.00092693622
0.0009049052
0.00086261262
0.00073186349
0.00058938295
0.00053930865
0.00041688187
0.00033576915
0.00041630777
0.00049717171
0.00058945443
0.0005907134
0.00051195198
0.00057707791
0.00063369685
0.00063296309
0.0006634281
0.00057037798
0.00044799133
0.00038882307
0.00026792931
0.00020301245
0.00016522742
3.2984946E-005
1.3145937E-005
2.6623697E-005
-8.2548344E-005
-0.00014067441
-0.00022032934
-0.00034999332
-0.00036294883
-0.00032154421
-0.0002926343
-0.00032825113
-0.00040627382
-0.00040755011
-0.0003717778
-0.000332375
-0.00036077158
-0.00047285081
-0.0004828512
-0.00042687429
-0.00042777066
-0.00049468433
-0.00066600554
-0.00080304086
-0.00081139908
-0.00084912073
-0.0009207711
-0.00095669407
-0.0010029378
-0.0010073924
-0.00096474239
-0.00092510425
-0.00082316436
-0.00072019553
-0.00064417935
-0.00054134871
-0.00052506034
-0.00048772898
-0.00033761718
-0.00029051714
-0.00028406168
-0.00023176355
-0.00023765958
-0.00019468318
-8.9398804E-005
-0.00010693078
-0.00015658843
-4.6824796E-005
6.8385991E-005
0.0001086371
0.00022190668
0.00037352226
0.00055067072
0.00074714923
0.00088136841
0.00097941607
0.0010603649
0.0011901512
0.0012822597
0.0012371594
0.0012521537
0.0012550383
0.0011485333
0.0010891188
0.00099868909
0.00088017969
0.00087776786
0.00095707591
0.001025138
0.0010142624
0.001010743
0.0010489324
0.0010434949
0.001113839
0.0012105423
0.001129559
0.001022783
0.00094563386
0.00077899452
0.00067559269
0.00066741009
0.00060338224
0.00050100929
0.00037839293
0.00028625192
0.00028474786
0.00027950073
0.00023827233
0.00015258099
4.03259E-005
4.0439467E-005
5.0613926E-005
-7.9736601E-005
-0.0001752544
-0.00024301559
-0.00040993415
-0.00046521315
-0.00046676816
-0.00064054731
-0.00073896023
-0.0007294169
-0.00080956524
-0.0008882854
-0.0010046319
-0.0011419477
-0.0011755808
-0.0012071737
-0.001214186
-0.0011794501
-0.0011537172
-0.001053697
-0.00098078232
-0.00096080411
-0.00083063199
-0.00070484279
-0.00065627799
-0.00056045922
-0.00049511233
-0.00048917887
-0.00039294176
-0.00027086382
-0.00025530488
-0.00027205792
-0.00021619297
-9.9416779E-005
1.8862203E-005
0.00012116472
0.00018258313
0.00025278551
0.00042772779
0.00059032271
0.00066855678
0.0007913314
0.00095947564
0.0010650507
0.0010904145
0.0011007062
0.0010837668
0.0010541345
0.001133899
0.0011855618
0.0010971308
0.0010407501
0.0009544947
0.00080262875
0.00076583831
0.00078790064
0.00082975329
0.00090713461
0.0009005086
0.00086029613
0.00084319612
0.00085257291
0.00092928536
0.00090518035
0.00079402002
0.0007504446
0.00062545366
0.00047019622
0.00039810798
0.00029767244
0.00028768703
0.00034594911
0.00027859944
0.0001794803
7.3582407E-005
-1.551316E-005
-1.3148948E-005
-6.1165978E-005
-0.00013897294
-0.00017793379
-0.00029026991
-0.00040486892
-0.00047372733
-0.00059222482
-0.00069112197
-0.00072771544
-0.00077029091
-0.00082007662
-0.00088553823
-0.00092942471
-0.00093195308
-0.0010198844
-0.0011501833
-0.0012121436
-0.001244761
-0.0012001572
-0.001125948
-0.0010939732
-0.0010000159
-0.00089594244
-0.00082155393
-0.00071024243
-0.00060927751
-0.00055655342
-0.00051408476
-0.00042634853
-0.0004139994
-0.00053206366
-0.00056906586
-0.00049947365
-0.00041461815
-0.00037180548
-0.00036896043
-0.00028977296
-0.00020803764
-0.00012959017
3.8702725E-005
0.0001567998
0.00022894898
0.00031200887
0.00035450203
0.00045206296
0.00055074657
0.00054506253
0.00054799172
0.00050456292
0.00039073921
0.00038625076
0.00040232565
0.00039176107
0.00044906724
0.00044314895
0.00042176488
0.00045677062
0.00046737917
0.00056789222
0.00068856234
0.00074491207
0.00084006588
0.00087354955
0.00083493086
0.00075902458
0.00064125948
0.00059901871
0.00055655837
0.00043478308
0.00030238793
0.00018959264
0.00013626351
0.00013016052
0.0001561391
0.00019413224
0.00019257459
0.00019291867
0.00021863345
0.00020013518
0.00013724492
0.00014395246
0.00015182412
-1.1987882E-005
-0.00018388039
-0.00025633918
-0.00038198999
-0.00048622952
-0.00056615425
-0.00073984353
-0.00078909681
-0.00070406694
-0.00074879563
-0.00084317656
-0.0009066083
-0.00097913609
-0.00099162525
-0.00099291443
-0.0010140591
-0.0010326138
-0.0010403564
-0.00094803097
-0.00090902258
-0.00098240061
-0.00093006669
-0.00087174936
-0.00087067176
-0.00078875996
-0.00075882359
-0.00074380421
-0.00068708166
-0.00068925379
-0.0007075374
-0.00075538852
-0.00071427692
-0.00053406751
-0.00041418293
-0.00030199139
-0.0002364425
-0.00022022982
-5.4198343E-005
5.2300253E-005
5.3790613E-005
0.00014223473
0.00021433482
0.00026640942
0.00030163195
0.0003067666
0.00033536882
0.00031418074
0.00031123721
0.00034677715
0.00035785779
0.00044006322
0.00054716325
0.00061083888
0.00062118151
0.00056479988
0.0005878341
0.00069359702
0.00073820428
0.00075570238
0.00078979775
0.00080859661
0.00079309207
0.00071821245
0.00064698036
0.00064984558
0.0006302438
0.00054040697
0.00044234592
0.00033268949
0.00026003594
0.00029409808
0.00032740738
0.00026484163
0.00022317561
0.00026308381
0.00026626643
0.00017234644
6.537131E-006
-9.5023577E-005
-9.9026925E-005
-0.00022177618
-0.0004134762
-0.00059724896
-0.00085273426
-0.00099037448
-0.0010679213
-0.0011798276
-0.001150705
-0.0011665612
-0.0011968364
-0.0011073927
-0.0011445918
-0.0011634206
-0.0011438291
-0.0012621589
-0.0012590012
-0.0012193461
-0.0012411805
-0.0011659472
-0.0012312512
-0.0013517382
-0.0012898021
-0.0012338418
-0.0011458043
-0.0010242963
-0.00098226103
-0.00090840133
-0.00085234665
-0.0007938639
-0.00065234152
-0.00054522272
-0.00044082469
-0.00032819831
-0.0002224965
-5.5355835E-005
7.2205505E-005
0.00011440781
0.00011438263
0.00014052457
0.00023249503
0.00023304597
0.00020607785
0.00022136822
0.00013651753
0.00013896568
0.00021617128
0.00016251687
0.00022340124
0.00040573362
0.00052073254
0.00066541956
0.00083199149
0.00097176118
0.0010554779
0.0010686568
0.0010962775
0.0010917031
0.0010880163
0.0011393793
0.0010855829
0.00098022481
0.00094518194
0.00087836146
0.0008153157
0.00083521963
0.00080251857
0.00073930959
0.00079053541
0.0008180592
0.00079244096
0.00084027508
0.00084752502
0.00080031867
0.00077568128
0.00074858154
0.0007285403
0.00063720724
0.00049443933
0.00037131654
0.00017188989
-4.1648896E-006
-9.5655094E-005
-0.00029803967
-0.00053826632
-0.00066748331
-0.00078612607
-0.00087494421
-0.00089071097
-0.00093780202
-0.00094309472
-0.00084506482
-0.00077127229
-0.00073312694
-0.00068953197
-0.00066075206
-0.00067293853
-0.00067857129
-0.00059608422
-0.00057741121
-0.00068327278
-0.00071153505
-0.00069922156
-0.00072081183
-0.00067791546
-0.00059717172
-0.00052776746
-0.00045891776
-0.0003944987
-0.00034646594
-0.00029088403
-0.00015253043
9.132983E-006
0.00013057122
0.00027242908
0.00038584089
0.00045557076
0.00055588695
0.00067018345
0.00073625334
0.00073711068
0.00078620465
0.00084311439
0.00077051052
0.00072734104
0.00072501309
0.00065748714
0.00064296526
0.00065935944
0.0006962521
0.00084374013
0.0010408964
0.0012195002
0.0013477089
0.0014424763
0.0015145881
0.0015650901
0.0016350343
0.0016580666
0.0016302795
0.0015810415
0.0014460867
0.0013142759
0.0012369679
0.0011456591
0.0010863799
0.0010577205
0.0010151739
0.0010009152
0.00098844233
0.00093569484
0.0009033645
0.00089434668
0.00087191042
0.00083774241
0.00076408882
0.00067259144
0.00056147558
0.00042092043
0.00035979587
0.00029740579
0.00010219448
-6.839609E-005
-0.00017856051
-0.00034348079
-0.0004898929
-0.00060800277
-0.00076560059
-0.00085674948
-0.00085408025
-0.00082789385
-0.00076740352
-0.00072081375
-0.00069222529
-0.00065638003
-0.00062889321
-0.00052473351
-0.0004282493
-0.00044892397
-0.00044792434
-0.00045666899
-0.00053319469
-0.00055860361
-0.0005520769
-0.0005442322
-0.00050310197
-0.00044945476
-0.00039350463
-0.00036151611
-0.0003514706
-0.00031390035
-0.00022986869
-9.1808732E-005
4.5166722E-005
6.8762718E-005
2.5045787E-005
8.8812594E-005
0.0002164052
0.00027208225
0.00032597117
0.00035321235
0.00028632639
0.00027146042
0.00029677211
0.00026974187
0.00024639739
0.00020034594
0.00015766111
0.00018636759
0.00024470448
0.00036216862
0.00053521211
0.00071733689
0.00090800459
0.0010358229
0.0011447661
0.0012759871
0.0012935156
0.001292201
0.0013650279
0.0013306799
0.0012070828
0.0010705672
0.00089591532
0.00078253471
0.00071072008
0.00061132817
0.00052289886
0.00044818583
0.00042486255
0.00040781937
0.00036157138
0.00036046805
0.00033216245
0.00029767238
0.0003174108
0.00023969093
7.6375625E-005
-2.9988285E-005
-8.5174775E-005
-0.00019808531
-0.00040203545
-0.00059469498
-0.00079677155
-0.0010162354
-0.0011509545
-0.0012963748
-0.0014731461
-0.0015330852
-0.001521585
-0.0015020086
-0.0014330522
-0.0013556175
-0.0012884315
-0.0011800374
-0.001057987
-0.00097660581
-0.00091960916
-0.00083290128
-0.00076781941
-0.00083653658
-0.00092352857
-0.00093789416
-0.0010066527
-0.0010649961
-0.0010507961
-0.001082017
-0.0010750561
-0.00099677627
-0.00099106377
-0.00096591364
-0.00082779181
-0.00069928786
-0.00060063414
-0.00049519341
-0.0004050248
-0.00032882657
-0.00025315266
-0.00014184331
-6.7125031E-005
-7.0490321E-005
-2.4958197E-005
-2.4345184E-006
-3.247771E-005
1.256832E-006
-2.1427113E-005
-7.0785012E-005
-5.3474188E-005
-7.4719777E-005
-3.2028209E-005
0.0001295813
0.00030866213
0.00048335732
0.00060532463
0.00074132375
0.00090335094
0.00099288032
0.0010929523
0.0011706791
0.0011658653
0.0011933031
0.0011584345
0.00099713565
0.00087585225
0.00080047915
0.0007145431
0.00064706511
0.00057137816
0.00047415699
0.000412041
0.00040273429
0.00037850061
0.00034179515
0.00035375173
0.00034197076
0.00027429682
0.00020927921
0.00012405161
1.9557519E-005
-8.6901331E-005
-0.00018233662
-0.00024996948
-0.00034006394
-0.00043882561
-0.00056772045
-0.00075312442
-0.00085257186
-0.00092820369
-0.0010570157
-0.0010683432
-0.0010347592
-0.0010261125
-0.00095272984
-0.00091439398
-0.00089576055
-0.0008189549
-0.00071259367
-0.00058095978
-0.00054215972
-0.00057550258
-0.00057059317
-0.0006346837
-0.00075421442
-0.00083675241
-0.00088602572
-0.0008892559
-0.00090376666
-0.0009478326
-0.00094001612
-0.00085881585
-0.00074541388
-0.00062600366
-0.00048399044
-0.00034313134
-0.00022990836
-0.00013976873
-9.9883146E-005
-7.6667842E-005
-5.6465815E-005
-6.7271598E-005
-6.1208397E-005
-6.5620508E-005
-9.1353912E-005
-7.0017464E-005
-4.610727E-005
-9.0421472E-006
6.3672574E-005
8.9392917E-005
0.00014118441
0.00027448722
0.0004311502
0.0006478185
0.00086700835
0.0010434835
0.0012205148
0.0013132727
0.0013720315
0.0014646918
0.0014858625
0.0014723189
0.0014334809
0.0013190053
0.0011929341
0.0010457976
0.00088132615
0.00074511598
0.00063936308
0.00057098398
0.00048843736
0.00040239302
0.00036942944
0.00036386092
0.00039032372
0.00041546323
0.00038255259
0.0002977782
0.00018511183
0.00010695275
1.2526296E-005
-0.00013932632
-0.0002609457
-0.0004056347
-0.00054481655
-0.00062654063
-0.00080445007
-0.00099163782
-0.0010809145
-0.0011652827
-0.0011841819
-0.0011584085
-0.0011493547
-0.0010837869
-0.00099355215
-0.00089079805
-0.00080824649
-0.00079898915
-0.0007273443
-0.00061516277
-0.00058334018
-0.00056015915
-0.00058894116
-0.0007007884
-0.00077663764
-0.00085082883
-0.00091907318
-0.00092415087
-0.00095049944
-0.00096462469
-0.00093726948
-0.00093426195
-0.00085763499
-0.00068967842
-0.00052461808
-0.00036824404
-0.00026418094
-0.00016895974
-2.9034489E-005
4.8400285E-005
8.7505527E-005
0.00014886151
0.00016503151
0.0001676541
0.00019562665
0.00020649424
0.00022913681
0.00026462183
0.00026765282
0.00029279542
0.00037123138
0.0004912478
0.00066405541
0.00083957904
0.0010211762
0.0012066069
0.0013367529
0.0014833509
0.0016084701
0.0016291121
0.0016672035
0.0016886207
0.0015994644
0.0014639166
0.0012690718
0.001039799
0.00085698924
0.00070485059
0.00056762021
0.00045808149
0.00040157663
0.00037405622
0.00034348323
0.00035064248
0.00038860433
0.00042895391
0.00043451332
0.00038554467
0.00032811533
0.00021460374
8.1525941E-005
1.9583561E-006
-0.00015742179
-0.00032932067
-0.00039868403
-0.00051099237
-0.00062992016
-0.00069048017
-0.00078874273
-0.000861815
-0.00084680616
-0.00077430584
-0.00068121724
-0.00064732524
-0.00061426521
-0.00051907741
-0.00045614256
-0.00041882056
-0.00038159586
-0.00036698824
-0.0003127236
-0.00026047786
-0.00031891477
-0.00043693275
-0.00050656602
-0.00053870253
-0.00058470579
-0.00061209779
-0.00065835949
-0.00074544665
-0.00075030135
-0.00069568475
-0.00064944825
-0.00055233459
-0.00039286341
-0.00022792316
-0.0001325514
-4.3031698E-005
9.3698865E-005
0.00015613949
0.00021109496
0.00032283482
0.00035295903
0.0003530368
0.00041208649
0.00045817523
0.00048616904
0.00053679978
0.00059271423
0.00064515293
0.00071889925
0.00082262652
0.00095275108
0.0011086896
0.0012624705
0.0013632529
0.0014203688
0.001502958
0.0015913122
0.0016394433
0.0016934593
0.0017257383
0.0016690047
0.0015713511
0.0014512253
0.0012777683
0.0010972416
0.0009511984
0.00082188868
0.00069059012
0.00054361392
0.00040741236
0.00034063912
0.00034175432
0.00033331677
0.00026163799
0.00020999771
0.0002252718
0.00018601045
8.8479363E-005
9.0191534E-006
-8.5837964E-005
-0.00016856079
-0.00024139605
-0.00038038348
-0.00053485198
-0.00064598251
-0.00072445429
-0.00079857919
-0.0008935302
-0.00096415327
-0.00098418735
-0.00096472522
-0.00091565761
-0.00090480217
-0.00090829574
-0.0008463171
-0.00077876216
-0.00072030618
-0.00064009131
-0.00058566581
-0.00055252487
-0.00055231771
-0.00060922542
-0.00070546783
-0.00082453265
-0.0008665268
-0.00087457302
-0.00097998511
-0.0010738864
-0.0011124333
-0.0011277354
-0.0010581235
-0.00094789075
-0.00082784198
-0.00068462751
-0.00053609663
-0.00038204686
-0.00026425035
-0.0001535249
-4.0501527E-005
-1.8146266E-005
-2.4508519E-005
-3.0894253E-006
-1.0719309E-005
-6.6857506E-006
2.9610017E-005
4.046363E-005
4.1259835E-005
9.4607203E-005
0.00018048762
0.00025231272
0.00037198013
0.00054921769
0.00069181278
0.00079775613
0.00087586656
0.00090329134
0.00092592742
0.00098033319
0.00102759
0.0010148095
0.00095588039
0.00087477121
0.00074380625
0.00057885225
0.00042862806
0.00028973256
0.0001492173
2.8271692E-005
-8.6556276E-005
-0.00020961957
-0.00025451108
-0.0002142944
-0.00017563267
-0.00012782817
-8.4566134E-005
-7.9568148E-005
-8.55607E-005
-0.00010180246
-0.00014369718
-0.00025475185
-0.00038763342
-0.0004425722
-0.0005336933
-0.0007013788
-0.00081270497
-0.00090714084
-0.00099204504
-0.00099317078
-0.00099801121
-0.00099851086
-0.00090355356
-0.00079200196
-0.0007153757
-0.0006682981
-0.00067272148
-0.0006813308
-0.00066780165
-0.00062173983
-0.00056048599
-0.00059834722
-0.00068212522
-0.00073263852
-0.00083334919
-0.00090114871
-0.00091228739
-0.00099191163
-0.0010424132
-0.0010447537
-0.0010843036
-0.0010736008
-0.00099263538
-0.00086530071
-0.00069998379
-0.00055165304
-0.00040160242
-0.00026999065
-0.00017478455
-6.6966371E-005
4.9907362E-006
5.5139237E-005
0.00011914207
0.00010795487
7.6448174E-005
0.00012274901
0.00017078202
0.00019213541
0.00024036637
0.00031255186
0.00040060483
0.00052813953
0.00068084837
0.00082366966
0.00097268971
0.0011030349
0.0011616093
0.001200599
0.001230263
0.0012090137
0.0012095477
0.0012345854
0.0011769065
0.0010565495
0.00095201097
0.0008490085
0.00072115747
0.00060292886
0.00050780457
0.00039987441
0.00029658896
0.00022838992
0.00016727584
0.00013396083
0.00018119146
0.00024567841
0.00025153434
0.00025443005
0.00026628605
0.00023950744
0.0002255408
0.00021044491
0.00012422843
1.8408657E-005
-6.4104745E-005
-0.00014246535
-0.00023932275
-0.00034084899
-0.00041886794
-0.00050072337
-0.00053076848
-0.00048693933
-0.00049827015
-0.00050986058
-0.00045974247
-0.00047885836
-0.00052952819
-0.00053527812
-0.00054513902
-0.00054686115
-0.0005336217
-0.00051781279
-0.00053000107
-0.00059511
-0.0006452087
-0.00069311284
-0.00073992624
-0.00071830308
-0.00073762686
-0.00082452368
-0.00086003542
-0.00086857972
-0.00085584639
-0.00079433218
-0.00071191788
-0.00058869872
-0.00043017333
-0.00025697151
-8.721248E-005
4.7921894E-005
0.0001869635
0.00031760681
0.00039781231
0.00046796448
0.00051014789
0.00052060443
0.0005548565
0.00058818789
0.00060547364
0.00061515445
0.00063569593
0.00072106521
0.00083854015
0.00095132034
0.0010546187
0.0011132795
0.0011610966
