0.0015300522
0.00016727997
0.00044791444
0.0013082837
0.0020634625
0.0022763256
0.0021322332
0.002353413
0.0029943173
0.0036716044
0.0043413024
0.0048484253
0.0049175071
0.0046550622
0.0044232807
0.0045648036
0.0051215934
0.0056957342
0.0056405431
0.0050388873
0.0051086931
0.0059571159
0.0063948222
0.0064996588
0.0065149399
0.0062734429
0.0067705358
0.0078129023
0.0079250485
0.0074711107
0.007330888
0.0073883566
0.0073479828
0.0071031274
0.0071871695
0.0075742947
0.007130723
0.0064361738
0.0069258837
0.0074793734
0.0071728476
0.0073518194
0.0077474746
0.0070118709
0.0063041952
0.0063711475
0.0058514536
0.0050023608
0.0044697286
0.0030598834
0.0014298422
0.0013600062
0.0013668668
0.0002993056
7.134708E-005
0.00011597634
-0.0013515282
-0.0023423068
-0.0026293555
-0.004837886
-0.0076773441
-0.009038642
-0.010828955
-0.013616224
-0.014789167
-0.015831713
-0.019215483
-0.020915175
-0.020371497
-0.022669766
-0.025666578
-0.025579521
-0.026255598
-0.027834017
-0.024256974
-0.018945711
-0.016951958
-0.011276796
-0.0040182946
-0.0043021804
-0.0035304627
0.0019329616
0.0012117305
0.00011940368
0.0068311226
0.0087187756
0.0048697288
0.010138821
0.016109081
0.010510584
0.0091346335
0.016700711
0.013482837
0.0043863598
0.0088905143
0.01372145
0.0046819425
-0.00070109661
0.0012143521
-0.0059496867
-0.011806536
-0.0037479403
-0.00046934068
-0.0052031185
-0.00075730606
0.00093243323
-0.01069255
-0.013897981
-0.0086050658
-0.017310401
-0.02959194
-0.028814765
-0.029769668
-0.033376593
-0.02352987
-0.016523277
-0.022419004
-0.014283303
0.0034942038
0.0007376626
-0.0063089388
0.0025220767
1.4593582E-005
-0.018832957
-0.018966023
-0.0047145868
-0.0053514517
-0.006973458
0.0069233966
0.011185269
0.0006419266
0.0042368723
0.01383256
0.0069172354
0.0044644414
0.01736429
0.023205331
0.027526619
0.042783946
0.041160434
0.017653102
0.0080507938
0.007175283
-0.0059144679
-0.0095285755
-0.0024579796
-0.010565687
-0.016653903
1.9922596E-005
0.013213797
0.011669113
0.016610313
0.016138697
-0.0058061634
-0.015069964
-0.0033097994
-0.010685772
-0.027185028
-0.016476061
-0.0038200386
-0.0094032576
0.0015908784
0.025152843
0.023391139
0.019953204
0.03949111
0.047993723
0.045755524
0.062228721
0.072660036
0.062987536
0.065381467
0.068516523
0.044242281
0.025812849
0.03195012
0.025027726
0.0062047709
0.0048598303
0.0012708758
-0.011664432
-0.0019226088
0.010888428
-0.0085311066
-0.024112295
-0.013663123
-0.019926362
-0.03886069
-0.027200764
-0.011263105
-0.016063388
-0.0012689114
0.02322788
0.012662048
0.0025528953
0.019288776
0.019797878
0.0098993303
0.024092928
0.028122004
0.0018963574
-0.011589855
-0.0107089
-0.026881039
-0.039567109
-0.034480933
-0.039962236
-0.048194386
-0.038931776
-0.039570779
-0.050361618
-0.032297749
-0.0060827853
-0.005212245
0.0051923804
0.02953274
0.016525431
-0.016088223
-0.01852701
-0.018275447
-0.04100316
-0.049387187
-0.037361573
-0.03752574
-0.042333778
-0.036330253
-0.034853645
-0.03992027
-0.043907627
-0.051546473
-0.052692428
-0.039648794
-0.034785055
-0.042451836
-0.036688048
-0.022728555
-0.024938228
-0.030552711
-0.028197164
-0.033211786
-0.033307329
-0.013474091
-0.0027440735
-0.0071196132
0.0044538146
0.019194555
0.010450223
0.0050346833
0.018440593
0.019155685
0.0068391073
0.0091888011
0.015531137
0.011958981
0.01104728
0.0076466179
0.00075788383
0.015511104
0.037086084
0.02893386
0.015588865
0.028673779
0.036409628
0.021992531
0.02354723
0.041315656
0.0393009
0.034123849
0.046902988
0.043349784
0.020233015
0.020173734
0.030357057
0.017304717
0.010504095
0.027568845
0.03467425
0.027362211
0.024426306
0.019533254
0.010179162
0.0077155144
0.006769205
-0.00073768769
0.0010120491
0.015509422
0.018403638
0.015420008
0.028744314
0.036807165
0.025451988
0.022087872
0.023446826
0.0097838808
0.0054335599
0.011584808
-0.00655914
-0.02225164
-0.0022121507
0.0072497092
-0.011788103
-0.0099614477
0.0074090678
-0.001136436
-0.013085819
-0.0045060134
-0.0046822615
-0.012162943
0.0022418408
0.016757479
0.012614318
0.01567607
0.020389194
0.0067684054
0.0014086221
0.012034603
0.0080463318
0.00051165745
0.012848158
0.019275205
0.011546612
0.01654567
0.018230408
-0.0023192461
-0.0099292584
0.0021326144
-0.0017468506
-0.012510723
-0.0048453645
0.00094745797
-0.0082246382
-0.012173283
-0.011601322
-0.018017435
-0.02102259
-0.022023538
-0.030648652
-0.032050014
-0.022585358
-0.022842651
-0.030195972
-0.029580701
-0.031588897
-0.039511725
-0.033799328
-0.021350602
-0.024101116
-0.029477943
-0.023105498
-0.019370778
-0.022613619
-0.02092086
-0.015436841
-0.013154383
-0.011861985
-0.0092639234
-0.0091485307
-0.012900291
-0.016417259
-0.015685119
-0.010405567
-0.0065934081
-0.005817316
0.0026559951
0.01627335
0.018786404
0.018615795
0.030482998
0.036990568
0.027260622
0.023391126
0.029894948
0.024547199
0.0094049135
0.0038931181
0.0046780962
0.0033483398
0.0052815648
0.0061741341
-0.0030905821
-0.012143578
-0.012178364
-0.01288134
-0.015048311
-0.010396978
-0.0058457176
-0.0033861606
0.0081901737
0.019012706
0.0135095
0.0050089788
0.0051216981
0.0032916954
-0.00017976529
0.0043956013
0.0055624801
-0.0051505305
-0.010322426
-0.0065834289
-0.0091736605
-0.011766098
-0.006057892
-0.0067772008
-0.012719326
-0.0049024103
0.0063005928
0.0036969986
0.0029541731
0.013893832
0.021340797
0.02521871
0.03763276
0.049075507
0.047084421
0.042647779
0.043880254
0.042075805
0.035751488
0.029259354
0.018972017
0.0068846657
0.0035352085
0.0043672449
-0.0016242025
-0.0057717822
-0.0036208436
-0.0087116016
-0.020086924
-0.025766563
-0.026831996
-0.025944997
-0.021282177
-0.018379461
-0.020682391
-0.019875677
-0.014993634
-0.015151982
-0.019175189
-0.021360591
-0.021030977
-0.01577889
-0.0078234933
-0.004337729
-0.0036160867
-0.00076281844
0.0010162201
-0.00212051
-0.0062837722
-0.0069363727
-0.0080876593
-0.014446069
-0.019275667
-0.013456767
-0.0032009711
-0.0017409868
-0.0045942818
0.00054825348
0.0057670902
0.00047379246
-0.0044783084
-0.0023508822
-0.0049162894
-0.013108389
-0.01389351
-0.009424977
-0.0097067039
-0.010690173
-0.0096939504
-0.012021432
-0.012703788
-0.0067590419
-0.0038716083
-0.0066912398
-0.0058509479
-0.0035553998
-0.0045948788
-0.0022260931
0.0018569534
0.00038781759
-0.00066457514
-0.0010370525
-0.0088256756
-0.013719339
-0.0076990281
-0.0054338402
-0.0073665595
-0.0006753843
0.0040099858
-0.0012996369
0.0011861497
0.01454426
0.020531628
0.017562367
0.015313369
0.013785494
0.012940773
0.013274384
0.012139338
0.011541078
0.010172956
0.0044560321
0.0020595905
0.0059826775
0.0067693852
0.0058393148
0.01115139
0.015681552
0.013223288
0.011642613
0.011485067
0.0058338675
0.00054514303
0.003347934
0.0069759078
0.0045756325
0.0049397177
0.012538106
0.015078885
0.0093350494
0.0052150092
0.0037452104
0.0035235246
0.006155197
0.0069164066
0.0075711226
0.015316403
0.02057633
0.015719052
0.013503445
0.016071308
0.011071843
0.0035700018
0.004776461
0.0058778021
-0.0015472565
-0.005232424
0.00098170864
0.0029805617
-0.003070785
-0.0061960132
-0.0072789378
-0.011985494
-0.013455463
-0.0088799205
-0.0080796918
-0.011252663
-0.0095424689
-0.0078722658
-0.0127776
-0.015344873
-0.012211308
-0.011516229
-0.012135649
-0.011125971
-0.012870995
-0.012922646
-0.0082447929
-0.0081349174
-0.0082637528
0.0012028455
0.0074932324
0.0035075333
0.0047884947
0.010684676
0.0068257656
0.0037458481
0.013175907
0.018698223
0.012905873
0.0099653518
0.0083855158
-0.00070845411
-0.0066195284
-0.0041131773
-0.0034985116
-0.0028657441
0.0024240497
0.0036696496
0.00088229391
0.0018254444
0.0005989435
-0.0064098658
-0.010252255
-0.011369432
-0.012887768
-0.009529274
-0.0075272177
-0.012461717
-0.012155015
-0.0072935047
-0.011037135
-0.015057737
-0.0091900146
-0.0057208198
-0.0083948895
-0.0072041713
-0.0083176838
-0.016533345
-0.018949123
-0.015591679
-0.015736304
-0.012394791
-0.0025842525
0.0030916294
0.0046028029
0.0053598839
-0.0012015712
-0.0090470389
-0.0040767165
0.0034402099
0.0021500858
0.0064041247
0.016332081
0.014021097
0.0087713664
0.011834605
0.0071545527
-0.0023854787
0.00088059733
0.0012537526
-0.0095818592
-0.0066784155
0.0032211987
-0.0055984715
-0.013984483
-0.0045205131
-0.0003122676
-0.0082425112
-0.010960324
-0.010217856
-0.013847226
-0.01456535
-0.012081254
-0.01331603
-0.011508174
-0.0029007164
0.0023290992
0.0042380337
0.011057827
0.017959725
0.017542047
0.014110613
0.011453207
0.0086555276
0.0095205121
0.013498964
0.014391413
0.015342843
0.017534362
0.013261824
0.0067844493
0.0081141619
0.011455297
0.01028888
0.011453976
0.015382202
0.013874155
0.0097640771
0.0092409961
0.0089807035
0.0061369152
0.0032003762
0.0025550709
0.0035178417
0.0016849168
-0.0044334433
-0.0076904879
-0.0033553413
0.0018824037
0.0041471464
0.0080707613
0.01010663
0.0038592156
-0.0027036474
-0.0023169026
-0.0012838473
-0.0013484731
0.0034966113
0.0085390564
0.0065856506
0.0055621667
0.01039777
0.0092997327
0.0011408639
0.001577301
0.0063200304
-0.0011770037
-0.010086148
-0.0076925615
-0.0074139507
-0.012654568
-0.0110493
-0.0075461599
-0.010031799
-0.0091661662
-0.0043018181
-0.0055969013
-0.0058865245
0.0018853896
0.0050606285
0.0017508375
0.0038311665
0.0069646551
0.0054677855
0.0093425903
0.015473733
0.011012051
0.0061376635
0.0090205846
0.0056171366
-0.00094037672
0.0053885258
0.013312727
0.010283078
0.0097737601
0.014630272
0.011565733
0.0070291893
0.010871507
0.011697728
0.0068446812
0.0078088231
0.0080499267
-0.00083897531
-0.0061604027
-0.0063243811
-0.014005489
-0.020309905
-0.015645672
-0.015064807
-0.020057652
-0.015096026
-0.010499025
-0.018156117
-0.017835386
-0.005849971
-0.0064248908
-0.012906378
-0.0053651119
0.00022606095
-0.006292338
-0.0064209672
-0.0038189918
-0.012787425
-0.01755753
-0.011497243
-0.011317124
-0.010963405
-0.00079246709
0.00095489237
-0.0066312319
-0.002569152
0.0034404353
-0.0036877056
-0.0057932702
0.00087749586
-0.0026946357
-0.0053941468
0.0070921681
0.01253592
0.0044820397
0.0060476675
0.011558348
0.0036899459
-0.00047360183
0.0076074712
0.0069162268
0.00020054284
0.0042385128
0.0054940218
-0.0039797225
-0.0056035309
-0.0011270407
-0.0052859201
-0.0071968352
-0.0014435778
-0.0048031551
-0.013331108
-0.0099047981
-0.0042021954
-0.0084423777
-0.010529676
-0.004267049
-0.0017632778
-0.0040658438
-0.00030935046
0.0064514698
0.0081348671
0.0088035176
0.0088997763
0.0037313297
0.0001729214
0.0027312303
0.0018855711
-0.0034295486
-0.0022238446
0.003255069
0.0023206871
-0.00043216284
0.0027697594
0.0052681235
0.0031026341
0.0036503994
0.0067151124
0.006277882
0.0067145443
0.010481044
0.010927013
0.011063959
0.015456922
0.014291048
0.0071112565
0.0061151707
0.0062760231
-0.0013482998
-0.0061861086
-0.0030814828
-0.0026534707
-0.0041705864
-0.00023167327
0.0016688766
-0.0019086264
-0.001214741
0.0012628384
-0.0010464954
-0.00041177453
0.0031380681
0.00033196097
-0.0016431765
0.0039969278
0.0047699702
-0.00044881235
0.0013792259
0.0020492554
-0.0083468026
-0.013056877
-0.00753533
-0.010318239
-0.017898459
-0.015549953
-0.012624224
-0.015520599
-0.014169098
-0.011615821
-0.014119782
-0.013226319
-0.0091077862
-0.010028711
-0.0099282619
-0.0049043102
-0.0040548998
-0.0052336846
0.00014157279
0.0043984591
0.002045118
0.0030437515
0.0064437501
0.0026082904
-0.0010353875
0.00091317756
-0.0011061935
-0.0038552785
0.00027101938
0.002136427
0.00034480327
0.0043015247
0.0081621455
0.0055579389
0.0061781006
0.010937373
0.0085862512
0.0027453431
0.0028304837
0.0027157811
0.00011865741
0.0034552997
0.007169757
0.0045021754
0.005678908
0.0099796718
0.0062536695
0.0021347573
0.0046976791
0.0031901565
-0.0039948458
-0.0072828666
-0.0081662945
-0.0097082257
-0.0073022856
-0.0036379152
-0.0030578619
-0.0012633462
-3.2199965E-005
-0.0034359493
-0.0036648617
0.0013377364
0.0017235128
-0.00028712084
0.0045233881
0.0093847374
0.0072630127
0.0068677249
0.0097375829
0.0061084693
-1.8814611E-005
0.00016382411
-2.1243117E-005
-0.0039185476
-0.0036066601
-0.0014721142
-0.002969539
-0.0012264102
0.0045748539
0.0051784846
0.0031162826
0.0053286273
0.0059605013
0.0024041126
0.0018137688
0.0021868304
-0.0022159975
-0.0051956293
-0.0021373082
0.00072887901
0.0027428677
0.0082297819
0.011682125
0.010550837
0.012001489
0.013263645
0.0082761468
0.0042341822
0.0054027978
0.005835779
0.0050563575
0.005917612
0.0056026131
0.0032392754
0.0017879893
0.00099177775
0.00082885765
0.0025128697
0.002380081
-0.0011596438
-0.0027530359
-0.0019923064
-0.0033612598
-0.0055971015
-0.0062570581
-0.0063238097
-0.0062092426
-0.0066320268
-0.0076253349
-0.0066992147
-0.0046969685
-0.0046172547
-0.0038853008
-0.00059915223
9.5680743E-006
-0.003062638
-0.0043410435
-0.0046016504
-0.0066710045
-0.0064799138
-0.0032167002
-0.0024949708
-0.0029123013
0.0009650024
0.0043191351
0.0022846435
0.0011627995
0.0028465732
0.0022559904
0.0013034652
0.001583403
-0.00087894039
-0.0033960827
-0.0016683658
-0.0014869673
-0.0065103089
-0.010065978
-0.0097246636
-0.010035816
-0.011026393
-0.010982767
-0.011171118
-0.010903959
-0.009122842
-0.0076925368
-0.0067509469
-0.0045286333
-0.0027777713
-0.0038900308
-0.0048040245
-0.0022011755
0.0005357698
-0.00021504317
-0.0012639863
0.00060618814
0.0027236773
0.0030647374
0.0040617697
0.0058119018
0.005336138
0.0043886364
0.0061058654
0.0073304274
0.0064114877
0.0074672024
0.0086937184
0.0048354371
0.0012938746
0.00363898
0.0048448066
0.002417508
0.0034339051
0.0053650327
0.0033156653
0.0037962589
0.0074215694
0.0060895062
0.0024603894
0.0024791956
0.0018819446
-8.3792722E-005
0.0025800036
0.0065439329
0.0055146725
0.0039822832
0.0050072246
0.0037858456
0.001399646
0.0015082452
0.00015290569
-0.0022527161
0.00043907139
0.0043868632
0.0038084921
0.0025463633
0.0020527183
-0.00097610365
-0.0041284473
-0.003873985
-0.0024869391
-0.001842235
-0.00049806567
0.0011085839
0.0019533536
0.0039754645
0.0071960888
0.0085301455
0.0082001537
0.0092994729
0.012203587
0.013589137
0.011181775
0.0082044499
0.0070261727
0.0042917398
0.00090952718
0.0018098948
0.0035048837
0.0008766125
-0.0021646032
-0.0022111349
-0.0016267118
-0.00098876958
0.0003564556
0.00039066823
-0.00079164776
-0.00014559124
0.0007398072
-0.0018488395
-0.0052233641
-0.0065140878
-0.0079457313
-0.0091955941
-0.0086549064
-0.0084445346
-0.0082891667
-0.0055529503
-0.0026778977
-0.0024861437
-0.0015279474
0.0014417262
0.0018007655
0.0002113994
0.00085591862
0.00085498934
-0.0023863914
-0.0037688101
-0.0014058538
-0.001324102
-0.0043138578
-0.003892418
-0.00093471713
-0.00099484774
-0.0010720271
0.0017764039
0.0021384517
-0.00088373979
-0.00098721078
0.0019851134
0.0030441992
0.0027566636
0.0041387687
0.0047881673
0.001883212
-0.0016626089
-0.0031822578
-0.0042286864
-0.0058244481
-0.0070327991
-0.0070836395
-0.0065185367
-0.0075407806
-0.009961348
-0.009671269
-0.0072376514
-0.0080309538
-0.0098802056
-0.0070764762
-0.0038445315
-0.0055581252
-0.0067940825
-0.0038611677
-0.0030143065
-0.0048864973
-0.0027157031
0.0011050003
0.0012961394
0.0020207728
0.0054299328
0.0070401356
0.0056272107
0.0027575297
-0.00043763456
-0.0027456491
-0.0052363458
-0.0083479052
-0.0090381019
-0.0080778813
-0.0090258401
-0.0089741442
-0.0051399688
-0.0020774
-0.001069525
0.0020356351
0.005127016
0.0039125262
0.0028171095
0.0056306561
0.0072983056
0.0063443626
0.0080046412
0.011175259
0.011203917
0.009962908
0.0087963762
0.0060505047
0.0048157531
0.0058449181
0.0038299111
0.00098457257
0.0028199735
0.0041805073
0.0020934991
0.0031396414
0.0048091514
0.00039562825
-0.0024160254
0.0011057319
0.0016399898
-0.0011717582
0.00045397697
0.0025622521
0.00048925332
0.00011612661
0.0022262135
0.0015981181
0.00060907414
0.0015216257
0.00084454619
-0.0002274914
0.00030549895
-0.00090752955
-0.002726448
-0.00064546481
0.0016736846
0.00028640413
0.00046157339
0.0026462628
0.00049133616
-0.0015609538
0.0016009968
0.0021461584
-0.00065458688
0.001090897
0.0028635454
-0.00052793091
-0.0026649656
-0.0029832886
-0.0056137093
-0.0060883556
-0.0030784917
-0.0028225635
-0.0046713105
-0.0043164021
-0.0039502676
-0.0045965007
-0.0035790296
-0.0033928654
-0.0059275944
-0.0057969377
-0.0028819977
-0.0034763156
-0.0049853548
-0.0022324002
-0.00070268061
-0.0038803725
-0.0054325233
-0.0041920948
-0.0052065183
-0.0068255165
-0.0057823895
-0.005304527
-0.0062488685
-0.0050936434
-0.0034272489
-0.0040267231
-0.0039672637
-0.0023946245
-0.002811556
-0.00439185
-0.004060199
-0.0035909703
-0.004543622
-0.0042443112
-0.0021392982
-0.00087903079
-0.00073344953
-5.9174028E-005
0.00060333457
3.4353354E-005
0.00010992649
0.0021708629
0.0032753593
0.002406907
0.0026478968
0.0039872737
0.0038102586
0.0033695349
0.004791345
0.0059937141
0.0056403033
0.0054919641
0.0052142693
0.0044310195
0.004859997
0.0052483948
0.0041626603
0.0037455454
0.003629508
0.0013165988
-0.0010748606
-0.00089567131
-0.00065625389
-0.0010329307
0.0014771716
0.0046073655
0.0036902619
0.0024280956
0.0040283278
0.0043342775
0.0034442556
0.0059728581
0.0090521565
0.0079152677
0.0063950974
0.0073585222
0.0065463283
0.004138757
0.0044989968
0.005293766
0.0030255239
0.00096248236
0.0017674641
0.0035174629
0.0051758387
0.0061625922
0.0050767371
0.0033830504
0.0028250467
0.0019639276
0.00084242417
0.0012307756
0.0016162799
0.00073093065
0.00087802846
0.0018721389
0.0012181277
-3.0483197E-005
-0.00077694096
-0.0022375174
-0.0028286765
-0.0011550669
-0.00097045326
-0.0032143006
-0.0033016908
-0.0012694261
-0.00074071909
-0.0010270359
-0.00069040508
-0.00099364133
-0.0021448168
-0.0025462087
-0.0021540329
-0.002013634
-0.0011093798
0.00078434008
0.0012047744
0.00047837989
0.0011126207
0.0020094647
0.0011275229
-0.00050915714
-0.0019705002
-0.0035787174
-0.0042673512
-0.0037012058
-0.0032253237
-0.0023788502
-0.0012640344
-0.0018963051
-0.0031403557
-0.0028377143
-0.002377942
-0.002541027
-0.0017815751
-0.000923466
-0.001446248
-0.0011629312
0.00034902385
-0.00057595532
-0.0031141704
-0.0028726878
-0.00097291119
-0.00056366553
-0.0003998277
3.619424E-005
-0.0013350334
-0.0025600856
-0.0012174625
-0.00074603548
-0.0021703246
-0.0017894821
-0.0004533575
-0.00046963969
0.00018773958
0.0016529611
0.0013517522
0.00036696807
0.00033170756
-0.0005549253
-0.0015686499
-0.00010191471
0.00098556885
-0.00071485183
-0.0012042786
0.00063082017
0.00088049006
-0.00014174315
0.00012599886
9.3264898E-005
-0.00091633043
-0.00010720262
0.0014289805
2.4094801E-005
-0.0020329235
-0.0014845361
-0.0011202144
-0.0017940289
-0.00013116965
0.0017939322
0.00031776665
-0.0008489422
0.00058686163
0.00066393637
-0.00034410501
0.00067221367
0.00099500921
-0.001195796
-0.0022871403
-0.0021710801
-0.003090916
-0.0022300999
0.0010085724
0.0023377636
0.0027084963
0.0044737388
0.0043969098
0.0028819968
0.0040859678
0.0055449982
0.0046021095
0.0050355885
0.0068706819
0.0061918292
0.0052812779
0.0065425443
0.0059304
0.0031745189
0.002926524
0.003580892
0.0019438318
0.0016401536
0.0035194536
0.0027807024
0.00034617956
0.00013339096
0.00012632486
-0.0013504262
-0.001432708
3.5284898E-005
0.00085067499
0.0018851617
0.0030951703
0.0019383532
-0.00031603361
-0.00060528703
-0.00022312971
-0.00074975326
-0.0006302307
5.8538291E-005
-0.00026495344
-0.00011670799
0.0019881439
0.0032501691
0.0021359478
0.0019612091
0.00312711
0.0023909474
0.0011893954
0.001722386
0.0012610772
-0.00026498086
0.00020336045
0.00051930046
-0.0015890438
-0.0028182983
-0.0026763408
-0.0039894977
-0.0050101113
-0.0042377952
-0.0048525622
-0.0065971129
-0.0060225413
-0.0052162115
-0.0064689396
-0.006008964
-0.0034620503
-0.0034353221
-0.0052061202
-0.0052345637
-0.0047124233
-0.0048845094
-0.0039389525
-0.0028664784
-0.0038140076
-0.0041271807
-0.0024621361
-0.0022351993
-0.0029421244
-0.0017693697
-0.00076759345
-0.0006306952
0.00081406691
0.0018698268
0.0017102937
0.0029988645
0.0043205284
0.0030347023
0.0018727805
0.0024898127
0.0021811663
0.0014844725
0.0026159592
0.0030214682
0.0012719363
0.00028737332
0.00039620503
-0.00048789437
-0.0018189384
-0.0023219194
-0.0024194012
-0.0017006632
0.00037193293
0.0014377622
0.00078980211
0.0014600969
0.0026881881
0.0015066296
0.00062230625
0.001912422
0.0013428868
-0.0010319927
-0.001010102
-0.00037881604
-0.0016139519
-0.0016624435
-0.00059695798
-0.0012698851
-0.0015600629
-0.00070742815
-0.0020325854
-0.0040577427
-0.0036564434
-0.0035847838
-0.0056102434
-0.0063283113
-0.0048217084
-0.0032833961
-0.0017063062
-0.00025655731
-0.00014208017
-0.00024468437
-4.9532249E-005
-0.00090717623
-0.0012254021
0.00093547179
0.0022198411
0.00041224426
-0.00010507066
0.0019631889
0.001649286
-0.00076634262
-0.00061165774
0.00043909816
-0.00072020915
-0.0014278733
-0.00052309874
-0.00027088192
-2.491053E-006
0.00080531678
0.0005113412
0.00042057174
0.0012333018
0.00040414612
-0.00043959028
0.0013607554
0.00193427
-0.00022340484
-0.00091817207
-0.0011506467
-0.0034207255
-0.0038771101
-0.00180053
-0.0016277344
-0.0023771815
-0.0012078832
-0.00081090198
-0.0023914541
-0.0028619261
-0.002197389
-0.0022568866
-0.0018841462
-0.0010356256
-0.0019255019
-0.0033373991
-0.0031849383
-0.0029533193
-0.0027539176
-0.0014622448
-0.0013513125
-0.0027234782
-0.0021697076
-0.00077415403
-0.0019555639
-0.0029641986
-0.00082580518
0.00087639148
0.00037480344
0.00054732978
0.0012134867
0.00078831735
0.00064473704
0.001197846
0.0012279275
0.0015304239
0.002391635
0.001682554
0.00040832907
0.0018179341
0.003974047
0.0037073728
0.0033330114
0.0043583675
0.0041164611
0.0032157553
0.0043303035
0.0052319882
0.0038180707
0.0029350021
0.0035710048
0.0032781807
0.0027956069
0.003541851
0.0028762291
0.00046063968
-0.0002101279
0.00056198001
0.00023823818
-0.0002646237
0.00018628041
0.00049858738
0.0010057823
0.002546906
0.0031597367
0.001983959
0.0013314117
0.001483305
0.00082466233
0.00031287337
0.0008343748
0.00067505619
-6.9599526E-005
0.00018773114
0.00036440749
3.1780193E-005
0.00081115001
0.0017515719
0.0012865459
0.00063488871
0.00054812059
0.00029630007
-8.6099622E-005
-0.00044214239
-0.00091586716
-0.00083303556
0.00027687458
0.0014303086
0.0016509382
0.0012585587
0.00095038814
0.00094034109
0.00083122973
0.00013556723
-0.00053294236
-0.00065149314
-0.0012199222
-0.0021880481
-0.0020486328
-0.0011186916
-0.00050869293
0.00031875848
0.0014911889
0.0019787357
0.0020612269
0.0025135218
0.0024612774
0.0015617443
0.0013929921
0.002242899
0.0023121431
0.0011842237
0.00049286592
0.00065705762
0.00019924932
-0.00092305307
-0.0012022906
-0.00095556275
-0.0012304817
-0.0013334339
-0.00079066714
-0.00030568964
-0.00016652555
-0.00024279607
-0.00037085169
-0.00036743094
-0.00056893163
-0.0010413412
-0.00082987099
-0.00011902838
-0.00063898176
-0.0017056939
-0.000913964
0.00045968452
0.00023296163
0.00039403592
0.0019369249
0.0019064989
-6.698956E-005
-0.00111024
-0.0012607742
-0.0020650369
-0.0023227972
-0.001683937
-0.0018645886
-0.0020348975
-0.0011061364
-0.00081150146
-0.0010843974
-0.00029539206
0.00022213535
-0.0005266316
-0.0010260859
-0.0016110254
-0.0029187978
-0.0026392038
-0.00057411136
0.00018726946
-0.00029541558
0.00026875004
0.0011178354
0.00099254411
0.001165933
0.0020927771
0.0024060032
0.0020773506
0.0018467464
0.0013171694
0.00072302762
0.00093246024
0.0014799654
0.0020364127
0.0029948079
0.0035333927
0.003113355
0.0028436156
0.0028184729
0.0023670876
0.0021680184
0.0020974667
0.0012492602
0.00088755606
0.0016762604
0.0015921282
0.00043368904
0.00026114934
0.0013127859
0.0024708104
0.0031162975
0.0030363023
0.0027052532
0.0025657509
0.0022647167
0.001570033
0.00068825873
-7.6147233E-005
-0.00067407405
-0.0012416817
-0.0012763743
-0.00060212042
-0.00031806555
-0.00074919517
-0.00089465815
-0.00063178333
-0.00075503491
-0.001198733
-0.0013830251
-0.0011656388
-0.00034762523
0.00072337664
0.00098990591
0.00046333866
-0.00022570055
-0.001102114
-0.001993787
-0.0021762478
-0.001355513
-0.00025517942
0.00021508514
-3.5683603E-005
-0.00064290472
-0.0011758623
-0.0011861295
-0.00095686101
-0.0011243755
-0.0012633551
-0.0010629683
-0.0012257481
-0.0014121408
-0.0010294418
-0.0012318096
-0.0025615443
-0.003527883
-0.0030275779
-0.0015873761
-0.00030317658
6.9081165E-005
-0.0003297186
-0.00042012081
9.3310038E-005
2.8268801E-006
-0.0009212789
-0.0013414725
-0.0011785494
-0.0015212054
-0.0018657811
-0.0011436871
-0.00020806718
-0.00019023893
-0.0005048223
-0.00034037602
-0.00012059753
-0.00056047662
-0.0013793006
-0.0019440467
-0.002399036
-0.0028889664
-0.0031647678
-0.0034367228
-0.0037489485
-0.0034636722
-0.002512227
-0.0017241641
-0.001453504
-0.00097493688
8.7144261E-005
0.0010030845
0.0011973906
0.00081440102
0.00032600024
0.00015847832
0.00036260395
0.00063959666
0.00050942757
0.00029869896
0.00082378322
0.0013691542
0.0011119043
0.00085852644
0.0010872703
0.001366526
0.0014400787
0.0012986776
0.00096513267
0.00046059731
0.00024224925
0.00060115108
0.00088238984
0.00096304854
0.0011703739
0.00076650287
-1.3395768E-005
0.00052112382
0.0014731989
0.00068728311
-0.00035332827
4.7064073E-005
-1.7025772E-005
-0.0013291771
-0.0020913885
-0.0022765037
-0.0027796209
-0.0026245832
-0.0017381019
-0.0015813458
-0.0011569331
0.00062935695
0.0013008047
-1.4215106E-005
-0.0006669357
-0.00030206545
-0.00066607335
-0.0013189922
-0.0012967996
-0.0010662391
-0.00072552962
-0.00044828517
-0.00084856799
-0.00098102307
-0.00026695183
-0.00032641695
-0.001143816
-0.00071068673
0.00035142087
0.00024780593
3.6157227E-005
0.00060308981
0.00055855094
-5.6215398E-005
-7.1565424E-005
-0.00010488198
-0.00054935546
-0.00057940587
-0.00049620279
-0.00076839793
-0.00053846702
0.00027735735
0.0008040127
0.0012243488
0.0015134081
0.00074959546
-0.00018044087
4.5896388E-005
6.0010247E-005
-0.00095980935
-0.0013661841
-0.00093849516
-0.0011257707
-0.0019010812
-0.002212598
-0.0017188975
-0.00086686847
-0.00063818227
-0.0014747684
-0.0022817838
-0.0023517113
-0.0024092237
-0.0023542547
-0.0017573374
-0.0017634181
-0.0027222398
-0.0030613712
-0.0024548299
-0.002067558
-0.0017003503
-0.00069134339
7.488182E-005
0.00026733082
0.00078265578
0.0013237317
0.0012030345
0.00087499851
0.00063097442
0.00047538211
0.00051642465
0.00021059316
-0.00046302931
-0.00046221202
-4.7409423E-005
-0.00011296801
0.00025970742
0.001412586
0.0017586299
0.0012039039
0.00080972357
0.00040714885
0.00042328626
0.0012088973
0.0010534779
1.6947626E-005
0.00024095553
0.0010015944
0.0009021
0.0013370198
0.0021685674
0.0014429293
0.00074700749
0.0019589399
0.0024854443
0.001117812
0.00059656863
0.00093951577
5.0541421E-005
-0.00082759128
-0.00060179218
-0.00097472139
-0.0020190601
-0.0022546162
-0.0017672521
-0.0012853248
-0.00091813796
-0.00036901073
0.00059126859
0.0016060745
0.0022714362
0.0027701114
0.0031469685
0.0030371384
0.0026277432
0.0023095992
0.0017670161
0.0011865351
0.0015058022
0.0022537299
0.0022020366
0.001907099
0.0022699763
0.0027013053
0.0028173891
0.002706625
0.0019578044
0.00097319949
0.0005784487
0.00021991566
-0.00023565463
0.00011827672
0.00034590642
-0.0004650999
-0.00035490107
0.00090524909
0.00072967703
-0.0003125947
-0.00032856481
-0.0004961805
-0.00071273575
0.0004757799
0.00069224468
