@@Floating Point 32 bit
-0.044359185
-0.024084918
-0.065887526
-0.080114417
-0.063648202
-0.13641436
-0.074758507
-0.14060161
-0.15818448
-0.076393023
-0.24584451
-0.098104842
-0.19590376
-0.25896707
-0.071554162
-0.39941505
-0.093913741
-0.26358706
-0.4207758
0.070949025
-0.59541947
-0.041208565
-0.027748415
-0.60304952
0.65400219
-0.29070306
0.1352378
1.3562465
-0.39034867
0.14583978
0.47210863
-0.42415375
0.03315828
0.066579528
-0.14545274
-0.24338369
0.031771533
0.095884927
-0.21540765
0.057835814
0.15267898
-0.12932347
-0.058092304
0.16716304
0.017357994
-0.14530614
0.10582693
0.055882394
-0.20706028
0.041472372
0.13692072
-0.12495842
-0.031392179
0.1623542
-0.010550377
-0.10912067
0.12350034
0.056516174
-0.13644531
0.043902505
0.086968169
-0.056038786
0.014313606
0.12337549
-0.0046007275
-0.039460659
0.11578573
0.031174367
-0.02871283
0.10801792
0.090162016
0.0085496418
0.026953941
0.087356202
0.013154943
-0.049886025
0.048315857
-0.0096576391
-0.049619243
0.041022915
0.047296189
0.0063346731
0.015853679
0.073578998
-0.0032565787
-0.012536686
0.061160833
-0.0042803041
-0.010738689
0.0093366485
-0.0029554239
-0.025966669
-0.0015110455
0.030327499
-0.034366488
-0.0058524366
0.029178644
-0.01168965
0.010307493
0.033846751
0.0091522131
-0.012795544
0.012969545
0.0142593
-0.0018311493
0.016769422
0.01816933
-0.013898815
0.0032290646
0.035425805
-0.018810356
0.002994745
0.031559821
-0.014118305
0.0079354122
0.0066357967
0.0010962101
-0.0093666222
-0.0034827525
0.0072405534
-0.03530113
-0.0041999999
-0.0055301446
-0.033279952
-0.020176983
-0.017761629
-0.010626052
-0.019849055
-0.0015229376
-0.00086450792
-0.019237433
-0.0027225222
-0.0084889485
-0.011352782
-0.013089335
-0.0043738834
-0.0057605659
-0.014533351
-0.0037070166
0.00087046524
-0.0047860448
0.0019692509
0.0033752024
0.00019816002
-0.0056355246
-0.0083283409
0.014354656
-0.0090256557
-0.00547144
0.0089918291
-0.015246436
-0.00072203582
-0.0046956851
-0.0049392506
-0.0087777721
-0.0027266708
0.0091270888
-0.027322555
0.01837139
0.0029621986
-0.031729557
0.022165656
-0.023123255
0.00056323962
0.012103491
-0.021551283
0.011649435
-0.015468054
0.0047365525
0.00043118617
-0.0038244028
0.024992654
-0.0065030931
0.0017639942
0.013075897
-0.0022378648
0.00051052251
0.012113125
0.0031958038
-0.0099468054
0.017033895
0.025993282
-0.0021842925
0.017126573
0.03080889
-0.0084411362
0.010759896
0.023938181
-0.011871112
0.0078913895
0.0029863054
-0.0082892068
-0.0052234619
-0.0083040362
0.01392174
-0.017493093
-0.0069913124
0.022005098
-0.019187994
-0.00036359782
0.017273158
-0.0068007759
0.00866793
0.0075250352
0.0063663931
-0.00028754532
-0.0079444591
0.015951317
-0.026337378
-0.012042357
0.0090514077
-0.028149638
0.0074981498
-0.0089452183
-0.0062649632
0.0076249503
-0.027447743
0.022948626
-0.017778182
-0.018579321
0.021248315
-0.0455948
0.0069016642
-0.0067351745
-0.017650027
0.020351103
-0.020502707
0.032966413
-0.0021077951
-0.0074388119
0.036535591
-0.027235279
0.018028632
0.0036763081
-0.018623006
0.022223927
-0.01969186
0.0069458
-0.0018397419
-0.025957456
0.0083787944
-0.022526558
-0.012490945
0.0052423086
-0.019211568
7.7905672E-005
0.0071483534
-0.0081680343
0.0014935727
0.0016320384
-0.0083265025
-0.0092340391
-0.0086652031
-0.0049662739
-0.0096815238
-0.0038357691
0.0011191792
-0.020224838
0.0011730359
-0.00019153208
-0.013284988
0.018329039
9.2380185E-005
0.006569956
0.016995264
0.0036491384
0.022277549
-0.0043034172
0.021987468
0.02202112
-0.015292996
0.035665292
0.0052660587
-0.0020090211
0.023184793
0.0056976336
0.0070125828
-0.0014404822
0.017137486
0.0016228494
-0.0082571264
0.023274699
0.0036650933
-0.0019807445
0.012136756
0.0088763582
-0.0059285052
0.0063887443
0.012209849
-0.017340068
0.013348938
0.0081705274
-0.00070242723
0.01574976
-0.00086121185
0.017657131
-0.011135869
0.00067068893
0.015025266
-0.029216165
0.010642838
-0.0033786399
-0.013541835
0.0083784098
-0.012577591
0.012896742
-0.011862012
0.0017654373
0.016884634
-0.025020353
0.016028084
-0.0097638313
-0.015959293
0.0038381962
-0.02257859
-0.00080549525
-0.024022954
-0.0048384056
-0.0067945719
-0.029137833
0.022901136
-0.010029754
-0.0048368121
0.011634891
-0.0029349152
0.011422938
-0.013394057
0.015615394
-0.0032149011
-0.023334745
0.02050188
-0.022190746
-0.0095543191
0.00081565481
-0.019971445
-0.0061371187
-0.023992352
0.0089947898
-0.019690342
-0.018450348
0.015518856
-0.033356696
-0.0039376109
-0.0064596091
-0.015066862
-0.0092049669
-0.01592947
0.015731126
-0.017606543
0.0016042994
0.025871098
-0.014322476
0.0022559515
0.012393547
-0.0034339528
-0.015066611
0.0016970688
-0.0029634056
-0.021263679
-0.0073589636
0.0016144335
-0.017308397
-0.012435323
0.014861479
-0.016595313
-0.005494778
0.016864015
-0.0046921973
0.0075921761
0.013465856
0.0070439866
0.003246502
-0.0034936301
0.0098154293
-0.007086487
-0.01446986
0.0048952652
-0.010942923
-0.0016235319
-0.0016232975
0.0023446009
0.0035526666
-0.016061122
0.017659631
-0.011360517
-0.0083962064
0.021726064
-0.02076491
0.0053707082
-0.0036506183
-0.0025355534
0.0014047454
-0.020493694
0.014961642
-0.019622603
-0.01001042
0.0119369
-0.019882178
0.0048849131
-0.0040802788
0.0011516799
0.00073309854
-0.0033403768
0.023124086
-0.0063651651
0.0070305234
0.016429923
-0.0024031799
0.013625134
0.0074180341
0.0033441996
0.0018525482
0.0061211581
0.00048877799
-0.0079310751
0.0075325905
-0.0065606502
-0.010156421
0.0020039259
-0.011273188
-0.0030665647
-0.0005943373
-0.011467736
0.0026062259
-0.0012784335
-0.0031237896
0.00016281116
-0.012628649
-0.0012587784
-0.0041333004
-0.017037855
0.0029345148
-0.010524892
-0.012035475
-0.002614792
-0.019366385
-0.007595221
-0.015267394
-0.0084890109
-0.0064231893
-0.021923168
0.0058864905
-0.019294847
-0.0091349287
0.0055427644
-0.02808517
0.0063462541
-0.011584059
-0.017361971
0.0062954547
-0.016707649
0.01019147
-0.00058659888
-0.01653803
0.022562489
-0.018934647
-0.0079354458
0.019215353
-0.033674777
0.014473321
-0.0032913997
-0.025569431
0.019395584
-0.025158778
0.01049153
-0.0039324961
-0.01627882
0.023430893
-0.03225641
0.018725194
-0.0028563526
-0.018698128
0.030659523
-0.025964031
0.010041292
-0.00022469222
-0.013973437
0.016160205
-0.023503358
0.010527381
-0.0025392976
-0.010484793
0.011124494
-0.019436676
0.006812125
-0.0048840153
-0.010332609
0.0017453295
-0.018885348
0.0037945898
-0.0051921597
-0.0066658668
0.0085642459
-0.0092124362
0.009261664
0.005011023
0.0002810774
0.013954769
0.00015279141
0.005171556
