0.011981698
0.011553858
0.0099426834
0.0073626009
0.0040588258
0.00027393046
-0.0036162494
-0.0071468009
-0.0099590756
-0.011816214
-0.012567739
-0.012131087
-0.010554633
-0.0080277603
-0.0047422629
-0.0009520161
0.0029233249
0.0064034942
0.0091281421
0.010943008
0.011729914
0.011330089
0.0097386474
0.0071608345
0.0038957964
0.00021556547
-0.0035795479
-0.0070517808
-0.0097964918
-0.011581298
-0.012294479
-0.01188071
-0.010344318
-0.0078467652
-0.0046411562
-0.00097750046
0.0027937044
0.0062208818
0.0088987583
0.010628255
0.011367405
0.011013785
0.0094966311
0.0069657806
0.003741018
0.00016575299
-0.0034790153
-0.0068477923
-0.0095216306
-0.011223997
-0.011858016
-0.011414814
-0.0099061197
-0.0074292286
-0.0042480505
-0.00066328252
0.0030157964
0.0063955914
0.0090745362
0.010787449
0.011483716
0.01115929
0.0097482139
0.0073189107
0.0041617029
0.00066742621
-0.0028376572
-0.0060839592
-0.0087090954
-0.010383077
-0.010978882
-0.010514223
-0.0090465033
-0.0066472576
-0.0035303759
-4.1503605E-005
0.0034930278
0.0067345616
0.0093204426
0.010963187
0.011559718
0.011163119
0.009781247
0.0074262531
0.0043184008
0.00085355435
-0.0025756734
-0.005705955
-0.0082762986
-0.0099635227
-0.010582594
-0.010141203
-0.0087353801
-0.0064571118
-0.0034519893
-4.2992397E-005
0.0033905245
0.0065227249
0.0090398956
0.010667913
0.011246578
0.010800205
0.0094153741
0.0071217511
0.0040691518
0.00061963819
-0.0027887232
-0.0058277505
-0.0083008129
-0.0099664824
-0.010595087
-0.010147398
-0.0087353485
-0.0065076929
-0.0036017471
-0.00026939405
0.0030926329
0.0061293165
0.0085616577
0.010153822
0.01074231
0.010291844
0.0089108571
0.0067038471
0.0037799366
0.00042626122
-0.0029239424
-0.0058748354
-0.0082129212
-0.0097937398
-0.010410273
-0.0099563496
-0.0085193552
-0.006287694
-0.0034468651
-0.00019180732
0.0031329645
0.0061256522
0.0084964447
0.010050534
0.010658125
0.010251301
0.0088964226
0.0067575849
0.0039676102
0.00074282102
-0.0025328263
-0.0054356875
-0.0076828036
-0.009171267
-0.0097825117
-0.0093705943
-0.0079575032
-0.0057375459
-0.0029596221
0.00017028669
0.003389834
0.0063033798
0.0085772052
0.010031076
0.010573365
0.010151816
0.008782574
0.0066255941
0.0038846289
0.00075797207
-0.00243941
-0.0053051417
-0.0075055608
-0.0089107389
-0.0094967755
-0.0091593312
-0.0078442441
-0.0056989854
-0.0029993749
-6.9016096E-006
0.0030631365
0.0058922204
0.0081127398
0.0095102191
0.010012435
0.0096063958
0.0082928361
0.0061681229
0.003468558
0.00043481475
-0.0026679272
-0.005486025
-0.0076711429
-0.0090262191
-0.0095499475
-0.0092294794
-0.0079876464
-0.0058979075
-0.0032281389
-0.00030354038
0.0026323409
0.0053530755
0.0075277947
0.0088874586
0.0093500577
0.0089392159
0.0076892539
0.0056512803
0.0030223276
9.2694514E-005
-0.0028738568
-0.0055807489
-0.0077067302
-0.0090135932
-0.0094528729
-0.0090869861
-0.0078917667
-0.0058705797
-0.0032307119
-0.00031761164
0.0025562856
0.0051896418
0.0073405136
0.0087208813
0.0091984123
0.0088010849
0.0076107942
0.0056886282
0.0031610802
0.00031910648
-0.0025281205
-0.0051170243
-0.0071750083
-0.0084670363
-0.0088839261
-0.0084847156
-0.0073294472
-0.0054110237
-0.0028627897
-8.2201541E-006
0.0027846517
0.0052720965
0.0072995857
0.008634707
0.0090841735
0.0086413091
0.0074169892
0.005524924
0.0030655763
0.00027120332
-0.0025140468
-0.0050082291
-0.0069831554
-0.0082421545
-0.0086594718
-0.008239503
-0.0070930012
-0.0052755196
-0.0028599978
-0.00010328135
0.0026200966
0.004998751
0.0068885456
0.0081593441
0.008616142
0.0081824977
0.0069527905
0.0050853179
0.0027098467
-1.0619447E-005
-0.0027598406
-0.0052060476
-0.0071265283
-0.0083655678
-0.0088123688
-0.0084215682
-0.0072793369
-0.0055136457
-0.0032044745
-0.0005385697
0.0021396652
0.0044720522
0.0062584337
0.0074408366
0.0078980736
0.0075038946
0.0062996387
0.0044622011
0.0021845563
-0.00038825671
-0.00302304
-0.005372656
-0.0071796137
-0.0083121276
-0.0087009156
-0.0083069187
-0.0071564098
-0.0053922297
-0.0031537507
-0.00058421708
0.002039168
0.0043603587
0.006111735
0.0072243409
0.0076767635
0.0073570651
0.0062342486
0.0044543357
0.0022500053
-0.00018557294
-0.0026832176
-0.0049548009
-0.0066981683
-0.0077617965
-0.0081078075
-0.0077302265
-0.00662369
-0.0048869625
-0.0027131746
-0.00026653626
0.0022379628
0.0044894824
0.0061930018
0.007218529
0.007595534
0.0072885687
0.0062169302
0.0044609392
0.0022611436
-0.00011764508
-0.0025017667
-0.0046978439
-0.0064100293
-0.0074379062
-0.0077471547
-0.0073702084
-0.0063261529
-0.004657249
-0.0025435274
-0.00020579997
0.0021632523
0.0043119472
0.0059634899
0.0069335303
0.0072213346
0.0068828585
0.0058673602
0.0041780081
0.0020116605
-0.00033494859
-0.0026309043
-0.0047337464
-0.0064239637
-0.0074624568
-0.0077704214
-0.007394982
-0.006399605
-0.0048140534
-0.0027530002
-0.00046644581
0.0018146976
0.0038798223
0.0054915827
0.0064537725
0.006708446
0.0063402662
0.0053798086
0.0037979961
0.0017188961
-0.00056594034
-0.0027553297
-0.0046864566
-0.0062413076
-0.0072108577
-0.007459261
-0.0070182979
-0.0059896437
-0.0044460818
-0.0024514738
-0.0002075232
0.0020111005
0.0039932225
0.0055499491
0.0065141376
0.0067879758
0.0064097475
0.0054809474
0.004013353
0.0020591514
-0.00014660733
-0.0022797126
-0.0041085095
-0.0055495086
-0.0064847586
-0.0067509278
-0.0063215685
-0.0052992175
-0.0038087475
-0.0019269487
0.00021916014
0.0023584075
0.0042359354
0.0056888503
0.0065930961
0.0068578599
0.0064656902
0.0055177617
0.0040985863
0.0022402117
0.00010754823
-0.0019939491
-0.0037765508
-0.0051196241
-0.0059973346
-0.0062946207
-0.0059167962
-0.0049266485
-0.0034801743
-0.0017098115
0.00029368329
0.0023278401
0.0041085435
0.0054508601
0.0062629827
0.0064936597
0.006109891
0.0051535773
0.0037510751
0.0019857446
-3.8250721E-005
-0.0020778202
-0.0038354159
-0.0051223352
-0.0059279762
-0.0062339269
-0.0059314426
-0.0050071422
-0.0035978227
-0.0018869609
4.9721089E-006
0.0019528106
0.0037003332
0.0050096135
0.005784533
0.0060081012
0.0056697815
0.0047649504
0.0033949455
0.0017064868
-0.00019556853
-0.0021295296
-0.0038219511
-0.0050388053
-0.0057232608
-0.0059332829
-0.0056236228
-0.0047222087
-0.0033124289
-0.0015986582
0.00023256356
0.0020803011
0.0037770895
0.0050682365
0.0058146468
0.0060121366
0.0056929877
0.0048602247
0.0035519938
0.0019232749
0.00012943786
-0.0016867176
-0.0033093253
-0.0045059929
-0.0051512634
-0.0052964087
-0.0049896878
-0.0041612159
-0.0028187898
-0.0011411678
0.00063263963
0.0023530365
0.0039279601
0.0051618116
0.0058663096
0.0060097869
0.0056515113
0.0048366436
0.0035726705
0.001964411
0.00021255216
-0.0015216675
-0.0030728059
-0.0042446116
-0.004888311
-0.0049991813
-0.0046784999
-0.0039245607
-0.0026903292
-0.0010883176
0.00063499622
0.0022568284
0.0036869182
0.004829613
0.0054987725
0.0056039598
0.0051992782
0.0043743211
0.0031664569
0.0016178315
-9.1679787E-005
-0.0017515908
-0.0032156711
-0.0043389439
-0.0049900711
-0.0051129018
-0.004779736
-0.004069217
-0.0029482984
-0.0014482825
0.00022459363
0.0018054371
0.003144105
0.0042054323
0.0048774639
0.005023635
0.0046477458
0.0038489886
0.0027139201
0.0012759318
-0.00035389181
-0.001942699
-0.0033050897
-0.0043265531
-0.0049135825
-0.0050028479
-0.0046124952
-0.0038509527
-0.0027582047
-0.0013288191
0.00029939422
0.0018680757
0.0031612739
0.0041266382
0.0047527053
0.0049278433
0.0045868508
0.0038054453
0.0027123375
0.001383882
-0.00012854619
-0.0016460413
-0.0029425866
-0.003893066
-0.0044392557
-0.0045471047
-0.0041963463
-0.0034465673
-0.0023984094
-0.0010771684
0.00044834704
0.0019664881
0.0032284404
0.0041155913
0.0046610474
0.0048357323
0.0045367731
0.0037736669
0.00267586
0.0013828046
-4.1836105E-005
-0.0014998581
-0.0027693335
-0.003679248
-0.0041824314
-0.0042830771
-0.0039751772
-0.0032622153
-0.0022399859
-0.00099959911
0.000409297
0.0018375569
0.003051402
0.0038738598
0.0043035634
0.0044026263
0.0041085184
0.0033611974
0.0022487652
0.00094720238
-0.00041641164
-0.0017872752
-0.0030172693
-0.0039015061
-0.0043629571
-0.0044299182
-0.0041382648
-0.0034800498
-0.0024925699
-0.0012992958
1.0950484E-005
0.001342023
0.0025134587
0.0033352429
0.0037372082
0.0038037726
0.0035618322
0.0029234772
0.0018992057
0.00064967427
-0.00063857646
-0.0018812846
-0.0030129864
-0.0038563353
-0.0042772079
-0.0042877458
-0.0039583086
-0.0033170702
-0.0023550023
-0.0011630445
0.00011271598
0.00137365
0.0024916658
0.0033012272
0.0036911822
0.0037025649
0.0034384376
0.0028661354
0.001931558
0.00073840044
-0.00050611893
-0.0016496889
-0.0026587772
-0.0034493313
-0.003865741
-0.0038673375
-0.0035263228
-0.0029136292
-0.0020289165
-0.00089645741
0.00033347812
0.0015164918
0.0025553254
0.0033316161
0.0037341593
0.0037373423
0.0034390537
0.0028904118
0.0020275938
0.00088109885
-0.00036031916
-0.0014868192
-0.0024190226
-0.0031520922
-0.0035828652
-0.0036134841
-0.0032806606
-0.0026836423
-0.0018739513
-0.00084283203
0.00032030727
0.0014316933
0.0023721384
0.0030619826
0.0034238184
0.0034109256
0.0030643712
0.0024824142
0.0016613385
0.0005776537
-0.00064037932
-0.0017693003
-0.0026544966
-0.0033000568
-0.0037042315
-0.0037657088
-0.0034543388
-0.0028561417
-0.0020707261
-0.0011211827
-3.0417592E-005
0.0010436133
0.0019339384
0.0025689122
0.0029134988
0.0029397991
0.0026392012
0.0020828887
0.0013372495
0.00038183655
-0.00073060446
-0.0018092628
-0.0026511375
-0.0032029997
-0.0035283233
-0.0035883265
-0.003295826
-0.0026842291
-0.0018708823
-0.00094320305
9.0575399E-005
0.0011503298
0.0020447595
0.0026570829
0.0029707269
0.0029980543
0.0027338846
0.0021947103
0.0014695788
0.00059991737
-0.00040007895
-0.0014029997
-0.0022120757
-0.0027062988
-0.0029369618
-0.0029670612
-0.0027229199
-0.0021613613
-0.0013688029
-0.00047570706
0.00046015703
0.0014226923
0.0022769219
0.002861883
0.0031415219
0.0031515004
0.0029144532
0.0024128882
0.0016879487
0.00083573163
-0.00010295877
-0.0010574183
-0.0018674145
-0.0023792707
-0.0025810474
-0.0025848371
-0.002394032
-0.0019174913
-0.0011762324
-0.00030807496
0.00055826246
0.001401479
0.0021784061
0.0027297407
0.0029632722
0.002914499
0.002647026
0.0021671634
0.0014578563
0.0006023983
-0.00029881639
-0.0011925695
-0.0019731412
-0.0024979203
-0.0026974056
-0.0026523033
-0.0024526797
-0.0020374639
-0.0013531657
-0.00049569446
0.000364887
0.0011405711
0.0018382139
0.0023757983
0.002624948
0.0025817859
0.0023261253
0.0019061018
0.0012917207
0.00050372805
-0.00033388686
-0.0011325401
-0.0018238098
-0.00230675
-0.0024971052
-0.0024102021
-0.002163074
-0.0017725807
-0.0011479477
-0.00031365271
0.00056703069
0.0013371598
0.0019750933
0.0024861419
0.0027621994
0.0027348441
0.0024629324
0.0020345082
0.0014685231
0.00073896692
-7.0069509E-005
-0.00081901805
-0.0014358177
-0.0018636247
-0.0020439741
-0.0019535192
-0.0016638451
-0.0012626152
-0.000703873
5.4748227E-005
0.00090199243
0.0016537277
0.0022189836
0.002641021
0.0029025297
0.0029053611
0.0026455962
0.0022086194
0.0016631826
0.00099343888
0.00021393606
-0.00053216517
-0.0011263817
-0.0015291838
-0.0017194321
-0.0016790037
-0.0014198516
-0.0010289991
-0.00053768052
0.00011452314
0.00088573014
0.0016052779
0.0021203035
0.0024331766
0.0026124844
0.0026048697
0.0023415196
0.0018696031
0.0012888474
0.00064447493
-8.2457955E-005
-0.00081559335
-0.0013997126
-0.0017679156
-0.0019288401
-0.0018986847
-0.0016721365
-0.0012793374
-0.00079288997
-0.00020525193
0.00049305259
0.0011870181
0.0017083959
0.0019862303
0.0021053562
0.0021105169
0.0019199783
0.0015077594
0.00095851318
0.00037092154
-0.00024514835
-0.00088924984
-0.0014334576
-0.0017609937
-0.0018743292
-0.0018216363
-0.0016203268
-0.0012517039
-0.00075952517
-0.00019886259
0.00044053805
0.0011079202
0.0016575638
0.0019643162
0.002057371
0.0020508291
0.0019186238
0.0015730723
0.0010472666
0.0004614155
-0.00010450161
-0.00066570536
-0.0011762361
-0.0014969452
-0.0015799749
-0.0014848224
-0.0012739206
-0.00093600672
-0.00045435387
0.00010001485
0.00068042957
0.0012706229
0.0017794259
0.0020844853
0.0021507526
0.0020837563
0.0019479028
0.0016565748
0.001163317
0.00056153117
-1.2651407E-005
-0.00052415999
-0.00099832634
-0.0013475959
-0.001472211
-0.0014014958
-0.0012182384
-0.00094921299
-0.0005487153
-3.6967689E-005
0.00049541343
0.0010080489
0.0014546462
0.0017444527
0.0018074033
0.0016876344
0.001502372
0.0012336326
0.00078491878
0.00018858568
-0.0004087736
-0.00089790707
-0.0013022688
-0.0016267471
-0.001771935
-0.0017046683
-0.0014965596
-0.0012204081
-0.00086071523
-0.00037589992
0.0001575839
0.00064202945
0.0010427049
0.0013151277
0.0014052175
0.0013061682
0.0011089536
0.00087411568
0.0005197351
3.0894971E-006
-0.00056631188
-0.0010323622
-0.001353086
-0.0015933632
-0.0017261948
-0.0016708758
-0.0014527061
-0.001158877
-0.00082331448
-0.00039303262
0.00012321737
0.00060837198
0.000991159
0.0012512536
0.0013675718
0.001320429
0.0011370734
0.00090377446
0.00061225198
0.00018233425
-0.00034410571
-0.0008123939
-0.0011093197
-0.0012772979
-0.001378078
-0.0013482005
-0.0011436836
-0.00082394236
-0.0004689022
-7.9140984E-005
0.0003896686
0.00086442253
0.0012232886
0.0014341965
0.0015137201
0.0014721435
0.0013000628
0.0010382438
0.00073883811
0.00035437211
-0.00013428004
-0.0006161441
-0.00094497961
-0.0010935848
-0.0011682968
-0.0011902595
-0.0010742858
-0.00081180641
-0.00048204444
-0.00014648348
0.00022851088
0.0006477164
0.00098978647
0.0011712272
0.0012105871
0.0011512267
0.00099687628
0.00073135894
0.0004024189
3.1936193E-005
-0.00041511666
-0.0008874223
-0.001249513
-0.0014110234
-0.0014401786
-0.0014431118
-0.0013703797
-0.0011438417
-0.0008014898
-0.00044145045
-9.7270662E-005
0.00027476362
0.00062269584
0.00082493923
0.00086350198
0.00080142415
0.00068183412
0.0004753875
0.00017307267
-0.00016884593
-0.0005438464
-0.00094610092
-0.0012847807
-0.0014495908
-0.0014372274
-0.0013759076
-0.0013062258
-0.0011263373
-0.00080006581
-0.00041290317
-6.1733335E-005
0.00026593567
0.00059780641
0.00083576946
0.00090388767
0.00084746076
0.00074105244
0.00058909634
0.00033618213
6.8495133E-006
-0.00033511725
-0.00067896157
-0.00098295195
-0.0011592043
-0.0011552542
-0.0010459102
-0.00094249711
-0.00079431589
-0.00050229329
-0.00010289718
0.00027656791
0.00057190802
0.00083487283
0.001055394
0.0011355269
0.0010652074
0.00092114112
0.00075525907
0.00052380597
0.000190543
-0.00016975099
-0.0004967479
-0.00077454717
-0.0009602608
-0.0010041338
-0.00091937766
-0.00081520667
-0.00072371546
-0.00053493248
-0.0002094504
0.00014929162
0.00041825959
0.00060169428
0.00076658104
0.0008599998
0.00081041415
0.00065663556
0.000474645
0.00027030456
-2.3781899E-005
-0.00038778875
-0.0007194294
-0.00097711023
-0.0011498416
-0.0012178265
-0.0011671931
-0.0010452814
-0.00093105057
-0.00077640568
-0.00049179356
-0.00012491517
0.00018391828
0.00036040405
0.00047504055
0.00056938455
0.00056862191
0.00044604231
0.00026263815
7.4866213E-005
-0.00015256394
-0.00046754262
-0.00078668055
-0.0010134522
-0.0011387595
-0.001179521
-0.0011392951
-0.0010173515
-0.00086925481
-0.00071831531
-0.00048132133
-0.000136025
0.00020939836
0.00042865085
0.00052784436
0.00061342533
0.00067360845
0.00062271871
0.00046914161
0.00028789634
0.00010770593
-0.0001307178
-0.00041813467
-0.00063714344
-0.00073605229
-0.00074544101
-0.00070229796
-0.00060229062
-0.00043924706
-0.00025775097
-4.231925E-005
0.00026047663
0.00059873163
0.0008445172
0.00093307282
0.00095480465
0.00098959182
0.00096264412
0.00081095687
0.00058345834
0.00035952131
0.00013588753
-0.00013542511
-0.00038518393
-0.00051198329
-0.00052513479
-0.00049085746
-0.00043923696
-0.00033333866
-0.00017390661
2.9500716E-006
0.00022853909
0.00050435233
0.00073653349
0.00082684896
0.00080092851
0.00078646105
0.00078442931
0.0006827382
0.00046081279
0.00020451544
-1.6080226E-005
-0.00024216415
-0.00048985332
-0.00065447215
-0.00068703073
-0.00064781692
-0.00060200074
-0.00053351693
-0.00038658857
-0.00018891558
2.6425223E-005
0.00027079639
0.00050057878
0.0006284797
0.00061853445
0.00056486257
0.00055562257
0.00050856755
0.00033195302
7.3521289E-005
-0.00015421816
-0.00032532419
-0.00050243479
-0.00065170077
-0.00068361557
-0.00061649701
-0.00053345272
-0.00046501431
-0.00034372238
-0.00013668365
9.6055766E-005
0.0003302579
0.00055718183
0.00072321389
0.00077352504
0.00073751161
0.0007271372
0.00073776126
0.00064638752
0.00042941005
0.00019355799
3.7573936E-005
-7.620074E-005
-0.00020203035
-0.00026724036
-0.00022436959
-0.00013016119
-4.9389913E-005
3.8616246E-005
0.00021228462
0.00044794939
0.00066732382
0.00085305882
0.00099196669
0.0010537071
0.0010239417
0.00096454192
0.00093909772
0.00086711237
0.00066153653
0.00038415063
0.00016805556
5.3860003E-005
-4.2673222E-005
-0.00013654615
-0.00015138338
-8.4738975E-005
-3.79007E-006
5.7850772E-005
0.00016500082
0.00036139408
0.00056486262
0.00070868398
0.00079596677
0.00083482562
0.00081352249
0.00073652959
0.00067024847
0.00060752599
0.00044515484
0.00017781707
-7.7861332E-005
-0.00021698857
-0.00028115127
-0.00036901573
-0.00044074812
-0.00042265072
-0.00033875188
-0.00025236717
-0.00016057293
1.0936837E-005
0.00023746681
0.00040946426
0.00049742323
0.00053132762
0.00053360779
0.0004917357
0.0004137645
0.00033735888
0.00021557169
-5.184429E-006
-0.00025704436
-0.000412113
-0.0004347644
-0.00043790374
-0.0004780723
-0.00047180598
-0.00037657141
-0.00024329501
-0.00012542929
1.7603132E-005
0.00023417352
0.00043989212
0.0005503922
0.00058649719
0.0006032238
0.00061079103
0.00057160831
0.00050176546
0.00041740199
0.00026586381
5.6580564E-005
-0.00010845378
-0.00014284841
-0.00010094669
-0.00010836009
-0.00013727925
-8.2210106E-005
5.7398491E-005
0.0002028703
0.0003216606
0.0004784989
0.00066939095
0.00078791293
0.00080742745
0.00079063256
0.00078681629
0.00076280406
0.00067291991
0.00054945564
0.0004000238
0.00020429265
1.3359945E-005
-8.1633108E-005
-6.4689877E-005
-5.4209271E-005
-0.00011260581
-0.00013531542
-4.7483154E-005
9.7991593E-005
0.00021162292
0.00030361494
0.00043780729
0.00055610214
0.00057829177
0.00053791783
0.00050889846
0.00049876026
0.00043189959
0.00029376603
0.00013822335
-3.4287707E-005
-0.00021645379
-0.00034778638
-0.00037929637
-0.00036555689
-0.000415936
-0.00049015519
-0.00046037138
-0.00031557769
-0.00015720357
-5.4980927E-005
5.010148E-005
0.00018808033
0.00027145396
0.00026795914
0.00023773736
0.00023054174
0.00020161083
7.884857E-005
-9.5971896E-005
-0.00026014936
-0.00040674314
-0.00051663391
-0.00055473618
-0.00051925483
-0.00049636583
-0.00053105829
-0.00051378994
-0.00036535561
-0.0001536304
4.7040439E-006
0.00010041871
0.000219069
0.00034219533
0.00039049823
0.00037853364
0.00037264731
0.00038376989
0.0003295363
0.00018437128
3.4753997E-005
-7.6762029E-005
-0.00015682232
-0.00020048505
-0.00019298488
-0.00015789398
-0.00016451825
-0.00017581601
-8.0050071E-005
0.00011626889
0.00029587175
0.00037670531
0.00042395419
0.00051308423
0.00058089598
0.00057044788
0.00051992462
0.00048199136
0.00042657749
0.00028057597
8.9784E-005
-5.1769959E-005
-0.00013336814
-0.00018300774
-0.00021656552
-0.00022083416
-0.00021892444
-0.00023794149
-0.00019960947
-4.8979677E-005
0.00013509464
0.00023355272
0.00024007641
0.00026801566
0.00033527098
0.00034969905
0.00028721426
0.00020509974
0.00014073626
3.3395791E-005
-0.00014972626
-0.00031367582
-0.00039787544
-0.00043737685
-0.00048160701
-0.00052747753
-0.00054272666
-0.0005501759
-0.00053709792
-0.00043341698
-0.00025853899
-0.00011982414
-8.9493442E-005
-9.2385249E-005
-2.4901919E-005
5.2694217E-005
4.3942349E-005
-3.6853951E-005
-0.00011759697
-0.00019187354
-0.00032747243
-0.00049069111
-0.00057740114
-0.00058456563
-0.00058076385
-0.0006041649
-0.0006110908
-0.00056990259
-0.00050866947
-0.0004039701
-0.00023131672
-5.5160814E-005
3.0365181E-005
2.8396526E-005
6.5304019E-005
0.00017119963
0.00022819816
0.00018125317
9.3013943E-005
3.3959128E-005
-3.3152202E-005
-0.00015698734
-0.00025899961
-0.00027687303
-0.00025857837
-0.00027314073
-0.00031067763
-0.00029377171
-0.00022131094
-0.0001281861
4.9057085E-006
0.00016142988
0.00027024356
0.00028634196
0.00028134719
0.00035323799
0.00043327545
0.00040214544
0.00027252885
0.0001472632
6.971004E-005
-3.0132351E-005
-0.0001575233
-0.00022434698
-0.00022428735
-0.00022955718
-0.00027646215
-0.00029816909
-0.00023250279
-0.00012671099
-1.5410085E-005
0.00010543225
0.00020541094
0.00023781967
0.00020922266
0.00021683096
0.00027920204
0.00027162893
0.00013627608
-4.2261414E-005
-0.0001577732
-0.00023100288
-0.00034182635
-0.00044728589
-0.00048272932
-0.00048364699
-0.00051454862
-0.00056229276
-0.00053296279
-0.00042025789
-0.0003019821
-0.00019866152
-0.00010834488
-4.6689758E-005
-3.1574065E-005
-2.5508198E-005
3.525745E-005
8.4173313E-005
1.2146011E-005
-0.00015388547
-0.00029106904
-0.00033777655
-0.00037558682
-0.00045428556
-0.00050147553
-0.00048626674
-0.00045922576
-0.00045832698
-0.00042638188
-0.00029551258
-0.00012669082
4.1702706E-006
9.7787379E-005
0.00017336849
0.00023134389
0.00026012101
0.00030234712
0.00036999461
0.00036526896
0.00024812552
0.00010999214
5.9341375E-005
7.2947318E-005
3.6487778E-005
-3.9341096E-005
-6.6804278E-005
-4.4231412E-005
-2.8941478E-005
-2.8715405E-005
3.9175826E-005
0.00018934174
0.00032319615
0.00039863642
0.00044857891
0.00050632155
0.00055694446
0.0005812156
0.00060799683
0.00060217862
0.0004934881
0.00032045579
0.00019780791
0.00017886482
0.00016569237
7.5191107E-005
-1.5827149E-005
-3.1799078E-005
-1.1220152E-006
1.8139586E-005
5.2254236E-005
0.000168842
0.00031145036
0.00038827406
0.00040981051
0.00043423663
0.00047963057
0.00049594598
0.00047149244
0.00043055171
0.00033114935
0.00015989396
-1.850038E-006
-6.4468477E-005
-6.0510276E-005
-0.00012073628
-0.00024165004
-0.00030290615
-0.0002718528
-0.00021584709
-0.00018365338
-0.00011609636
1.6759812E-005
0.00012071272
0.00014899141
0.00015826964
0.00020796841
0.00026918665
0.00027098713
0.00022777278
0.00015763583
3.6240748E-005
-0.00010232839
-0.00017916248
-0.0001641657
-0.00015338416
-0.00023073806
-0.00030512642
-0.00027183397
-0.00015886256
-5.8525813E-005
1.8151344E-005
0.00014418569
0.00028953355
0.00036365166
0.00038031759
0.00041295122
0.00048274224
0.00051517662
0.00046972701
0.00039799855
0.00031392623
0.00021421304
0.00014063882
0.00013969334
0.00017934031
0.00014850582
5.7683697E-005
4.1375639E-005
0.00013738024
0.0002569496
0.00031990054
0.00037614192
0.00048711678
0.00058302138
0.00061152346
0.00062010437
0.00066381862
0.00070963113
0.00066797214
0.00055598293
0.0004440888
0.00033963696
0.00024767968
0.00019229743
0.00018280273
0.00015820633
6.356588E-005
-9.3781773E-006
4.0768107E-005
0.00017111632
0.00026382072
0.00028892924
0.00033823829
0.00042580641
0.00046882418
0.0004562414
0.0004449269
0.00045866682
0.0004240674
0.00029161706
0.00013726098
1.8731211E-005
-7.2355586E-005
-0.00014813237
-0.00020160596
-0.00023459912
-0.00030470191
-0.00039649056
-0.00039454162
-0.00027688907
-0.00014825787
-0.00010369113
-9.2839102E-005
-1.7457405E-005
7.9058002E-005
0.00011977701
0.00012040154
0.00013464101
0.0001500035
8.1064158E-005
-5.7076813E-005
-0.00016319838
-0.00021489318
-0.00024810398
-0.00028823476
-0.00031947237
-0.00034331137
-0.00038638467
-0.00038384405
-0.00026562077
-8.6107168E-005
3.7559581E-005
7.1452756E-005
0.00012333177
0.00024232858
0.0003359445
0.00035344364
0.00033956862
0.00034106002
0.00031004811
0.00019334386
6.9565598E-005
1.4842961E-005
3.3912872E-006
-2.1910007E-005
-7.0387941E-005
-9.8768738E-005
-0.00011452547
-0.00012191568
-5.4700038E-005
9.1375281E-005
0.00022475822
0.00026326301
0.00026200907
0.00034225889
0.00046654479
0.00052030466
0.00049352308
0.00045433961
0.00042895883
0.00034854081
0.00020988658
0.0001130384
8.2748673E-005
5.4938206E-005
-1.9138124E-005
-9.9531884E-005
-0.00013114483
-0.00013529618
-0.00010450656
-6.0450711E-006
0.00011501076
0.00017197254
0.00014786464
0.00015368077
0.0002453443
0.00031207851
0.0002716163
0.00017171333
9.7692762E-005
3.4081535E-005
-8.7454697E-005
-0.00021307461
-0.00026802294
-0.00028849198
-0.00034657947
-0.00044587164
-0.00050309865
-0.00049285212
-0.00045730945
-0.00038603181
-0.00028059183
-0.00019839697
-0.00018613807
-0.00019095645
-0.00010678719
2.0574407E-005
5.655213E-005
-1.3266199E-005
-9.3616669E-005
-0.00012286783
-0.00016488797
-0.00025774512
-0.00032282327
-0.00033223754
-0.00034904893
-0.000420722
-0.00049169478
-0.00047563773
-0.00039977298
-0.00031144559
-0.00020561021
-9.8737626E-005
-2.9375529E-005
-3.4997604E-006
5.7276906E-005
0.00018902541
0.00027811844
0.0002405577
0.00013635463
7.7174613E-005
6.6382359E-005
1.0567281E-005
-7.5273478E-005
-0.00011292623
-0.00011723793
-0.00015043648
-0.00021648423
-0.00022555105
-0.00014235919
-4.1769828E-005
4.2125437E-005
0.00012054462
0.00019007083
0.00023258784
0.0002654398
0.00035156784
0.00044799771
0.00043720123
0.000319393
0.00020622875
0.00017401471
0.00015237974
6.2456857E-005
-3.6506124E-005
-8.7829125E-005
-0.00012435975
-0.00019156132
-0.0002474272
-0.00020506143
-0.00010117194
-2.3302699E-005
2.2491076E-005
6.3200692E-005
0.00010716476
0.00013401847
0.00016327036
0.00021598449
0.00020948719
8.8455628E-005
-7.3704272E-005
-0.00016375816
-0.00017704818
-0.00023257181
-0.00035289544
-0.00044323975
-0.00047605977
-0.00050223677
-0.00054588739
-0.00053518865
-0.0004317819
-0.00032410488
-0.0002694063
-0.00023605059
-0.00017864932
-0.00010459504
-5.1537176E-005
-1.1948426E-006
3.0772662E-005
-2.7116406E-005
-0.00015865815
-0.00025975984
-0.00026149786
-0.00024533379
-0.00031908625
-0.00042479747
-0.00046597878
-0.00044907525
-0.00043584348
-0.00042228124
-0.00032841362
-0.00017959559
-7.7810531E-005
-2.8916094E-005
2.9285269E-005
0.00012783695
0.00021751545
0.00026374671
0.0002902821
0.00026829218
0.00017082439
5.8183403E-005
1.9486441E-005
5.1283427E-005
2.6507711E-005
-8.632923E-005
-0.0001652607
-0.00014940587
-9.660612E-005
-6.9394671E-005
-2.2869852E-005
9.5691292E-005
0.00021076502
0.00025988268
0.00028691822
0.0003565232
0.00045487212
0.00050034211
0.00048906129
0.00045466656
0.000376121
0.00026609161
0.00019027383
0.0001882314
0.00018275253
7.3607407E-005
-6.6857509E-005
-0.00011420107
-7.2236006E-005
-2.9802788E-005
-1.9512412E-005
3.3976819E-005
0.00013796026
0.000202303
0.00021488602
0.00024170599
0.00031506593
0.00036415094
0.00032357126
0.00023974394
0.00014495922
3.1161071E-005
-7.3762843E-005
-0.00012682445
-0.00014012634
-0.00021060187
-0.0003517592
-0.0004341391
-0.00039130091
-0.00029706862
-0.00025082659
-0.00022694899
-0.00014223756
-4.1320342E-005
7.4681388E-006
3.6234062E-005
0.00010358981
0.00019153334
0.00020467286
0.00013426742
5.5721663E-005
-1.2177282E-005
-7.5008538E-005
-0.00012131663
-0.00013608286
-0.00015836483
-0.0002515004
-0.00034370393
-0.00031779005
-0.00019256957
-8.1221653E-005
-3.8677081E-005
1.6776974E-005
0.00013276609
0.00023240662
0.00027901531
0.00032059301
0.00039388292
0.00043860415
0.00038313461
0.00028507947
0.00021707705
0.00017579876
0.00014052002
0.0001102979
9.5837415E-005
5.5791676E-005
-1.5746151E-005
-1.5172413E-005
0.0001023786
0.00025015473
0.00032032316
0.0003353646
0.00040858897
0.00052530912
0.0005935661
0.00060867547
0.00062613637
0.00065452431
0.0006148938
0.00049580884
0.0003944725
0.00034871671
0.00031925345
0.00026615217
0.00020141568
0.00014432966
6.8923277E-005
1.6298231E-005
6.5175154E-005
0.0001851702
0.00026556305
0.00025565416
0.00025305213
0.00033593888
0.00042467786
0.00044080114
0.00040897451
0.0003878377
0.00035209436
0.00023264084
8.4288316E-005
-2.8313964E-006
-4.3199652E-005
-9.9743163E-005
-0.00019107599
-0.00026582772
-0.00030922683
-0.00033743031
-0.00030130945
-0.00018341652
-6.1010523E-005
-2.2677936E-005
-3.9087761E-005
1.7815124E-005
0.0001435779
0.00021535734
0.00019853919
0.00015973125
0.00014478104
9.2767768E-005
-2.563885E-005
-0.00011780515
-0.00014142097
-0.00015556395
-0.00021920318
-0.00030491565
-0.0003400172
-0.00033061206
-0.00028825295
-0.00018224078
-4.0670602E-005
5.6401539E-005
7.5519427E-005
0.0001094344
0.00023766076
0.00036662948
0.0003907042
0.00033705801
0.0002956604
0.00027555824
0.00020213382
0.0001003939
5.6822824E-005
5.6646695E-005
2.6546662E-005
-5.1416868E-005
-9.7336182E-005
-6.4565735E-005
8.441931E-007
8.9324865E-005
0.00020759208
0.00031305288
0.00035477744
