0.16261104
0.18106173
0.33457443
0.36551875
0.18640932
0.02118589
-0.034986895
-0.084121428
-0.11008393
-0.05775018
-0.0060918406
0.01984453
0.070022702
0.092257485
0.061456062
0.067754768
0.1083821
0.11694936
0.14042106
0.18918294
0.163119
0.075642735
0.020539947
-0.019741859
-0.061397936
-0.052231614
-0.021640722
-0.013267462
0.022476915
0.070769235
0.057533663
0.032172587
0.048819449
0.032728709
-0.026292009
-0.025777016
0.029030027
0.046816502
0.03508126
0.033210333
0.010134934
-0.040685631
-0.072107263
-0.071673051
-0.054921165
-0.025689987
-0.0019177315
-0.00090964261
-0.005099305
-0.0035855025
-0.009240278
-0.015077586
-0.0058587044
0.011040592
0.025067868
0.031736974
0.02916822
0.023322096
0.013533259
-0.0071366625
-0.026994288
-0.031483345
-0.031422447
-0.039406121
-0.046383891
-0.040726975
-0.027206453
-0.021140348
-0.023576217
-0.015150962
0.0055630933
0.012103081
0.0011894314
2.7067701E-005
0.0095207412
0.007534957
0.00046994523
0.00063156814
-0.0075383945
-0.023703201
-0.020304512
-0.0032041632
-0.0067520705
-0.02259892
-0.016055843
0.0052571739
0.017530557
0.025045674
0.03158972
0.032733452
0.032815389
0.028871993
0.01701883
0.0093011009
0.0072626891
9.0929861E-005
-0.0040138895
0.0031031505
0.0053093084
-0.0018844065
0.00045729426
0.015440355
0.029883547
0.035509158
0.025172336
0.0060794372
-0.00037383288
0.0034299523
0.0030669095
0.0063829576
0.015561747
0.012187665
-0.0043919669
-0.016229365
-0.019916819
-0.023361985
-0.029914264
-0.035812564
-0.032413021
-0.025143201
-0.029382519
-0.034518298
-0.024836589
-0.019985354
-0.03167922
-0.033611748
-0.022304097
-0.026016323
-0.038955413
-0.034524102
-0.019654665
-0.010056772
0.00083723967
0.018231051
0.037116967
0.05328761
0.056713462
0.042800605
0.02898119
0.022544654
0.0064239311
-0.015008572
-0.016235368
-0.0050724577
-0.0085775629
-0.018152231
-0.013659109
-0.0078496346
-0.013540552
-0.015768344
-0.0071467371
-0.00077144353
-0.001275547
-6.4075146E-005
0.0047292081
0.0061492366
0.0031286464
-0.00029986244
-0.0066163857
-0.015850842
-0.018549521
-0.016573334
-0.020798162
-0.02178828
-0.0097491015
-0.0051840548
-0.017819487
-0.023305176
-0.016198624
-0.014833417
-0.011879678
0.0056632906
0.02309004
0.032634489
0.039491292
0.033616494
0.018091775
0.017570313
0.027366947
0.029335994
0.036734492
0.051415965
0.048220087
0.035883468
0.036402594
0.030878717
0.01410617
0.019362954
0.039167769
0.036904216
0.029567001
0.041447617
0.044314742
0.029214865
0.024785277
0.021372708
-0.00095810933
-0.015173467
-0.0090918504
-0.0094720265
-0.01090977
0.0061201076
0.015319016
0.0013598163
-0.0036372794
0.0064755613
0.0070179505
0.003134741
0.0035324767
-0.0072387527
-0.024025256
-0.03015269
-0.039931361
-0.059545826
-0.064925395
-0.056923211
-0.054770291
-0.047561128
-0.029862136
-0.022913041
-0.021380413
-0.0072081983
0.0017711158
-0.003819705
-0.0010254231
0.0036398303
-0.012410544
-0.023982463
-0.010565327
-0.0046156705
-0.01441471
-0.01138828
-0.0076192846
-0.023641087
-0.032387886
-0.02488751
-0.028316351
-0.029206257
-0.0038082586
0.014661022
0.0076831235
0.0099199172
0.022897422
0.018661004
0.010363693
0.010430345
-0.0016192349
-0.016921069
-0.01213167
-0.0091602411
-0.021789661
-0.021118043
-0.0065361764
-0.002501213
0.0035847372
0.020891542
0.022352999
0.010273663
0.014735901
0.025202636
0.020139396
0.014541483
0.013997521
0.0044647558
-4.5550132E-005
0.012511797
0.017757291
0.0093189534
0.0078618163
0.0070818476
-0.0052220775
-0.0085444329
0.0051803403
0.010891796
0.004565361
0.0060289707
0.013178311
0.014515017
0.016414493
0.0236308
0.028495286
0.029275
0.032389969
0.037200805
0.036785726
0.029794894
0.019553836
0.0082880985
-0.0021017871
-0.010214448
-0.016509853
-0.020941786
-0.021037711
-0.015908264
-0.010421068
-0.0089362832
-0.0092452541
-0.0083819721
-0.0052097775
0.00089359708
0.0053406814
0.0028449809
-0.0034747892
-0.010139643
-0.018612193
-0.023994675
-0.018755997
-0.0079181753
-0.00033518253
0.0034621677
0.0040539852
0.002439409
0.0036539079
0.006692607
0.0045287777
-0.00039728361
0.00044952647
0.004932682
0.0047449111
-0.00067094859
-0.0056018294
-0.0066527836
-0.0069167754
-0.0097055361
-0.0099913562
-0.0041012797
0.00054873078
-0.00051176106
-0.0025508641
-0.0056636366
-0.012572244
-0.018213686
-0.018498152
-0.014099096
-0.0051841554
0.0015252255
-0.00044290026
8.9448353E-005
0.011397075
0.018413547
0.01318794
0.010971705
0.016992996
0.017937465
0.010649645
0.0037194304
-0.0014593659
-0.0092299441
-0.020998938
-0.031452663
-0.030578639
-0.020877279
-0.018104574
-0.021635933
-0.015990006
-0.0050476324
-0.0040552546
-0.0089154551
-0.0080978964
-0.0024118384
0.0038713934
0.0085939188
0.0096634245
0.0089536225
0.0077009439
0.0013085199
-0.0097230952
-0.01711645
-0.019711807
-0.024491919
-0.033027053
-0.040214904
-0.041768406
-0.035155091
-0.020974532
-0.0059417915
0.0049388637
0.013201708
0.018975753
0.021249112
0.022017729
0.022500897
0.023566106
0.025846604
0.02656015
0.024772059
0.022568688
0.017414356
0.0093648043
0.0072788931
0.0093405982
0.0030037304
-0.0069209714
-0.0067693056
-0.0013178102
0.0010285375
0.0064512827
0.01642373
0.021868233
0.023454811
0.024985906
0.021736514
0.015511484
0.010962188
0.0032175328
-0.0057322695
-0.0069265557
-0.0052053635
-0.0071172165
-0.005113157
0.0030884075
0.0080981152
0.0084062591
0.0086931847
0.0080038076
0.0070036561
0.0093343062
0.01149076
0.0092247566
0.0075315074
0.0099001285
0.011105663
0.0099888369
0.011048157
0.012268689
0.011086209
0.012138441
0.015556425
0.015316986
0.010737813
0.004898767
-0.00083561742
-0.005099447
-0.0072204564
-0.0080153579
-0.0067891544
-0.0042988942
-0.0072128042
-0.017979801
-0.025947712
-0.02342982
-0.019542934
-0.021922912
-0.02350775
-0.021617187
-0.02250828
-0.023216579
-0.019482516
-0.018233504
-0.020435939
-0.018497167
-0.014438743
-0.011131324
-0.0030354664
0.0048795934
0.0035311964
0.00069272146
0.00076041318
-0.004494241
-0.010728804
-0.010234848
-0.01191051
-0.01824805
-0.017230399
-0.0094868457
-0.0034195746
0.0034788006
0.009430144
0.0082657859
0.0088268863
0.016485695
0.017581552
0.0085427156
0.0029053758
0.0037225201
0.0063944226
0.012598487
0.018583812
0.017309461
0.012017999
0.0059767039
-0.001236693
-0.0024254308
0.0044522323
0.0067610089
0.0014592926
-0.00093087053
6.1540355E-005
-0.0012186742
-0.0030892533
-0.0040456937
-0.0043148035
-0.0024223742
-0.0019171988
-0.005346234
-0.0047968025
0.0013895795
0.0033156329
0.0029908486
0.0088700289
0.014071283
0.012467874
0.0085923644
-0.00040909316
-0.015319242
-0.022847969
-0.021280544
-0.022469958
-0.022547705
-0.013773228
-0.0076236529
-0.010029647
-0.0093111675
-0.0054407669
-0.0076485355
-0.0085717738
0.00089811668
0.01292727
0.020600509
0.02654548
0.031222107
0.033770513
0.033750188
0.027990062
0.019591374
0.016144527
0.012898204
0.0031890508
-0.0038846247
-0.0035707327
-0.0054803886
-0.0072664544
0.0003830374
0.0079368101
0.0079864375
0.01293318
0.023888346
0.026957035
0.026273299
0.031542189
0.030430576
0.01577845
0.0036648444
-0.00029279268
-0.0063993931
-0.01361423
-0.017496131
-0.021704929
-0.023642629
-0.021061592
-0.022226896
-0.026854843
-0.025259607
-0.018105436
-0.010102604
-0.001468495
0.0031538708
0.0022290675
0.0039101788
0.0070609641
0.0026949164
-0.0038859767
-0.0039020067
-0.0042290976
-0.01134368
-0.018642997
-0.022405213
-0.024471467
-0.021184625
-0.013317204
-0.0091915624
-0.0061700149
0.004308919
0.016602149
0.020591531
0.019287756
0.019309286
0.019557023
0.018098477
0.014844116
0.0086931866
0.0021654866
6.2156549E-005
6.0247658E-005
-0.0040268172
-0.0095575908
-0.0094374754
-0.0076568904
-0.011865562
-0.015709624
-0.011361589
-0.0070395656
-0.0092766434
-0.010508857
-0.0084857251
-0.0078092059
-0.005436433
-0.0010194374
-0.0012675461
-0.0048010917
-0.0083090914
-0.013433833
-0.012610166
-0.0013671472
0.0041152146
-0.0012843654
0.00012819702
0.0069506313
0.0026088962
-0.0042854566
-0.0017709696
-0.0028438226
-0.012304815
-0.015348179
-0.010578574
-0.0076676654
-0.0050271265
0.0008353336
0.0066123907
0.011712814
0.017091168
0.020414524
0.021681737
0.022551863
0.022210456
0.021700678
0.022261266
0.020344634
0.015451116
0.012888446
0.012848158
0.010723471
0.0062822695
0.0012634668
-0.0044435607
-0.0098857842
-0.013935408
-0.016346505
-0.01573088
-0.01254346
-0.0095114121
-0.0062374454
-0.0023144586
-0.00063272967
-7.0695402E-005
0.0024653669
0.0036340149
0.0016877749
0.0002627534
-0.0025335462
-0.0079520755
-0.0081559122
-0.0033298819
-0.003350934
-0.0054475865
-0.0017392077
0.0017153635
0.0010367236
0.0036305776
0.008013471
0.007825573
0.0095331352
0.015916865
0.016948547
0.013638327
0.014188299
0.012033829
0.0043555312
0.0040350687
0.010662158
0.011217156
0.0080062766
0.0070344112
0.0039747884
0.002104565
0.0062026582
0.0055456553
-0.0024111127
-0.0040222141
-0.0012571355
-0.0042738752
-0.0046993811
0.00026949137
-0.0030725715
-0.011615134
-0.012860681
-0.01396717
-0.019524358
-0.017757187
-0.011347466
-0.01264133
-0.014183398
-0.009647225
-0.011202763
-0.019182689
-0.020905405
-0.019417174
-0.021167235
-0.01895956
-0.011752521
-0.0073789107
-0.0047745514
-0.0014563561
4.7499339E-005
0.0029317217
0.0083171846
0.0085149594
0.0053029596
0.0074507459
0.009498951
0.0049448563
0.0018246274
0.0020086323
-0.0023332115
-0.0071107238
-0.0054308884
-0.0027333
-0.0010735958
0.0029340961
0.0039048065
0.00012150556
0.00075051415
0.0055188709
0.0058490038
0.0038119359
0.0048517017
0.005663408
0.0040462366
0.0033169826
0.0036512937
0.0032232765
0.002249893
0.00042323236
-0.00097327685
0.0013401528
0.005217752
0.005210388
0.0029239843
0.0041145831
0.0075017381
0.0071675354
0.0038665738
0.0032550604
0.0044178078
0.0021705152
-0.00069837639
0.0015605771
0.0040553953
0.00032033658
-0.004669359
-0.0060880133
-0.0071961535
-0.0085905613
-0.0083194161
-0.0092676617
-0.011610541
-0.010397465
-0.0070865294
-0.0056313691
-0.0026438884
0.0024329033
0.003762871
0.0028246613
0.0052749626
0.0078157075
0.0065422812
0.0057413424
0.0063099954
0.0039265929
0.00052082347
-1.2128568E-005
0.00066547957
0.001709829
0.0040852022
0.0047355485
0.0024274359
0.0023199185
0.0055009606
0.0065612164
0.0054277279
0.007908456
0.014394326
0.019268606
0.020447141
0.019733863
0.016595157
0.010832843
0.0053794701
0.00076501834
-0.0040659462
-0.0061898152
-0.0045192325
-0.0039259312
-0.0055560018
-0.005115849
-0.0027889838
-0.0017864085
-0.000863339
0.0019282921
0.0055422499
0.0094970893
0.012140653
0.010343933
0.0072531258
0.0075630834
0.0070523126
0.0021639629
-0.0018047161
-0.0028007966
-0.0049601533
-0.0080640698
-0.01023336
-0.013407358
-0.016505128
-0.015914455
-0.013581778
-0.012292764
-0.010739022
-0.0097047091
-0.0098503213
-0.0077216066
-0.0050938581
-0.006289131
-0.0060255062
-0.0015479003
-0.0023288229
-0.0088332081
-0.0084594768
-0.0020218084
-0.00082731619
-0.0022816609
-0.00035535882
-0.0012049923
-0.0065159276
-0.0081385383
-0.006406697
-0.0074530821
-0.0091223689
-0.0089016063
-0.0092099207
-0.0074793501
-0.001629522
0.00187554
0.0026934885
0.0078305015
0.011826063
0.0066007017
0.0014584428
0.0032788392
0.0025264148
-0.0026773508
-0.0032149958
-0.00047248811
0.0005828311
0.0028958898
0.0040775263
-8.0858481E-006
-0.00099565892
0.0048556123
0.0070480378
0.0046126395
0.0066931397
0.0097875781
0.0078735817
0.008090117
0.012189052
0.011331424
0.00702231
0.0062729102
0.0054943203
0.0026876589
0.0039294818
0.0068510887
0.0041501201
0.00022137331
0.0011072394
0.0023914804
0.0011578796
0.0014551178
0.0030376916
0.0023517446
0.0023191166
0.0052790185
0.0060076029
0.003137944
0.0017792322
0.0019401558
0.00057999836
-7.1100185E-005
0.0015407866
0.0019958678
0.0010518372
0.0015992698
0.0022522449
0.0017159883
0.0023706979
0.0035085152
0.0023028629
3.1272968E-005
-0.001347463
-0.0026631625
-0.0039225691
-0.0038899968
-0.0033838085
-0.004621651
-0.0079757562
-0.010985217
-0.010786438
-0.0081980145
-0.0070490311
-0.0071099848
-0.004718631
-0.0015184748
-0.00072863622
0.00017038007
0.0021792818
0.0025276879
0.0028293598
0.0049717906
0.0052092741
0.0033581113
0.0043141381
0.0065550162
0.0055424869
0.003756718
0.0040525286
0.0041194791
0.0031946551
0.0024475877
0.00076152815
-0.001810835
-0.0033364228
-0.0047612367
-0.0070106932
-0.0079655992
-0.0081742685
-0.010196961
-0.01175037
-0.0096507873
-0.0061096819
-0.0037240651
-0.0019329218
-0.0011586897
-0.0013154753
0.00042014569
0.002813308
0.0012507479
-0.0026469454
-0.0049416982
-0.0073972424
-0.010417494
-0.010386695
-0.0092515815
-0.01051597
-0.0097462265
-0.0043920735
0.00021274095
0.0029070259
0.0064147641
0.0074699977
0.004646665
0.0041114152
0.0063788458
0.0059999484
0.0056568542
0.008965007
0.0098699452
0.0067054424
0.0064716693
0.0084880972
0.0071791736
0.0056484425
0.0072911186
0.0081104562
0.0067845699
0.0052325036
0.0027294999
0.0011382353
0.0022568302
0.001282252
-0.0026025141
-0.0038418504
-0.0041552447
-0.0071606068
-0.0073401001
-0.0032631608
-0.0025418908
-0.005314522
-0.0062114513
-0.007572778
-0.01106936
-0.011304316
-0.0084825335
-0.0076220962
-0.0056692469
0.00047258995
0.0041970438
0.0027676513
0.0026941756
0.0050494443
0.005121957
0.0040219701
0.0044678533
0.0050517228
0.0061377389
0.0083651347
0.0088247275
0.0082579367
0.010240125
0.012091417
0.010831724
0.010253603
0.011161434
0.0090895286
0.0053800615
0.0039051105
0.0018553571
-0.0024180061
-0.0047091236
-0.0051550576
-0.007127136
-0.0076465141
-0.0047231647
-0.0043193498
-0.0078810891
-0.0086044986
-0.0056125107
-0.0040813382
-0.0040777107
-0.0038609069
-0.0043657632
-0.0044191517
-0.0031467001
-0.0026886507
-0.0018670604
0.00095555122
0.0009667718
-0.002967315
-0.003119698
0.0011916631
0.0020244389
0.0001303101
0.0015685163
0.0034856964
0.0020749876
0.0012462501
0.0023663521
0.0015269015
-0.00051296561
-0.00010166777
0.0011783757
0.00010432783
-0.0021746331
-0.0036909203
-0.0054688007
-0.0072975727
-0.0059836116
-0.0021137046
-0.00097117934
-0.0032243836
-0.0037644829
-0.0015667903
-0.00035484275
-0.0005435177
-0.00047620718
-0.00062096317
-0.0010937294
-0.0026701048
-0.0073106573
-0.01162337
-0.010513589
-0.0075819613
-0.0076335561
-0.0064775785
-0.0020843728
-0.00040798783
-0.001260004
0.00086955784
0.0037320852
0.0040699835
0.0043129926
0.003682768
0.00050275825
-0.00096603244
-0.00014442112
-0.0015350895
-0.0023903414
0.00032660604
0.00025144685
-0.0029432212
-0.0014041171
0.0014782639
-0.00066639541
-0.0007568578
0.0038035514
0.0036546402
0.00048265827
0.0028646339
0.0053752903
0.0030521469
0.003342127
0.0060601034
0.0039519607
0.0015634501
0.0033537711
0.0031375252
0.0022244526
0.0068028006
0.0099903429
0.0070863185
0.0067348853
0.0085391551
0.0041139461
-0.00068713439
0.00038374509
-0.00061920995
-0.0044212337
-0.0026684408
0.00060656352
-0.00095966592
-0.0014486288
0.00085631933
0.00016977181
-0.00026949513
0.0034386949
0.0044485354
0.0011268437
0.00071593403
0.0026298992
0.0020535151
0.0010594032
0.00092610699
-0.00035919368
-0.00084695959
0.00010496653
-0.0010866415
-0.0026953619
-0.0011716969
-0.0005841548
-0.0030964478
-0.0035722503
-0.0020797264
-0.0028549565
-0.0030267455
0.00019459029
0.002044176
0.00078377535
0.00067931664
0.001344296
-0.00048072194
-0.0026709666
-0.0034623642
-0.0052959165
-0.0071584806
-0.0058793775
-0.0039244369
-0.0045150029
-0.0052366066
-0.004675725
-0.0050739371
-0.0048528113
-0.0017164232
0.00062472397
0.0001674487
4.949938E-005
0.00025662742
-0.00094680139
-0.0013956764
-0.0010060217
-0.0028728235
-0.0040668421
-0.00063562568
0.0023074241
0.00090018043
-0.00018821076
0.00069323974
0.00092409638
0.0020214552
0.0040899366
0.0028175588
-7.3593139E-005
0.00061293726
0.0022562391
0.0011598055
0.00037844785
0.0013350592
0.0016672749
0.0021029557
0.003583496
0.0045313882
0.005499023
0.006672387
0.0052759917
0.0023845383
0.0021532553
0.0034043866
0.0027725785
0.001674579
0.0022668426
0.0036572583
0.0046156896
0.0041365852
0.0022085824
0.00081428909
0.00012948747
-0.0013264562
-0.0022697048
-0.0014687399
-0.0010386489
-0.0016811552
-0.0014482682
-0.00089446595
-0.0012388219
-0.00052336993
0.00096279982
2.6175936E-005
-0.0015661448
-0.00057316566
-0.00013030067
-0.0025138461
-0.0034101743
-0.0017455753
-0.0019748074
-0.0034097324
-0.0020926234
5.1348583E-005
0.00012603721
-0.00072144862
-0.0021754948
-0.0037313257
-0.0027392269
-0.00081765576
-0.0013361922
-0.0012986457
0.0013473397
0.0021944286
0.00089686393
0.0017900459
0.0034926527
0.0030678418
0.0027182901
0.0026829662
0.00088318309
6.5668806E-005
0.0012589855
-9.6704927E-005
-0.0026226875
-0.00056526851
0.0032496967
0.0039556394
0.0044494048
0.0060826796
0.0058454913
0.0054571545
0.0066446303
0.0057512959
0.0032658253
0.003449843
0.004165859
0.0025383483
0.0019499036
0.0028227633
0.0007525906
-0.0028625806
-0.0037658177
-0.0045481278
-0.0079739792
-0.0096099842
-0.0072799367
-0.0058028665
-0.0065561049
-0.0057632807
-0.0037038131
-0.0033642072
-0.0037642943
-0.0033121463
-0.00335125
-0.0040076273
-0.0038068057
-0.003091912
-0.0021338267
-0.00050512876
0.00040252204
0.00047465647
0.0022308207
0.0046398235
0.0039172983
0.0014594203
0.0010093078
0.00098943978
-0.00094314135
-0.0022446481
-0.0012507973
-0.00031186434
-0.00023631848
0.00023492465
0.00074496568
0.0010343356
0.0015994712
0.0013022644
0.00034573834
0.0015282024
0.0038136991
0.0030718641
0.00072155194
0.0010374731
0.0022071428
0.00041506364
-0.002692984
-0.0043025045
-0.0049903672
-0.0055317017
-0.0056765717
-0.0055394256
-0.004846896
-0.003298356
-0.0014696495
0.00019599526
0.0015244583
0.0022062175
0.0023795441
0.0019427863
6.6054839E-005
-0.0024952937
-0.0035618867
-0.0033922461
-0.0035097068
-0.0029233848
-0.0013232606
-0.001383669
-0.0030563863
-0.0026975973
2.4486331E-005
0.0022720594
0.0039140084
0.0059849955
0.0069305529
0.0061247987
0.0058403211
0.0063206903
0.0055946703
0.004346869
0.00418525
0.0043570497
0.004175737
0.004015455
0.0040784366
0.0044701337
0.0041893022
0.0023840759
0.0013601899
0.0026235709
0.0033698804
0.0026613011
0.0029742855
0.0033462739
0.0017107452
0.00032672149
7.0337112E-005
-0.0014899232
-0.003509019
-0.0037662284
-0.0033994839
-0.0027410763
-0.00064447423
0.00065600651
-0.00049545179
-0.001361342
-0.0013094473
-0.0021148012
-0.002289986
-0.0010916335
-0.00096291816
-0.0013576216
-0.00027693296
0.0003827374
-0.00024257797
0.00030139327
0.0010856871
-0.00038966764
-0.0019419383
-0.0018603201
-0.0025868125
-0.0042405571
-0.0043648034
-0.0034625831
-0.0026750551
-0.0011851946
0.0003276775
0.00027637344
-0.00042425
-0.00016610598
0.00059446745
0.00040342266
-0.00085405121
-0.0016747565
-0.0011010702
-0.00021228628
-0.00043403191
-0.0011366307
-0.00098500261
-0.00087994611
-0.0020712346
-0.0029231429
-0.0019627861
-0.0012545208
-0.0022828458
-0.0029329311
-0.0022574009
-0.0023548719
-0.0033926952
-0.0033146022
-0.0024979298
-0.0023529259
-0.0018413885
-0.00058139686
-0.00020196653
-0.00021044789
0.0010331587
0.0027163257
0.0038915989
0.0050028553
0.0053942646
0.0044048144
0.0036252607
0.0038713214
0.0036407572
0.0029874661
0.0034317775
0.0039116233
0.0024805882
0.00015579585
-0.0011823784
-0.0018395159
-0.0023772067
-0.0020304641
-0.0008644982
0.00026578351
0.0017623777
0.003580804
0.004062823
0.003137676
0.0025199766
0.0023068502
0.0020431608
0.0025998214
0.003296922
0.0022295895
0.00027635164
-0.0011098561
-0.0029790842
-0.0049635796
-0.0048152488
-0.0035746414
-0.0032868304
-0.0028343953
-0.0020289184
-0.0019829539
-0.0012260808
1.1104256E-005
-0.0011556424
-0.0026747237
-0.00086465885
0.0013840783
0.0011263888
0.00095799955
0.0013151465
-0.00021510075
-0.001803063
-0.001236993
-0.00066908938
-0.00083496538
8.9767207E-005
0.0012453352
0.0010847963
0.00088247133
0.0012408723
0.00082523463
-0.0001115197
-0.00029594879
0.0003053415
0.0013484799
0.0020224187
0.0012381038
-0.00010334856
-0.0005547519
-0.00075299985
-0.00093598181
-8.0609971E-005
0.00088325044
0.00062456832
0.00031726435
0.00040717222
-0.00083654345
-0.0029848262
-0.0033908705
-0.0021677241
-0.0014986241
-0.0010630582
0.00053825369
0.0021493107
0.0021727362
0.0015725344
0.0014772107
0.001010356
2.7244483E-005
-0.00029581395
-0.00054819701
-0.0015121539
-0.0014222256
6.8160844E-005
0.00014348976
-0.0015695723
-0.0024385538
-0.0019917437
-0.0010688409
0.00066641171
0.0020856981
0.0014699916
8.7772605E-005
-0.00092064991
-0.0023758875
-0.0033552856
-0.0028759064
-0.0025583175
-0.0027434006
-0.0023014923
-0.0020196831
-0.0021408442
-0.0014802046
-0.0011580713
-0.0019254206
-0.00096835149
0.0018529936
0.0023849928
0.00051153905
-8.3576029E-005
0.00012022379
-0.0011435419
-0.0021384296
-0.0013470533
-0.00059494498
-0.00060596096
-0.00029973657
0.000259416
0.00048719961
0.00025853355
-0.00026507894
-0.00020621426
0.00075040874
0.0017115724
0.002779894
0.0039987364
0.0033183394
0.0010022052
0.00060606346
0.0018644977
0.0016481724
0.00094338827
0.0015398263
0.0018396417
0.0015827123
0.0022437375
0.0027269714
0.002121924
0.0018610683
0.0015192272
-0.00037278555
-0.0023508328
-0.0027838526
-0.0025380154
-0.0023306762
-0.0017760143
-0.00067134359
0.00098712614
0.0025156655
0.0031015293
0.0038787685
0.0055044866
0.0057436703
0.0042830147
0.0038422388
0.0039948174
0.0026675137
0.001613123
0.0020012744
0.0016262115
0.00083228323
0.0014495623
0.0017030876
0.00068346085
0.00069011952
0.0014550618
0.0014717013
0.0022381239
0.0031916499
0.0014794783
-0.00036783316
0.00088478957
0.0015795507
-0.00058247382
-0.0019774542
-0.0018891387
-0.0026286233
-0.0031095338
-0.0024156091
-0.0023730258
-0.0027469606
-0.0023446735
-0.0022552873
-0.0023343046
-0.001350543
-0.00086788257
-0.0016143067
-0.0015238643
-0.0012062304
-0.0025150869
-0.0034369363
-0.0025778089
-0.0021849168
-0.0023737927
-0.0014044464
-0.00065155543
-0.0009964885
-0.00046815709
0.00042284754
-0.00022718306
-0.00074361131
0.0001834655
0.00034296897
-0.00064398127
-0.00076448015
-0.00045340072
-0.00066674408
-0.0004563072
9.8350894E-005
0.0003400335
0.00072999677
0.00067119004
-0.00033826055
-0.00025997666
0.0010974574
0.00066910137
-0.0010597403
-0.00068968028
0.00084865099
0.00098076335
0.00088461867
0.001429925
0.00079802051
-0.00057374156
-0.0004262758
0.00035128271
0.00017745461
0.00028847699
0.0011517212
0.0012258294
0.00073928869
0.00087964063
0.00076387392
-0.00010662356
-0.00027752292
0.00021038811
-0.00020764713
-0.0011805046
-0.0014279535
-0.0013739221
-0.0014942617
-0.00090857095
0.00020166689
0.00046449737
8.0193073E-005
-3.6875736E-006
6.2171261E-005
0.00029156858
0.00084415043
0.001167253
0.0017721719
0.0033082284
0.0036214688
0.0015854108
0.0006336802
0.0022673637
0.0029222162
0.0015959158
0.0011065733
0.0013006318
0.00046097871
-0.00037972504
-0.00059956708
-0.0010652378
-0.0013508605
-0.0014705976
-0.0020646178
-0.0013300208
0.0011745688
0.0019565639
0.00083829649
0.0012984868
0.0022662939
0.0012937692
0.00099867862
0.0024480748
0.0022333281
0.00075369276
0.0010722205
0.0016360101
0.00067847862
0.00015811404
0.00021943517
-0.0002144543
0.00041012734
0.0015060125
0.0003864062
-0.00098952092
-0.00016983041
0.00042649452
-0.00010221018
0.00042712063
0.001196732
0.00062208128
0.00021981398
0.00021987672
-0.0010032417
-0.0023719314
-0.0026910705
-0.0032727364
-0.0037962121
-0.0029849301
-0.0022047057
-0.0022903814
-0.0020141327
-0.0015300354
-0.0014867078
-0.0011666567
-0.00061591261
-6.4387852E-005
0.00099423772
0.0010674392
-0.00080184051
-0.0015685107
-0.00036444204
-0.00062134757
-0.0020881621
-0.0018423904
-0.0015690507
-0.0030628489
-0.0039146473
-0.0036910577
-0.004011895
-0.0036968368
-0.0025363215
-0.0027880264
-0.003333091
-0.0017464744
-4.873682E-006
2.669354E-005
6.281065E-005
0.00042924448
-6.237944E-006
-0.00048330586
-0.00068069762
-0.0012517927
-0.0014557809
-0.0012021037
-0.0016897435
-0.002097046
-0.0012120896
-0.00061016175
-0.0012611921
-0.0014766562
-0.00070648378
1.0268539E-005
0.00072817993
0.0016253018
0.0019590165
0.0015765011
0.0010833774
0.00087599939
0.0010829635
0.00165073
0.0022176558
0.002424323
0.0023853306
0.0023516302
0.0022436532
0.0020379536
0.0018445989
0.0016233934
0.0015018557
0.0016377239
0.0016180149
0.0011062635
0.0007676619
0.0010393853
0.00096087641
0.00034922527
0.00066839135
0.0016519496
0.0013848289
0.00041143404
0.0005082991
0.0009739747
0.00076635182
0.00076758163
0.0010820526
0.00075964571
0.00080671132
0.0023338431
0.0035603822
0.0031604161
0.002453472
0.0022732764
0.002254151
0.0020503525
0.0013035211
0.00070189248
0.0011535739
0.0013729871
0.00040708939
0.00015191344
0.0011647984
0.0010514869
-0.00017507834
-0.00023238159
0.00023627511
-7.4124095E-005
-4.0476989E-005
0.00023453741
-0.0003975794
-0.00070961571
-0.00019093684
-0.00073623366
-0.0019590883
-0.0017980642
-0.0011470654
-0.0014077361
-0.0015199122
-0.0012472756
-0.0015971828
-0.0020300534
-0.0022350024
-0.0028001538
-0.0026917241
-0.001796982
-0.0022545841
-0.0031576341
-0.0020416856
-0.0010522517
-0.0020566022
-0.0020285284
-0.00051038398
-0.00055835914
-0.00090387289
0.0003825195
0.00047021042
-0.0010447369
-0.00095249293
-5.7240606E-005
-0.00033821038
-0.00022320989
0.00034681745
-0.00038519379
-0.00091912434
6.6811233E-005
0.00047677211
-1.7822531E-005
0.00030825051
0.00072052173
0.00057846843
0.001072567
0.0014103398
0.00066171476
0.00054609991
0.00096605939
2.6168982E-005
-0.00076794281
0.00016930379
0.00031881969
-0.0011316513
-0.00134731
-0.00028136926
0.00011151743
0.00067809521
0.0020366795
0.00255115
0.0021979983
0.0022386538
0.0020364379
0.0008806205
5.2780117E-005
0.0004079699
0.00092918292
0.00068332808
-7.5177804E-006
-0.00037826679
-0.0002248231
-0.0002418199
-0.0006619654
-0.00039618558
0.00046960521
0.0004430624
7.5876575E-005
0.00052855181
0.00061568856
-1.6785571E-005
0.00020095306
0.00080952543
0.000468932
0.00041625887
0.0014037681
0.0015743211
0.00052151625
1.585742E-005
0.00044394267
0.00088407809
0.00093035708
0.0006938341
0.00076010579
0.0012712892
0.0010973645
0.00010720792
-0.0002647519
-0.00022235238
-0.00084373733
-0.0010420694
-0.00021806183
-2.1618711E-005
-0.00035708581
0.00039981084
0.0014464016
0.0016473702
0.0018305604
0.0016938891
0.00052283466
0.00024533135
0.0016369497
0.0022157505
0.0014361123
0.0011339434
0.0012463962
0.0010842606
0.0012246449
0.0014410376
0.0013658646
0.0016914819
0.0016997021
0.00042636055
-0.00040367825
-3.5475587E-006
-0.000174684
-0.00064134138
0.00018940907
0.0011992969
0.0011900186
0.0011702651
0.0012295395
0.00054832286
3.8503927E-005
0.00022962234
-8.1631981E-005
-0.00078271114
-0.0010204178
-0.0014649895
-0.0021141407
-0.0019219337
-0.0013831069
-0.001425376
-0.0017101468
-0.0018309951
-0.0015760104
-0.00085148128
-0.00061566703
-0.0013173909
-0.0014378863
-0.00046258664
-0.00010852279
-0.00073042233
-0.00099734101
-0.001141265
-0.0017464487
-0.0016269034
-0.00069497945
-0.00054758246
-0.00095907837
-0.00065185287
-2.5963215E-007
0.00026532297
0.00024176903
-0.00011197646
-0.00065137609
-0.00082911417
-0.00085613603
-0.00093091896
-0.00053831126
1.7721513E-005
0.00015794372
0.00016273381
4.1599895E-005
-6.7444751E-005
