0.045358427
0.027274992
-0.028377522
-0.020349443
-0.0061312993
-0.014272204
0.01243588
0.018617403
-0.017378692
-0.001092368
0.01572446
-0.015782736
0.0047260355
0.031894937
-0.0078102122
-0.024000606
-0.0064057489
-0.0050618141
0.0014165143
0.0072689042
0.0029210208
0.0034253164
0.00031101395
-0.001999652
0.0012294496
-0.0005202223
0.0024521553
-0.00140105
-0.016817881
-0.0030718728
0.013670973
-0.0030035141
-0.0017295863
0.011262595
-0.0011692069
-0.00021607772
0.0096323909
-0.0013425448
-0.0092912856
-0.0095145907
-0.0075076316
-0.00030609971
0.0024029533
0.0030149897
0.0016904972
-0.00010162602
0.0056665409
0.0051393569
-0.0011741924
0.0015571504
-0.0011517374
-0.011665135
-0.0073865657
0.0037735682
0.0049363291
0.0055257152
0.0053293072
-6.1697639E-005
0.00047064482
0.0046864147
0.0015540427
-0.0046045324
-0.0028821733
-0.0010633246
-0.0066337455
-0.0036274064
0.004300769
0.0087864939
0.0088259503
-0.0078098113
-0.0035745972
0.020452203
0.0014652774
-0.010850627
0.007411594
-0.0041185762
-0.005930814
0.0052833748
-0.0054210913
0.010824386
0.018281225
-0.011465548
-0.0033910405
0.012201312
-0.0033761566
-0.0027843821
-0.00071669422
-0.0068424386
0.0032229898
0.0028336039
-0.0048835035
0.0089555196
0.016923487
0.0004275965
-0.0082876543
0.00539093
0.0079177953
-0.0067533599
-0.0047577284
0.00021693396
-0.0064990856
0.0005463236
0.0066196262
0.00025262209
0.0055575417
0.0097488659
0.00064596243
-0.0023714083
-5.4220483E-005
-0.00090650527
-0.00088007568
-0.0027680746
-0.0033914156
0.0053918771
0.007686249
0.00013618142
0.002308029
0.0014952446
-0.004536361
0.0040831151
0.0024437236
-0.0084670102
0.0034367647
0.0047654058
-0.010008598
0.0028633964
0.013746903
9.0383051E-005
-0.0014693215
0.0020342211
-0.0026833457
0.00018192417
0.002037073
-0.0011226351
-0.0014799066
0.00010423348
0.0036054908
-0.00051029061
-0.0013706707
0.011105629
0.0047997436
-0.0086980863
0.00055047451
0.0031065529
-0.0011532757
0.0038139825
-0.0016225065
-0.0013796297
0.0079282625
-0.00018636334
-0.00020395007
0.0072129881
-0.0018720949
0.0021674491
0.0059763985
-0.0082917316
-0.00032126586
0.0077345124
-0.0060633854
-0.0024136773
0.0063505895
0.0028704293
0.0033466162
-0.00087669014
-0.0029352831
0.005894118
0.0013535457
-0.0054883179
0.0065177809
0.0065304786
-0.0070565953
-2.0421816E-005
0.007247658
-0.00024694423
0.0014358703
0.001295254
-0.005554005
0.00032958281
0.0043266611
-0.0040366855
-0.0041343169
0.0064572478
0.0027600809
-0.0098628141
0.0023436435
0.013448494
-0.0047171554
-0.0061859465
0.0072308923
-0.00056194531
-0.001411786
0.0040260581
-0.0045216875
-0.0024170629
0.0020974979
-0.0036656132
0.00030120995
0.0037517902
-0.00068561087
-0.0024386623
-0.0039029263
-0.00096075435
0.00053355523
-0.0010930806
0.003948376
-0.0026423447
-0.0080035254
0.0085112527
0.0051585319
-0.0092376098
0.0040748389
0.0058915401
-0.0099270204
-0.0041668992
0.0047664023
-0.0015921374
-0.0041239657
-0.00022661453
-0.00065065274
0.0019623374
0.0062875547
-0.0035990223
-0.0064850631
0.005329777
-0.0016003085
-0.0077073136
0.0072817807
0.005560929
-0.006943326
-0.0001495656
0.0040463018
-0.0032141907
0.0020504191
0.0084889354
-0.003813267
-0.011181884
-0.00050352147
0.0044357418
-0.0025871871
-0.0029493547
0.0054290639
0.0032162019
-0.0066231173
-0.002591372
0.0047479435
0.0011897333
-0.00072776148
-0.00048187742
-0.0041638981
-0.0029615774
0.0025564015
0.00069079228
-0.002499298
0.0027932273
0.00033977171
-0.0073809768
0.0019046871
0.0033400049
-0.0079430724
0.0026250747
0.0049720095
-0.011239585
-1.9815163E-006
0.0093746306
-0.006954893
-0.0051128287
0.0066062417
0.00013991742
-0.0072073033
-0.0020697159
0.0023964511
-0.0058785011
-0.0053114835
0.0068051941
-0.0023454924
-0.007847596
0.0091238571
0.0011233422
-0.014329989
0.0030390627
0.0076367492
-0.0093977666
-0.0029993488
0.0047478117
-0.0064514778
-0.0035320264
0.0031933575
-0.0053909002
-0.0019784516
0.0058188098
-0.004854871
-0.0078848181
0.0037133803
0.0018374915
-0.0073200604
-0.0020415725
0.003990931
-0.0017054044
-0.003345018
-0.00019416602
-0.0013613519
-0.0008761349
0.00019660649
-0.0014585598
-0.002474936
-0.0020938474
-0.0011548563
-0.0013857067
0.00013976121
0.001647702
-0.00099465263
-0.00113476
-0.0010094936
-0.0034711489
-0.00059024349
0.0034134921
0.00074925332
-0.0028224965
-0.00041926178
3.0559939E-005
-0.0034529143
0.00092784519
0.0017193061
-0.0043616728
0.00037074659
0.0012177572
-0.0038424425
0.0026340333
0.0029913024
-0.0036275131
-0.0010929954
-0.00041989304
-0.0024991466
-0.00054556102
0.00035230501
-0.00089787453
-0.0025074272
0.00015664914
0.002541648
-0.0021016677
-0.00062194513
0.0037585755
-0.0026038303
-0.0046497891
0.0022179005
0.0031979275
-0.0017968105
-0.0047440883
-0.0013523631
0.0011390821
-0.0013844788
0.00042040227
0.0014269762
-0.0025130636
-0.0018693238
-0.0016357917
-0.0028870357
0.0016921214
0.0015047168
-0.005066229
-0.0025106578
0.0032425886
0.0010951529
0.00096137612
0.0021362728
-0.0013921624
-0.0014231047
-0.0020507951
-0.0039232243
0.0011903628
0.0016871892
-0.0029059565
-0.0015157597
-0.0003373056
-0.00031750285
0.0019893309
0.002637947
-0.0009111751
-0.0035822373
0.0020029782
0.0026052396
-0.0040155342
0.0029727325
0.0055906423
-0.0070178881
-0.0014125248
0.010410432
0.00023383486
-0.0047498969
0.0055045146
0.0017242914
-0.0083305193
0.00081958796
0.0063577145
-0.0046623787
-0.00062142045
0.0073809158
-0.0032057934
-0.0012477238
0.01043193
0.00038269733
-0.006563101
0.0059518027
0.0050698868
-0.0071894326
0.00030613603
0.0091131749
-0.0030507692
-0.0069254744
0.0060509047
0.0060150088
-0.0024104617
0.0021358461
0.0036568565
-0.0048096762
-0.00061254192
0.0047144801
-0.0029616875
0.00035021853
0.0063168444
-0.0016013654
-0.00090153777
0.0047077108
0.0013221034
0.00064802548
0.00085290673
4.1632713E-005
0.00034471654
-0.0021390312
2.6889095E-006
0.001132018
-0.00069428288
0.0061852881
0.002890168
-0.0059115011
0.005001347
0.0056384029
-0.0077921478
0.00085098401
0.0088949073
-0.0041402453
-0.0065799607
0.0043580756
0.0032592532
-0.0020760703
0.0027617877
0.0040405924
-0.0010500563
8.6084161E-005
0.0010261543
-0.0013271009
0.0020399955
0.003324819
-0.0021826031
-0.00069189671
0.0061036954
0.0045212377
-0.0012571345
-0.0014446509
0.0019358926
0.0004488237
-0.003034964
0.0023026129
0.0045766877
-0.0020953184
0.001152936
0.0043335455
-0.0013941916
0.0030157841
0.0050772843
-0.0027333936
0.0010607595
0.0050018677
-0.00087218947
0.00075286871
0.0045609581
0.00088930322
-0.00059788267
0.0011757473
0.00042081205
0.0013770106
0.0048992666
0.0015071366
-0.0037703817
0.0023236168
0.0053201145
-0.0039183083
-0.00073850027
0.008987939
0.00019731522
-0.0033249569
0.0060656751
0.00025837874
-0.0040094559
0.0051249969
0.0023887246
-0.0027610678
0.0035688127
0.0039531868
-0.0032095341
-0.0020740454
0.0052299891
0.0015208636
-0.0053953114
0.001952929
0.0040877098
-0.0053318655
-0.00040271095
0.0069327564
-0.0017362057
-0.0011592942
0.0072420822
-0.0033323672
-0.0077117109
0.0070087761
0.003128811
-0.0069437609
0.0034324036
0.0041633523
-0.0060271895
-0.0014288629
0.0036062968
-0.0002257117
-0.00034254903
0.0010842968
-0.0011440429
-0.0010726275
0.00066356274
-0.00028028016
0.0001263022
0.00013346219
-0.00058032054
0.0011674176
-0.0018384139
-0.0020877353
0.0044456054
-0.00023343836
-0.0053130141
0.0019096006
0.0021232737
-0.0028848446
0.00064899673
0.0031946518
-0.0011248221
-0.0022290389
0.0017957162
-0.00028898782
-0.0032862222
0.0027068146
0.0019926522
-0.004404129
0.0009444725
0.002492015
-0.0040695281
0.00053963467
0.0039080232
-0.0014874768
-0.00019038188
0.0004709471
-0.0016612458
0.001677282
0.00065533881
-0.0014669498
-4.464043E-005
-0.0017811731
0.00031305721
0.00074719859
-0.0029887368
0.0025114391
0.0017083952
-0.0065321182
-1.0661485E-005
0.0032073804
-0.0038855993
0.0011877675
0.0043235593
-0.0043130107
-0.003197822
0.001973147
-0.0015929763
-0.0023186868
0.00035669139
-0.00060385838
-0.0017175941
-0.0015631001
-0.00019301032
-5.7921821E-005
-0.0022290349
-0.00091940851
-0.00040837502
-0.0029185181
-0.0013351849
-0.0011152194
-0.0020369131
0.00027164622
-0.0020955014
-0.0022771694
0.0014338512
-0.0032402787
-0.003225947
0.0029749672
-0.0024987452
-0.0048049251
0.0026128427
-0.00092433114
-0.006119376
6.2858853E-005
0.0013459297
-0.0027463483
-0.0011966686
-0.00072433299
-0.0020969857
-0.0002962201
-0.00064366724
-0.0031483516
-0.002016617
-0.00015658201
-0.0019874726
-0.0027054423
0.00073489145
0.0019056443
-0.0020089953
-0.0044626631
-0.00077560364
0.0020404912
-0.0012678874
-0.0024591479
-0.00069714402
-0.0021921403
-0.001637604
0.0012675275
-0.00033922392
-0.0010638835
0.001393187
-0.0012261933
-0.0045253844
-0.00029187792
0.0027370548
-0.0023766607
-0.0046830815
0.00087905547
0.0011825718
-0.0028745539
0.00086573325
0.0028784028
-0.0011751205
-0.0011693812
-0.0011091639
-0.0016533919
7.927265E-005
-0.0013585271
-0.0024333163
-0.0011478914
0.00064483419
0.0023286515
-0.001883403
-0.0027389484
0.0030189047
-0.0015383865
-0.0049484312
0.0023625889
-0.00062287616
-0.0052672448
0.001108696
-0.00044800143
-0.0026268961
0.0053221383
0.0014418543
-0.0067421249
-2.260648E-005
0.0018559485
-0.0041267732
-0.00055960525
0.0016300944
-0.003544901
-0.0037445319
-0.00057377276
0.00061667152
0.00083814142
0.0011105632
0.00062874454
-0.0034710818
-0.003575546
0.0025756336
-0.00018852489
-0.0047922069
0.0015135853
0.0016762086
-0.004219424
0.0003503889
0.0039380719
0.00011942066
-0.00077351771
-0.0019819487
-0.0033662128
0.00034924055
0.0013288409
-0.0018274725
-0.0011542566
0.0012926185
0.00058454706
-0.00027017592
0.0012342742
0.0019508337
0.00056521152
-0.00090084673
-0.0011901555
0.00035952142
0.0019814624
0.0010377403
-0.00078321557
0.00019574916
0.0024129259
0.00092130201
-0.00036718784
0.0020575253
0.0012367817
-0.00068791502
0.00053914508
-2.4200932E-005
-0.00014297977
0.00049296155
0.00043749201
0.0027903372
0.0017693529
0.00072941039
0.0042459643
0.00058431184
-0.0022394112
0.0033201976
0.00065145228
-0.0029608265
0.0023203299
0.0010399898
-0.00096564938
0.003981384
0.0021897506
0.00013749002
0.0027058159
-0.0013198006
-0.0020779788
0.0026697253
0.0002694469
-0.00062703493
0.0016502036
-0.00061542634
0.00065490289
0.0029768953
0.00079022162
0.0013571897
0.0013519269
-0.0014839431
-0.00063319207
0.0015486684
0.0013115802
-0.00015847813
0.0005006693
0.0017442817
-0.0013877796
-0.00018108904
0.0055957003
0.0011221705
-0.0028683841
0.0027086576
0.00044787896
-0.0037535222
0.0032248131
0.0043192538
-0.0026121037
0.0004707975
0.0054526934
-0.0001814534
-0.0015013332
0.0049072555
0.0015455777
-0.003655311
0.0015336433
0.0017813736
-0.0021282167
0.002818078
0.0044739731
-0.0014118564
0.00020607118
0.0053095259
0.00072391308
-0.0027837842
0.0034126327
0.002606764
-0.0034028094
0.0013915501
0.0039408947
-0.0001882951
0.0021818127
0.0027796032
-0.00010075672
0.0028077408
0.0032917599
-0.00044681082
-0.00029056147
0.0020490349
0.0024300565
3.6790771E-005
0.00038034414
0.0048027085
0.0023625884
-0.0021386319
0.0022994836
0.0027037815
-0.0014980402
0.0027414155
0.002699035
-0.0021453467
0.0022450495
0.0023836752
-0.0017505527
0.0027739836
0.0033178513
-0.00033024166
0.0011636211
0.0016236124
0.0011000169
0.00053050125
0.00044507743
0.0014992958
-0.0015454768
-0.0012103668
0.0027424493
0.00011023836
-0.00017143639
0.0024865426
0.00018917356
-8.5798281E-005
0.00046439972
-0.001109036
0.00055714452
0.0014818023
-0.00035753712
-0.00038997017
0.00060677092
0.0016464475
0.0012232529
-0.0010062896
-0.00020320191
0.00085534214
-0.0012430234
-0.00046105846
0.00098851998
-0.00065852026
-5.279217E-006
0.00067121879
-0.0011206634
0.00022646661
0.0023828053
0.00010273943
-0.0016852854
0.0010806978
0.0011645622
-0.0027116416
-0.00074378023
0.0025723511
-0.00036943541
-0.00068839674
0.0014900637
-1.9674626E-005
0.0004456951
0.00144137
-0.00076355523
-0.00020812705
0.0010563517
-0.0011664279
-0.0011650944
0.0010635038
0.00069881289
0.00062084227
0.0014469777
0.0001950904
-0.00024543173
0.00020322588
-0.00072562852
-0.00023712133
0.0008603232
0.00024996916
-0.00047357057
-0.00063589425
0.00045221258
0.00093667762
-0.0010230322
-0.00082331954
0.001281459
0.00030885712
-0.0014887283
-0.00080389599
0.00052468717
-0.00017913604
-0.0014608142
-0.00091322081
-0.00018233208
0.00043879839
-0.00047773187
-0.0031756314
-0.00039534067
0.0023447464
-0.0029147677
-0.0028147632
0.0021939913
-0.0013225819
-0.0029961371
0.0010405137
-0.00080280105
-0.0018389669
0.0015454584
-0.0011548765
-0.004429426
-0.00041158716
0.0009214608
-0.0031106758
-0.0025649951
0.00042873979
-0.0010388667
-0.0026744176
-0.0013284272
-5.2073328E-006
-0.00022954638
-0.0010410275
-0.001668584
-0.0026094846
-0.0015732169
0.00074661954
-0.0012366677
-0.0028842581
0.00045272542
0.00018758418
-0.003799312
-0.0020427478
0.0013630666
-0.00048886897
-0.0017678419
-0.0014853794
-0.0033210397
-0.0013438598
0.0014422106
-0.0023804319
-0.0023312706
0.0025555941
-0.00060490571
-0.0046016262
-0.00030645408
0.0014392516
-0.0020380374
-0.0014905359
-0.00035621194
-0.0019487408
-0.00030586266
0.00036384573
-0.0016403219
0.00021972352
0.00065983878
-0.001740475
-0.0012776663
-0.0012158779
-0.0010762835
0.00040020951
-0.00073526072
-0.0014914966
0.00013096929
0.00032037089
-0.0012380534
-0.0012997814
0.00089050469
0.00052760571
-0.0022684908
-0.0014313882
-0.00028779331
-0.0017934896
-0.00060506433
8.3578001E-005
-0.0020548881
-0.00048730741
0.00039090187
-0.0022329881
-0.00057935546
0.0004102494
-0.0025314421
-0.0014547042
-0.00067321042
-0.0026540642
-0.00071603392
0.00053878682
-0.0014614005
-0.0013418932
-0.00073891814
-0.00083211664
-0.00087059435
-0.0018536819
-0.0010427869
-0.00018868688
-0.0021483849
-0.0017581895
-0.0001416662
-0.0011403523
-0.00064978591
0.00021735817
-0.0013427661
-0.0011299101
0.00037251585
-0.0011870788
-0.0027945153
-0.00029688427
0.00059565465
-0.0026045078
-0.0013246033
0.0017635551
-0.00068750262
-0.0010355434
0.0011055975
-0.001292355
-0.001513523
0.0011406877
-0.0015565559
-0.0026384483
0.0020348995
0.0012201219
-0.002721977
0.00013084787
0.002552032
-0.00049116835
-0.001324326
0.0011248422
0.0010392729
-0.0011627529
-0.00035964648
0.00097432861
-0.00069452595
0.00064142037
0.0022306037
-0.0014320129
-0.00013362509
0.0035334399
-0.00082561263
-0.0016754708
0.0028413781
0.00047960985
-0.0018748135
0.00137279
0.0015203415
-0.00034730948
0.0013715407
0.0019527996
-0.0006161129
0.00032400558
0.0026223394
-0.00070751901
-0.0018389362
0.0031345529
0.001443479
-0.0034754919
0.0016289228
0.004153193
-0.0024452629
-0.0007084317
0.0039431215
-0.00090432283
-0.0010769167
0.0032907387
-0.00031272607
-0.0016846401
0.0023488342
0.00045083469
-0.0019736441
0.0016373052
0.0024100572
-0.0010643622
-0.00010303234
0.0025793223
9.4584451E-005
-0.0010880973
0.0016237911
-0.00032677077
-0.0020103836
0.0023544284
0.0012421953
-0.0025145456
0.0024756279
0.0039052991
-0.0024060556
-0.00081505487
0.0036450853
-0.00049082993
-0.0019763752
0.0025722473
0.0010180908
-0.0015315077
0.0023047607
0.0019332357
-0.0015861385
0.0017284452
0.0032252604
-0.0012656585
-0.00032944861
0.0030617628
-0.00010340384
-0.0010032076
0.0030528242
0.0011227636
-0.00058557699
0.0038403876
0.00176996
-0.0018735563
0.0030497075
0.0033715148
-0.0015981444
0.00072744268
0.0033719188
-9.9703262E-005
-0.00053112791
0.0027996639
0.0018125915
0.0004018491
0.0030250745
0.0019790852
-0.00084098871
0.0020759932
0.0030849564
-0.00066589582
4.2420277E-005
0.0034785969
0.0018655926
-0.00078155467
0.0014937455
0.002940488
0.00044837408
0.00075469376
0.0022263827
0.00045026993
0.00061431481
0.0018632737
-2.5561518E-005
2.2421897E-005
0.0023936441
0.0012652021
-0.0007423262
0.0010185748
0.0023519017
0.00053669396
0.00030511396
0.0010082369
8.771936E-005
0.00069892145
0.0010356837
-0.00019434746
0.00045352834
0.000947433
0.00048812447
0.00041306758
-6.5767417E-005
0.00059746864
0.00085468648
-0.00034459861
0.00024200963
0.00047754266
-0.00039076895
0.00084751105
0.0013685534
-0.00018492696
-5.7405523E-005
0.0011265288
0.00056337425
-0.00027296503
0.00041425391
0.00060598023
-0.00029731015
-0.00011910559
0.00051729789
0.00040770994
7.95327E-005
-2.7895989E-005
0.00046078954
0.00047051231
0.00036999496
0.00091476581
-0.00013821966
-0.00058651646
0.0011077453
0.00051921228
-0.00040051539
0.00099489337
0.00084630883
-0.00010392057
0.00052679423
0.00093273516
0.00067037105
0.00062609609
0.00083026331
0.00034078024
-0.00073627208
0.00037619096
0.0021328295
0.00035231974
-0.00080650841
0.0012752879
0.00063936814
-0.001115331
0.00076462631
0.0012834807
-0.00049008528
8.347827E-005
0.00039307968
-0.00057728856
0.0007147197
0.001219308
-0.00063792535
-0.00026780332
0.00050665991
-0.00075845816
-0.00046580154
0.00043683351
-0.00020379901
-0.00067966309
-0.00038376858
0.00027406824
-0.00036659811
-0.00082515541
0.00053072983
-0.00066619302
-0.0018385028
8.0269136E-005
-0.00029320311
-0.00091817835
-0.00039679831
-0.0013743091
-0.00035634471
3.8370727E-005
-0.001492023
-0.00049910304
-0.0010022261
-0.0018664226
4.4220003E-005
-0.0012466917
-0.0021558281
0.00051942933
-0.00078136753
-0.0027769874
-0.00065664097
-0.00020201674
-0.0011173749
-0.00078623591
-0.0013580115
-0.0014714814
-0.00095741526
-0.0012987817
-0.00083141832
-0.00077674299
-0.0012678466
-0.00039333239
-0.0010524534
-0.0017657238
0.00050987472
0.00027109022
-0.0022578696
-0.0012810829
0.00015998377
-0.00098501169
-0.0016057665
-0.00052802474
-0.00014958091
-0.001058088
-0.00064500381
-5.0577892E-005
-0.0010855134
-0.00043402138
0.00025515934
-0.0016346256
-0.0010572764
0.00056890649
-0.0013165283
-0.0015185198
0.0006477728
-0.00020136125
-0.0013400364
4.9277358E-005
0.0004136143
-0.0010728468
-0.0012672731
8.4189844E-005
-0.00039701574
-0.0016137308
-0.00040014499
-0.00043523722
-0.0016793719
3.6757396E-005
0.00018709974
-0.0014338518
0.00015327966
-0.0001734328
-0.0026862656
-0.00078545912
0.00081477169
-0.001456395
-0.0018420264
-0.00040561866
-0.00064280542
-0.0010394694
-0.00069247279
-0.00076320017
-0.00070328166
-0.0005874593
-0.0018869813
-0.0026145773
-0.00067881879
-0.00014283227
-0.0020319971
-0.0013315632
3.377067E-005
-0.0013975936
-0.0015023631
-0.00035015566
-0.0010790162
-0.0012119112
-0.00085124484
-0.001661193
-0.0015078828
-0.00087660097
-0.00083535485
-0.00071448053
-0.0013647744
-0.0013045504
-0.00023575546
-0.0011634377
-0.001745255
-0.00034730343
-0.00044272668
-0.0012261339
-0.0010458754
-0.00077112979
-0.00014975385
-0.00040429959
-0.0010620663
-0.00016819112
-0.00020457513
-0.0011743939
-0.00033554254
0.00015340235
-0.00054704893
-0.0002529865
-2.4837454E-005
-0.00052480982
-0.0003383829
-1.3250222E-005
-5.2024501E-005
0.00024738343
8.5911219E-005
-0.00029209722
0.00066611735
0.00076295197
-0.00075888971
-7.4668045E-005
0.0012989036
5.8466312E-006
-0.00059801189
0.00057185767
0.0006227977
0.00022075053
0.00020433197
0.00028575369
0.0007553391
0.00040163673
-0.0003132647
0.00025078093
0.00063291274
0.00019022961
0.0001657714
0.00046127866
0.00059444091
0.00040177273
0.00015182022
0.00024701783
0.00043420686
0.00038876294
0.00014266664
0.00023119448
0.0002367768
-0.00016211696
0.00037133537
0.00061081833
-0.00028983282
0.00023145531
0.0005334919
-0.00062296703
0.00025476175
0.0010448025
-0.00022340502
0.0003802476
0.00098848355
-0.00064561609
-0.00052698073
0.00069354469
0.00034044887
-8.6260181E-005
8.2423183E-005
0.00039676469
0.00019652763
-0.00036594339
0.00037362866
0.0011487262
0.00023502632
-0.00032214934
0.00034170027
0.0006143488
0.00035340161
0.00018419318
0.00016782439
0.00036781604
0.00049952156
0.000327082
0.00029306737
0.0011714577
0.0016365169
-0.00014093154
-0.00042838912
0.0018924846
0.0011721442
-0.00028051346
0.0012987622
0.0012233547
0.00044217249
0.0012942952
0.0006694523
0.00083793199
0.0021444063
0.00084027392
7.1707334E-005
0.0012310173
0.001346627
0.0011265376
0.0010587795
0.0010554399
0.0017539618
0.0016233617
0.00083214405
0.0011783553
0.0015537195
0.0011928801
0.00099356798
0.0009202105
0.0012278125
0.0014966445
0.0008148785
0.00075467321
0.0014874417
0.0014324526
0.001470638
0.0013545823
0.00048664151
0.00089087011
0.0014771677
0.00059272576
0.00077191787
0.0015425656
0.00079643354
0.00053759554
0.00084852386
0.00057996518
0.0013295469
0.001691932
0.00026370891
-7.1386254E-005
0.00065358699
0.00061253185
0.00031588742
0.00020536613
0.00073868054
0.00080520543
-8.79363E-005
0.00039145644
0.0010081389
0.00055449747
0.00073591113
-1.7050836E-005
-0.00071189541
0.00073185889
0.00048586505
-0.00033295172
0.0009850614
0.00043675036
-0.00020621094
0.0013185762
0.00036071154
-0.00056815869
0.0011424967
0.00042384092
-0.00082712446
0.00065171084
0.00088580692
9.3681527E-005
0.00054133561
0.00044191894
0.00028182281
0.00090317783
0.00066248741
9.0877875E-005
0.00032578272
0.00043974005
0.00030008925
0.00060479104
0.00064365508
0.00046628504
0.00088262541
0.00047561835
-0.00011609976
0.0011504323
0.0014047247
8.3218911E-005
0.00050231238
0.00080833113
-7.4193289E-005
0.00056305988
0.0011142447
0.00012974573
0.00025052272
0.0011025687
0.00043458329
3.1515439E-005
0.00099238078
0.00068387511
-4.0109328E-005
0.00077718176
0.00045976424
-0.00039685512
0.00055800966
0.00063926243
-6.6772489E-005
0.0004505637
0.00050914823
0.00016168512
7.0177994E-005
-0.00037175973
-0.00020598121
0.00018708022
-1.9626514E-005
-0.00019576981
-0.00034694708
1.3939906E-005
0.00011837767
-0.00086268189
-0.00029796868
0.00064356549
-0.00083474274
-0.0012043203
-9.6200922E-005
-0.00062133296
-0.0006549565
6.947032E-006
-0.00085499149
-0.0012980388
-0.00045047959
-0.00024123667
-0.0009329663
-0.00086944876
-6.6498731E-005
-0.00080738193
-0.0016742978
-0.00062339549
-0.00041193844
-0.0010777519
-0.00076960138
-0.00089855085
-0.00097325526
-0.00032930961
-0.00067066855
-0.0012431348
-0.00068811252
-0.00029778879
-0.00081518124
-0.0010138336
-0.00049454835
-0.00016978038
-0.00062995189
-0.0013561258
-0.00068466773
0.00017589125
-0.00097889535
-0.000946199
0.00032045957
-0.00076495559
-0.00088518049
0.00033921489
-0.00062317512
-0.00097523321
-0.00024954599
-0.00039751799
-0.0005111926
-0.00072321034
-0.00012276568
0.00016471813
-0.0011436364
-0.00040033823
0.00055868609
-0.00072496169
-0.00035093058
4.2595981E-005
-0.0011194196
-0.0002547545
0.00037987079
-0.00082699087
-0.00044821893
0.0001328267
-0.00070247531
-0.00062503631
-0.00012826186
-0.00032553182
-0.00031949196
-0.00036865953
-0.00076480483
-0.00095176243
-0.0005319941
-0.00012082997
-0.00082277594
-0.0010435131
4.9174647E-005
-0.00053488475
-0.0017428418
-0.00037838754
7.6740958E-005
-0.0017683328
-0.0013454498
-0.00025343362
-0.0014568975
-0.001286328
-0.00024221186
-0.0011597807
-0.0010480344
-0.00026692485
-0.0012940799
-0.0014964304
-0.00081916171
-0.0011403535
-0.0013007564
-0.0013446683
-0.0011960783
-0.00071883405
-0.0011504801
-0.0010967595
-0.00060323649
-0.0013287904
-0.0012607435
-0.0006124606
-0.0010942169
-0.00098506385
-0.00060676102
-0.00121008
-0.001362393
-0.00078490126
-0.00046300559
-0.00070222316
-0.00093888666
-0.00041871073
-0.00044782646
-0.0012660141
-0.00043970821
0.00028124906
-0.0010799421
-0.00075231231
0.0003745445
-0.00099102524
-0.0008294108
0.00084297638
-0.0002187807
-0.00092649006
0.00018086088
-0.00010100347
-0.00072746648
-0.00021949789
0.0002556231
-0.00012583689
-0.00059709186
0.00033615506
0.00062633288
-0.00058507686
0.00015628558
0.00072855147
-0.0007057428
0.00013032948
0.00083787151
-0.0008156824
-0.00011801915
0.00075162604
-0.00046238516
0.00014410551
0.00087707763
-4.807605E-005
-0.00014023007
0.00021240149
0.00010444174
-0.00010029305
0.00011509952
0.00046528957
-0.00033621816
-0.00062633649
0.00047714406
0.00038937968
-0.00033103296
0.00025568088
0.00059457688
-0.00041951519
-0.00068161782
0.00012358199
-0.00013278832
-0.00030993338
7.4573611E-005
-0.0006446456
-0.00040276936
0.00037737135
-0.00054753333
-0.00018985319
0.00063807354
-0.00057675346
-0.00049322896
0.00018336029
-0.00049488409
0.00026862475
0.00064084568
-0.00082163187
-0.00028586804
0.00069363404
-0.00042468551
-0.0004074302
0.00079368835
0.00024727455
-0.00056767784
4.2103526E-005
0.00032413023
-1.8153289E-005
0.00045046245
0.00083306624
-1.9565015E-005
-0.00018897431
0.00099340407
0.00061928417
-0.00036118896
0.00087741879
0.0010414033
-0.00045422537
0.00038833637
0.0012056911
0.00020769465
0.00073258276
0.0012694515
0.0001407424
0.00061058637
0.0016352035
0.00058262073
0.00034265319
0.0015360907
0.0011424342
0.00028700908
0.0011153487
0.0016767299
0.00064375286
0.00056598207
0.001625261
0.00093562319
0.00043763095
0.0016479966
0.0011858717
0.00040679736
0.0014131719
0.0013711901
0.00075039431
0.0010650444
0.0009967495
0.00086690503
0.0011077151
0.0011393384
0.0010347207
0.00094704144
0.00096906337
0.00067053537
0.00040399391
0.001146647
0.0014080507
0.00042822809
0.00040206398
0.00098834443
0.00045833745
0.00037891764
0.0010448804
0.0006892347
0.00037373137
0.00063517678
0.00031225305
0.00036805155
0.00090047088
0.00059398555
0.00026097542
0.00049063168
0.00040813591
0.00015936482
0.00039282299
0.00065770641
0.000412675
0.00029490067
0.00044750987
0.00026191212
0.00034166867
0.00062188949
0.00031476346
0.00034552425
0.00068776775
0.00039345032
0.00029404613
0.00067400921
0.00076371292
0.00047363585
0.0002943807
0.00064923393
0.00064955233
5.8282018E-005
0.00043957357
0.0010814315
0.00049793744
0.00030080226
0.00088540697
0.00054733176
0.00033758336
0.0011337828
0.0010659933
0.00049520808
0.00087880925
0.00084361742
0.00027959648
0.00085333799
0.0011994088
0.00044261682
0.00072050613
0.0012748501
0.00049364654
0.00047763097
0.0012984179
0.00084934715
0.00049927586
0.001113925
0.00084399793
0.00034656122
0.00092059042
0.0010143321
0.00046947191
0.00070691149
0.0008779015
0.00044240465
0.00044901407
0.00067343086
0.00053845131
0.00033909411
0.00030819964
0.00036211789
0.00037579311
0.00039541849
0.00015700186
-9.6897027E-005
0.00018829192
0.00016698471
-0.00018865278
-8.5712491E-005
-2.4795845E-005
-8.2115679E-005
-0.00018981611
-0.00029303724
-0.00011657921
-0.00022534405
-0.00020079731
-0.00015718176
-0.00076810998
-0.0003656988
0.0001719236
-0.00098631601
-0.0009587644
0.00036625206
-0.00032893848
-0.0012863134
-0.00036340446
-1.5643765E-005
-0.00075543753
-0.00074075995
-0.00065741804
-0.00077207002
-0.00027510311
-0.0004603251
-0.0011321311
-0.0005152626
0.0001386792
-0.00054006564
-0.0010596383
-0.00048602367
-0.00024908665
-0.00083187502
-0.00079221866
-0.00038358438
-0.00044926745
-0.00041123285
-0.0006206425
-0.00084107154
-0.00010527176
6.3669482E-005
-0.00089792418
-0.00075723371
7.4193129E-005
-0.00056805968
-0.0009902704
-3.3978322E-005
-0.00016354937
-0.00058896485
7.1326642E-005
-0.0003115921
-0.00066077296
0.00022838116
-0.00018840637
-0.00091828557
-0.00010455455
5.8237871E-005
-0.00064931414
-0.00040531284
-5.2197945E-005
-0.000326059
-0.00037021624
-0.00027691681
-0.00025697469
-0.00026603564
-0.00042691399
-0.0005017728
-0.00070421922
-0.00049134984
7.2703027E-005
-0.00065463944
-0.00090893183
0.00010272262
-0.00059086661
-0.0012613223
-0.00024015209
-0.00037051213
-0.0010530088
-0.00088689482
-0.00083614764
-0.00085683935
-0.0011511965
-0.0011658772
-0.00058682647
-0.0010091477
-0.0013486486
-0.00076064985
-0.0010335285
-0.0012026484
-0.00077699055
-0.0012368036
-0.0013255456
-0.00086893048
-0.0012671932
-0.0013590846
-0.00087654789
-0.00090874004
-0.0010868346
-0.0010264548
-0.00092697341
-0.001097483
-0.0012170147
-0.00099739933
-0.0012332547
-0.0013001802
-0.00084517791
-0.0011546025
-0.001061556
-0.00044119082
-0.0011190154
-0.0012628525
-0.00049851218
-0.00091989682
-0.0010926368
-0.00058737915
-0.00078270352
-0.00079120509
-0.00062479253
-0.00084655202
-0.00060475495
-0.00028854169
-0.00060278981
-0.00069968618
-0.00037416883
-0.00040498152
-0.00049907214
-0.0003106684
-0.00034794689
-0.00034632732
-7.6390272E-005
-0.00013998366
-0.00034232048
-7.6888769E-005
0.00014104201
-0.00026218771
-0.00033290489
0.00020559471
0.00011038593
