0.37138784
0.3576158
0.45531055
0.40716681
0.23152457
0.11450098
0.042690769
-0.072416149
-0.14146893
-0.09535595
-0.033004753
0.0032673273
0.077131219
0.12801532
0.10561416
0.11600882
0.15483156
0.17989536
0.23461737
0.23419987
0.13893472
0.072433457
0.037590791
-0.019156508
-0.048684482
-0.034723911
-0.017698711
0.0041877688
0.052809127
0.093364395
0.085089132
0.075417727
0.083066873
0.045257255
0.012643191
0.055390604
0.068349406
0.01728026
-0.00088701764
-0.013594049
-0.059067693
-0.077436522
-0.073332056
-0.074614234
-0.055829912
-0.020743478
0.0016390339
0.012798943
0.02752308
0.037989266
0.027853098
0.012561131
0.016652662
0.024297977
0.020519862
0.024287704
0.032026667
0.029565811
0.025561601
0.022441335
0.020718105
0.0096325045
-0.024078164
-0.064174637
-0.090334393
-0.087177306
-0.07461682
-0.080380663
-0.072884232
-0.047511172
-0.019637547
0.010960487
0.0061624874
-0.0026512467
0.017101431
0.0025478122
-0.0089234877
0.010643957
-0.0060763834
-0.016499441
-0.018152682
-0.061284397
-0.066323869
-0.031073425
-0.013951153
0.019909291
0.05360242
0.05878802
0.057385009
0.048490182
0.041382339
0.032332897
0.013062085
-0.00089905324
-0.014658131
-0.014881318
-0.0042517236
-0.016678391
-0.025970502
-0.015642868
-0.0042049563
0.020414857
0.042895023
0.03713607
0.028605254
0.029918499
0.016612638
-0.0039522504
-0.00056880264
0.009305208
-0.0026825336
-0.013200715
-0.0086983675
-0.010675245
-0.019762943
-0.02827511
-0.045603607
-0.058795031
-0.038455468
-0.012717307
-0.026168481
-0.039801516
-0.025748421
-0.033297557
-0.053458981
-0.042386569
-0.033371717
-0.044383254
-0.041834045
-0.032380398
-0.028104918
-0.0060763764
0.017093759
0.017975107
0.041357268
0.085720345
0.079573222
0.047216158
0.049471151
0.039876532
-0.0065719094
-0.021289457
-0.0035842909
-0.013392256
-0.023977855
-0.0078301746
-0.0033279199
0.0049208011
0.021527102
-0.0007225427
-0.014113388
0.0078279348
-0.0089929719
-0.032803606
-0.010549515
-0.0017757999
-0.013264874
-0.011925272
-0.019593062
-0.030332552
-0.019427428
-0.013707995
-0.030889662
-0.027252248
0.0045435363
0.0038143795
-0.028055314
-0.031661488
-0.012852883
-0.012271324
-0.010230144
0.018089063
0.043480605
0.055826847
0.054969389
0.030489964
0.024111152
0.044793662
0.045379348
0.040342689
0.056951988
0.070578724
0.054261837
0.030279096
0.041216988
0.049099274
0.022645829
0.026046989
0.052574538
0.049493365
0.052026741
0.060366385
0.041695021
0.029481292
0.023256499
0.00237586
-0.0022999423
0.001796425
-0.0084642693
-0.010880695
0.0014928895
0.011355636
0.0062061152
0.0028140841
0.010908661
-0.0028644721
-0.015831908
-0.0062669748
-0.026866276
-0.046638116
-0.032610256
-0.050987042
-0.078653678
-0.0604335
-0.043303054
-0.055093575
-0.062173586
-0.045911774
-0.027948296
-0.016436489
-0.0018723716
-0.0086412206
-0.021291098
-0.0083962241
-0.015430721
-0.034555931
-0.016635798
-0.014819486
-0.044802647
-0.031726602
0.00027099717
-0.010766191
-0.016670655
-0.0012349938
-0.018937545
-0.038713563
-0.023734545
-0.017507613
-0.016446106
0.002678989
0.0028653564
-0.010687135
3.648788E-005
0.007634629
-0.0065524154
-0.0068488279
0.0045216708
-0.0024648011
-0.012274806
-0.011238047
-0.011915517
-0.0060559297
0.0023725145
-0.0018321529
0.0041146697
0.024082661
0.027055688
0.016251767
0.019899178
0.03190266
0.01933034
4.0942206E-005
0.0068276203
0.0059793396
-0.0045440695
0.0087627498
0.016835503
0.01211767
0.018526696
0.019179618
0.0092058051
0.0083606644
0.019117981
0.016294653
0.0012078269
0.01853798
0.038494829
0.017902467
0.019482829
0.051520634
0.05275299
0.047893208
0.061983015
0.058960736
0.040996745
0.030501021
0.0086324299
-0.021635523
-0.022346603
-0.021242049
-0.04548936
-0.036092758
-0.0083778761
-0.026579343
-0.030670928
0.0044207191
0.0042006578
-0.0093616713
0.0071635293
0.0069123441
-0.0099918032
-0.0067626364
-0.012284894
-0.033852123
-0.027345655
-0.0070025846
-0.013674377
-0.011246941
0.020745492
0.026318954
0.014878968
0.029201748
0.029554505
0.013279915
0.020837978
0.013018514
-0.02042263
-0.015857622
0.0061618746
-0.011416435
-0.025852622
-0.011225467
-0.021087307
-0.03505047
-0.008795673
0.00089992874
-0.0098309489
0.01124881
0.0099000605
-0.028199365
-0.025658235
-0.0088148545
-0.018498484
-0.0077899504
0.006518885
-0.010452256
-0.0051432932
0.023652229
0.020692948
0.015359829
0.032804519
0.029023774
0.012774872
0.013497795
0.0043333005
-0.014130734
-0.021965312
-0.038414519
-0.058568381
-0.057074819
-0.045040831
-0.042726282
-0.047159143
-0.036072608
-0.014537769
-0.010975153
-0.0088373572
0.0050051734
0.0046169022
-0.0014503759
0.011186037
0.023884928
0.017949501
0.014921572
0.016416455
-0.0018702607
-0.018781245
-0.023410903
-0.043161262
-0.05990326
-0.057831492
-0.064121448
-0.063508108
-0.03157736
-0.010789275
-0.013133221
0.0097763855
0.036283102
0.032635119
0.042489886
0.057318762
0.047235023
0.054349765
0.062156912
0.037273847
0.035088353
0.044496182
0.011036556
-0.0073573072
0.013231162
-0.00011977587
-0.024918342
-2.0348769E-005
0.015766844
-0.00095964852
0.016180174
0.033058982
0.0073009278
0.012334608
0.04149247
0.021146532
-0.00062126812
0.017859204
0.013095596
-0.013030178
-0.0023673256
0.007017679
-0.014482716
-0.0043801074
0.028905433
0.021110987
0.0059433654
0.022260847
0.02561418
0.012225558
0.022947647
0.030431179
0.015559162
0.019379888
0.027214775
0.013518711
0.014541438
0.02392916
0.01546419
0.014409211
0.021556182
0.01987303
0.017743573
0.0094672292
-0.0056677121
-0.010772053
-0.010431767
-0.01865462
-0.032996517
-0.031547368
-0.014169454
-0.016720282
-0.025386836
-0.0067408313
-0.00049656077
-0.024868185
-0.034578405
-0.030065259
-0.038769551
-0.044128679
-0.038461816
-0.041500177
-0.042688098
-0.030438976
-0.027157493
-0.030653169
-0.019922074
-0.010662575
-0.013631819
-0.0065418552
0.0075515271
0.0036384258
-0.011059785
-0.018639863
-0.019743167
-0.019579297
-0.020345645
-0.014712066
-0.0056853476
-0.0068342327
-0.0045303288
0.0051063923
0.0065580052
0.010127896
0.016406432
0.014924675
0.012952851
0.014220037
0.025056235
0.03562545
0.028085474
0.023951249
0.027487278
0.01527503
0.0045548119
0.011927461
0.0093824333
-0.010399084
-0.014500731
-0.00674049
-0.016501898
-0.024819981
-0.016627237
-0.019152353
-0.025227623
-0.0086966855
0.0047073984
0.0018512586
0.014766342
0.027379991
0.014158702
0.013629239
0.027524348
0.017757626
0.003967376
0.0059635066
-0.0019963162
-0.023243174
-0.028711021
-0.021422558
-0.029842172
-0.032882702
-0.0078809308
0.003448254
-0.00577563
0.0017297539
0.0041182777
-0.015575245
-0.015431215
0.0037544582
0.0090148821
0.017286353
0.034940634
0.034324728
0.026868729
0.033360079
0.037878402
0.033242878
0.033990484
0.033739634
0.018775027
0.010284459
0.01380479
0.0052658762
-0.0001316118
0.0072752633
0.006430957
0.0035895347
0.0036627543
0.0064657014
0.015432862
0.013368115
0.0096998373
0.018600048
0.015791245
0.0024524152
0.00043519522
0.00235817
-0.0050664968
-0.010768614
-0.006558307
-0.01382131
-0.026824901
-0.022310691
-0.025708368
-0.037938416
-0.027185705
-0.017017469
-0.01808198
-0.0021155835
0.0087097418
0.00079852715
0.006113302
0.005474302
-0.018920204
-0.024168376
-0.012057135
-0.018263774
-0.03083206
-0.02796597
-0.015798453
-0.011574551
-0.0099199116
-0.0003701793
0.0021696833
0.0034961349
0.011980428
0.0094183143
0.010217751
0.024772985
0.025329307
0.016488966
0.019643269
0.023085354
0.012746935
-0.00018734421
-0.0014856688
-0.00047630729
-0.010093424
-0.019429073
-0.017423904
-0.01498272
-0.019632433
-0.021344231
-0.016530123
-0.011018941
-0.0059444271
-0.0037534316
-0.003144406
-0.00022854217
-0.0029793782
-0.011999921
-0.019323057
-0.024276778
-0.021067092
-0.013217763
-0.011176063
-0.0042454265
0.0064386935
0.003960575
-0.0023364173
0.00084812031
0.0015558649
-0.0093872072
-0.015514452
-0.010899473
-0.013564412
-0.014767421
-0.0054972707
-0.0065297475
-0.0033357686
0.018971475
0.02774558
0.0242693
0.035734609
0.044525519
0.032471921
0.026207494
0.038186342
0.034696523
0.017848503
0.019046137
0.014562062
-0.0029956256
-0.00088775111
0.0018143439
-0.0085150274
-0.0061568846
-0.0047088657
-0.015711768
-0.013955371
-0.0025828748
-0.00069838145
-0.0026558992
-0.0016763317
-0.0015156147
-0.0026346459
-0.0024307205
-0.00067656289
0.0030419852
0.0071043721
0.0039431751
-0.0028167584
-0.0030853176
-0.0076301713
-0.014549965
-0.0041861935
0.0057618418
0.0042510475
0.01163675
0.015490668
0.0095078275
0.014420986
0.016077818
0.0076961564
0.011798501
0.019519856
0.017454758
0.018735344
0.024406431
0.023132661
0.015268309
0.0086953556
0.0054151029
0.0019909113
0.003102893
0.0076149413
0.0029816723
-0.00035694955
0.0054980558
-0.0024480289
-0.017632289
-0.013921154
-0.0097874505
-0.019540355
-0.018551936
-0.0074706469
-0.009377542
-0.013699783
-0.013484241
-0.025437722
-0.031483188
-0.019636156
-0.02213702
-0.029912729
-0.016711304
-0.013487789
-0.031520545
-0.034637805
-0.023215707
-0.024039978
-0.02516556
-0.0122657
-0.0092885559
-0.014701555
-0.0029836497
0.0038377249
-0.0052974978
0.0025100079
0.01440639
0.0060931486
0.008653909
0.024741346
0.019202352
0.00681565
0.0082085533
0.0012117104
-0.011550613
-0.0082774227
-0.00075618632
0.0021489959
0.011331107
0.017827688
0.008020753
0.0026434192
0.0097208107
0.0034455506
-0.002115472
0.0072002746
0.0011536221
-0.0045452458
0.0061474671
-0.00024340938
-0.0063123382
0.0055525838
0.0016784114
-0.0044078161
0.0078172386
0.01002382
0.0039970386
0.0099860914
0.01495966
0.010625322
0.003450531
-0.004613644
-0.008331202
-0.0056892722
-0.0034372269
-0.0060107177
-0.0087005896
-0.0031755313
0.0012029092
-0.0059947032
-0.0062391371
0.0034080185
-0.0003346717
-0.0080176657
-0.0015455943
0.0038884981
-0.0014663334
-0.0040300186
0.0021098198
0.0027897221
-0.0027754973
0.002617538
0.007642169
0.0024315165
0.0068288785
0.011990568
0.0047012018
0.0043641482
0.0077838814
-0.00047839314
-0.0070281532
-0.00026293407
0.0068866909
0.0050288695
0.0092111947
0.018941788
0.013924373
0.0081099113
0.012375543
0.0075922981
0.0058365567
0.019301564
0.023198459
0.01845948
0.023616211
0.025453674
0.014016771
0.0071599558
0.0082363365
0.00076637242
-0.0074788393
-0.004581193
-0.0036863224
-0.0038188929
0.0017690327
0.0033878458
0.0050660586
0.0085755484
0.004884718
0.0026119037
0.00559319
0.0043656197
0.0015063302
0.00053337432
-0.0023981065
-0.0051855971
-0.0066860439
-0.0086338604
-0.0074864062
-0.0064744777
-0.0091870595
-0.010389495
-0.011364873
-0.010384062
-0.0069823642
-0.011381774
-0.01443253
-0.010827987
-0.017229993
-0.023940446
-0.019398252
-0.018729644
-0.019392937
-0.013308635
-0.011093319
-0.015040102
-0.015330012
-0.01132255
-0.012185737
-0.011196263
-0.0009275052
0.00085798593
-0.0054946579
-0.0029133768
0.0012559354
0.0018556942
0.0023744642
-0.0018141661
-0.005554995
-0.0037292712
-0.0050990754
-0.0095142564
-0.0096957134
-0.0074223247
-0.0040559457
-0.0019994802
-0.0041155317
-0.0018783505
0.0044016209
0.0034006182
0.0010530961
0.0054802233
0.0078915823
0.0050673387
0.0034509611
0.0010258829
-0.0015755375
0.0021533873
0.0043098293
0.0018752031
0.0071799038
0.014334571
0.012516174
0.012638278
0.019053305
0.020296644
0.016249772
0.014640927
0.011293339
0.0044204928
0.0028265987
0.0051700096
0.007902951
0.011031611
0.0089296736
0.0090934858
0.014131108
0.008670602
0.00024103445
-0.00053176918
-0.0021542581
-0.001554739
0.0021809884
0.0015051332
0.0010019606
0.0034538328
0.0042547504
0.00210247
0.0022236903
0.0071222945
0.0065658465
-0.00040683872
-0.0022986452
4.4203251E-005
0.0018057907
0.0012414112
-0.00099141768
0.002221161
0.0068885153
0.0050999094
0.001405326
-0.00077453192
-0.00019522071
-0.0028337
-0.013510473
-0.016651407
-0.013434784
-0.019156039
-0.020428929
-0.012351563
-0.0096761528
-0.0054593072
0.004661012
0.0067704972
0.0046326066
0.0087135732
0.010333071
0.0068077878
0.0082170712
0.010830347
0.0067230826
0.0033528719
0.0065231249
0.0064820289
0.0004498176
0.00021283593
0.0012156448
-0.0068379617
-0.011736594
-0.0086110132
-0.0091210883
-0.013824146
-0.017526861
-0.020131936
-0.02125222
-0.017898895
-0.012160204
-0.0097227292
-0.0065598353
-0.0033351579
-0.0051388913
-0.0018685265
0.0037213934
0.00041689241
0.00042506086
0.0039870488
-0.0027972423
-0.0098163476
-0.0084087541
-0.0081481757
-0.0083387895
-0.0041737952
-0.0045755762
-0.0077673467
-0.0023337251
0.0010459245
-0.0027319668
0.0014306739
0.0080108279
0.0063509988
0.0051724333
0.0052438625
0.004424375
0.010730524
0.017013887
0.011857851
0.0086661233
0.014308213
0.012885327
0.0058270465
0.0061523919
0.0066421325
0.0029216541
0.0042851982
0.0066309907
0.006321772
0.010780972
0.010033681
0.0011123287
0.001018158
-0.00037035366
-0.012032325
-0.01521707
-0.013534477
-0.015877198
-0.012910943
-0.01049884
-0.011326276
-0.0069489507
-0.0069768061
-0.01266423
-0.0084676314
-0.00056766474
-0.0007592623
0.0010558597
0.0089333626
0.01277001
0.012001412
0.010540965
0.0083906176
0.007019076
0.0067373454
0.0063085794
0.005579167
0.0062523866
0.010130224
0.01363621
0.012248683
0.01004251
0.010376022
0.0070313043
0.0033193473
0.0060640275
0.0050155492
0.0019316034
0.0040047606
-0.0023297565
-0.0096215811
-0.0022885865
0.00019310963
-0.0088648647
-0.0076542958
-1.5978329E-005
-0.0067759757
-0.014267406
-0.0065274439
-0.0065920819
-0.015858164
-0.011161008
-0.0046523791
-0.0047036954
-0.00093753467
-0.0011124433
-0.0038819534
0.0017167426
0.0060075619
0.0026814328
0.0027267083
0.0057108491
0.00086201343
-0.0036482252
0.0015606965
0.0057216994
0.0051831957
0.006504545
0.008116574
0.0071563981
0.0047157495
0.0030972194
0.0025532502
4.097752E-005
-0.0053415666
-0.010618875
-0.012714039
-0.012435409
-0.011751604
-0.010403401
-0.0081397938
-0.0039412235
-0.0010656178
-0.0025914316
-0.00061512756
0.0027074686
-0.0017353055
-0.0045774337
-0.0036793933
-0.0071187499
-0.0083335638
-0.0066996939
-0.0084342016
-0.009622273
-0.0087251887
-0.0068742889
-0.0042178151
-0.0022997619
-4.1823005E-005
0.00097173109
0.0003197194
0.001886602
0.0012965563
-0.0034078408
-0.0042758319
-0.0022770977
-0.0017094646
0.00068287621
0.0032036644
0.0029984759
0.0048388145
0.0082115242
0.0068016648
0.0047005825
0.0070520453
0.0062047578
0.0025059944
0.003927676
0.0035466829
0.00045156639
0.0044036675
0.0066035548
0.00017393383
-0.00035194145
0.005102552
0.0014180919
-0.0031788952
0.0016132394
0.0034460353
0.0051492127
0.014136311
0.012907173
0.0060160635
0.012341994
0.014824787
0.0051560183
0.0028159393
0.0039751022
-0.0034948781
-0.0080046551
-0.0037644231
-0.0023347845
-0.0041322135
-0.00063231762
0.0028260641
0.0015354466
0.003943339
0.0071272948
0.0025253801
0.00075229595
0.0064116074
0.0064174063
0.0028895657
0.0047160275
0.0054297927
0.0038480156
0.0041442593
0.0013700398
-0.0029828497
-0.0026946005
-0.0015475566
-0.0029151533
-0.0033642526
-0.0017337962
-0.0012600688
-0.0013177078
0.0016616617
0.0050019966
0.0059380485
0.004498844
-7.4039221E-005
-0.0024491155
-0.0033232681
-0.010888266
-0.015591289
-0.010362328
-0.0078965342
-0.0089770444
-0.0070656668
-0.0056520728
-0.0052603991
-0.0054468387
-0.0059927041
-0.0046996162
-0.0035412838
-0.002161481
-0.00094380387
-0.0038588392
-0.006383277
-0.0036075565
-0.0016471748
-0.0043484662
-0.0051280283
-0.0016537362
0.00038449038
6.4080981E-005
-0.00082647079
-0.00088002108
0.0021939964
0.0037067581
-0.00030812161
-0.0027531341
8.2424282E-005
0.0017743183
-0.0002752601
-0.0011452774
0.00023186128
0.00043029216
0.00071578496
0.0027864191
0.0045808116
0.006788813
0.0095549608
0.010445527
0.010038514
0.0090340143
0.008054249
0.0070170853
0.0032050274
-0.00059562718
6.2249601E-005
0.0023517453
0.0027854983
0.0014418119
-0.0010416043
-0.0033832905
-0.0028705562
-0.0011616606
-0.0025879233
-0.003834795
-0.004131319
-0.0074316636
-0.0065908181
-0.0015811891
-0.0043096631
-0.0068847523
-0.0011503925
-0.0009115471
-0.0039997268
0.0011626583
0.0020027622
-0.0036958277
-0.0017867626
-0.00011442252
-0.003784813
-0.0017332596
0.00078997511
-0.0013867993
0.00031763417
0.0025667874
-0.00013835239
0.00049499172
0.004060124
0.00058318337
-0.002768589
0.0011023607
0.00069294905
-0.0015703423
0.0028065147
0.0037423698
0.0034496123
0.0074915215
0.0044585699
0.00040867756
0.0040614638
0.0030287243
0.00029704653
0.005271323
0.0064272564
0.0032713325
0.0078944815
0.012121506
0.0077589811
0.0060647838
0.009262329
0.0069575296
0.0023807078
0.0038798067
0.0050436598
0.0014794467
0.00064233516
0.0010545142
-0.0030134295
-0.0054679392
-0.0051286584
-0.0075435555
-0.0085330456
-0.0069518546
-0.0089603327
-0.010202901
-0.0051816436
-0.0019753391
-0.0042396439
-0.0026075756
0.002080149
-6.6861649E-005
-0.0028842865
0.0012650689
0.0023916659
-0.0017769358
-0.0020438072
-0.0025039627
-0.0059612771
-0.0042852429
-0.0020874892
-0.0046497835
-0.0027610159
0.0017324083
-0.00088794657
-0.0043987185
-0.0018972796
-0.0012914417
-0.0055695944
-0.0048223897
-0.0014898457
-0.0038286885
-0.0019610315
0.0031203716
-0.0016810978
-0.0041511888
0.0029748539
0.0037626433
5.6661895E-005
0.0019940345
0.0014361349
-0.0041085426
-0.0045560733
-0.0027004168
-0.0050935294
-0.0039843381
-0.00021431805
-0.00321535
-0.0057363687
-0.0029179447
-0.0035475534
-0.0061861007
-0.0040658684
-0.00082591112
0.00060466927
0.0030574
0.0045794207
0.0035967014
0.0034222694
0.0015133979
-0.0022134678
-0.0029466811
-0.0049117045
-0.006137751
-0.00092033617
-0.0001613925
-0.0045516323
-0.0023340536
0.00056203926
0.00056465925
0.0044631506
0.0075169643
0.0078493431
0.010929449
0.013061717
0.011311776
0.0093145538
0.0088249194
0.0078153629
0.0041593816
0.0033966275
0.0075354367
0.0079538971
0.006619568
0.0092911739
0.009407348
0.00493829
0.0020494149
0.0023925279
0.0025473037
0.0014891856
0.0023331814
0.0040558111
0.0040652161
0.0029969274
0.00016946437
-0.0022574854
-0.0020214606
-0.0026186781
-0.0037353046
-0.0023962099
-0.00039268399
-0.00067873212
-0.0037461293
-0.0055515263
-0.0050166338
-0.0066690082
-0.0076239016
-0.0048403461
-0.0030656974
-0.0027812514
-0.003715842
-0.0052775089
-0.002513601
0.00028929376
-0.0016319656
-0.001961614
-0.00034266387
-0.0008423879
-0.0015300576
-0.0016015088
-0.0014755585
-0.00085419248
-0.00067478872
-0.0011706441
-0.0010081073
0.00058443809
-0.00063799549
-0.0048760953
-0.0040860511
-0.0022283695
-0.0052711857
-0.0044969148
-0.0010513163
-0.002036606
-0.0021804366
-0.0011029924
-0.0014532245
4.106099E-005
0.0013229706
0.00019145374
-0.00078688411
-0.0007958514
-0.0003662302
-0.0023890561
-0.007237135
-0.0087814061
-0.0071603362
-0.0077197528
-0.0076804245
-0.0045838263
-0.0023547462
-0.0010004872
0.00099093036
0.0027197965
0.0048663411
0.0068699908
0.0064180051
0.003277868
0.0023649563
0.0060426253
0.0060516461
0.0037258684
0.0072941147
0.0074813757
0.0031147683
0.0051318984
0.0052150851
2.5108407E-005
0.00045317513
0.0014250407
-0.0020061869
-0.0022606587
-0.00099693658
-0.0027229325
-0.0016003961
0.0036248122
0.0047652111
0.002365039
0.003381009
0.0044266116
0.0032351741
0.0047939098
0.0054971497
0.0025260898
0.0020084435
0.0014088273
-0.0030084408
-0.0042337142
-0.0032139088
-0.0062300102
-0.0077412711
-0.0050175749
-0.0044164192
-0.0052535147
-0.0041419589
-0.0037987537
-0.0034585372
-0.00042316795
0.00020140337
-0.0030283693
-0.002738626
0.00058155257
0.0016370519
0.0024766522
0.0039566825
0.0038411217
0.0030237946
0.0023351149
0.001548101
0.0014521162
0.0022020512
0.0015511365
-7.0874084E-005
0.001547117
0.0041973232
0.0040428815
0.0041232868
0.0045220451
0.0035870105
0.0026188544
0.0008110198
3.6967354E-005
0.00069659372
-0.0012095845
-0.0015062375
0.00084587384
-0.0016889448
-0.0047380463
-0.0033441889
-0.0042016436
-0.0053930334
-0.0020938166
-0.00050730479
-0.0013003297
-8.8893015E-005
-0.00020165952
-0.00157324
-0.00048595815
-0.00091063912
-0.0036743509
-0.0032027769
-0.0016896854
-0.0020371019
0.00014032844
0.0024705327
0.00034632938
-0.00013276593
0.0020241789
0.00053945329
-0.00024279614
0.0020317596
0.00020231812
-0.0031078237
-0.0034384155
-0.0050645205
-0.0066506518
-0.0056509119
-0.0053227148
-0.0043535344
-0.00089150696
0.00060901686
-0.00030423162
0.0017115407
0.0040400177
0.00120751
-0.0012674899
4.4209559E-005
0.0013139854
0.0030333193
0.0042800428
0.0034637975
0.0037182872
0.0037550784
0.00090377952
-0.0012552208
7.8716048E-006
0.00081168197
-0.0011563159
-0.0012785018
0.00015891611
-0.00065226702
-0.00078771909
-0.00056403142
-0.001756101
-0.00026447963
0.0012651082
-0.001253598
-0.00078289426
0.0045836018
0.0061502811
0.0048612189
0.0063245432
0.0050803702
0.0013755154
0.003140796
0.0050902884
0.0019276163
0.00072528818
0.0015600279
-0.0015476961
-0.004306104
-0.0037631695
-0.0064118179
-0.010256613
-0.0090815704
-0.0076126237
-0.0069010397
-0.0026116725
0.0011824967
0.0019779152
0.0032260783
0.0052022343
0.0063626887
0.0059418883
0.0043810708
0.0032990712
0.0035411238
0.004847086
0.0055469619
0.0040123174
0.0017931419
0.0020186938
0.0026875278
0.0006950617
0.00073329278
0.0033521524
0.0022943886
-0.00012697918
-0.0005103306
-0.0014036744
-0.0029461866
-0.003549485
-0.0025235198
-0.0015555853
-0.0013783931
-1.6250267E-005
0.00046272413
8.405379E-005
0.0014437073
0.0012740748
-0.00012067836
0.0005068985
-9.2761067E-005
-0.0028591796
-0.0036326675
-0.0031281647
-0.0044210274
-0.0044353935
-0.0022069009
-0.0027913563
-0.0042417068
-0.0025395183
-0.0017430504
-0.0033173703
-0.0034053412
-0.002167447
-0.0024206575
-0.002774389
-0.0011437945
-0.00026995756
-9.4177121E-005
0.0025966708
0.004077916
0.0018540542
0.0010251256
0.0011155901
-0.0016015255
-0.0027292466
-0.001234444
-0.0024720482
-0.0032812322
-0.0011119704
-0.0011184266
-0.0012696527
0.00085201068
0.00076433254
-0.00064695865
0.00038940506
0.0030333186
0.0032712871
0.0007642961
0.0010816695
0.0025353185
0.00040405028
-0.00081752002
-0.00036551573
-0.0014534597
-0.0012285869
0.00015643532
-0.00026677022
-0.00091930345
-0.00077910797
-0.0013239828
-0.0025603632
-0.0023813632
-0.0011905205
-0.0026999465
-0.0042766663
-0.00099046726
0.00068821874
-0.0023367158
-0.00093424157
0.0021542856
-0.00051380304
-5.5451084E-005
0.004755225
0.0044408618
0.0044722185
0.0080590611
0.0060489597
0.0016583846
0.003037412
0.0047786296
0.0029373746
0.0035057713
0.0062132883
0.0043392121
0.0017626575
0.003819888
0.0032168922
-0.00026882743
0.001902453
0.0037865471
0.0005477824
0.0011940594
0.004007353
0.0022042873
0.0013538505
0.0026239345
0.0010923522
-0.00041933649
0.00075155642
0.0016581725
0.0007554575
-0.00042634632
-0.0013710586
-0.0029980307
-0.0032846124
-0.0023101189
-0.0041106823
-0.0054887063
-0.0029772667
-0.0021868704
-0.0035989501
-0.002256887
-0.001321667
-0.0035485802
-0.0040612952
-0.0030124928
-0.0032383925
-0.0019469073
-0.001385457
-0.0034455268
-0.0023000441
-0.00098873081
-0.0035439816
-0.0032100254
-0.00042679286
-0.00043347961
-0.00048273505
0.00056061515
-0.00033267867
-0.0019886584
-0.00174499
-0.0013245976
-0.0012910611
-2.1162739E-005
-0.00041186859
-0.0021916945
-0.00091171724
0.00031298961
-0.00012367431
0.0018778673
0.0028947303
0.00016496988
-0.00039343559
0.0011731613
-0.00086996873
-0.0036007073
-0.0023396043
-0.0020467408
-0.0046803495
-0.0040976214
-0.0020282669
-0.0031541372
-0.0031787958
-0.00096753269
-0.00040840718
-0.00039686504
-0.0005418543
-0.0019564878
-0.001643877
0.00036377765
0.00056094362
0.00048157712
0.0020636572
0.0018427173
-0.00094494689
-0.00064800092
0.0024354598
0.0013957026
-0.00074679696
0.0015329262
0.0022944398
4.9865688E-005
0.0009394348
0.0027784568
0.0021072663
0.0027813208
0.0052161142
0.0047947993
0.0029688899
0.0036792587
0.0038598811
0.0019679009
0.0013041513
0.0011477922
0.0013378281
0.0035207013
0.0038463955
0.0013892273
0.001971802
0.0046685273
0.0034031435
0.00061003445
0.0012331781
0.0028789467
0.0032787516
0.0040117498
0.0048528942
0.0039290977
0.0024436254
0.0029752094
0.0029890256
0.000795573
5.6727735E-005
-0.00034292668
-0.0019555213
-0.001429387
-0.00056621636
-0.0011495341
-0.001192703
-0.0019215414
-0.0020267272
-0.00030856271
-0.00030158283
-0.0016811879
-0.0032836357
-0.0043665301
-0.0024097026
-0.0013600726
-0.0037244626
-0.003707347
-0.0013159309
-0.0020212601
-0.0051272791
-0.006206857
-0.0049039703
-0.0038010457
-0.0031227502
-0.0028928146
-0.0033504034
-0.00224571
8.9836154E-005
0.00041915322
-0.00077616406
-0.00058888178
0.00041383971
0.00020247266
0.00052580686
0.0016307217
0.00056158984
-0.00037406542
0.0009560131
0.00063521357
-0.00099300244
-0.0004913829
-5.2367082E-005
-0.0008310015
0.00061252044
0.003306478
0.0027038516
0.00090099074
0.0020431355
0.002514882
0.00023251779
9.5775374E-007
0.0017813582
0.002376446
0.0030235115
0.0036047741
0.0022469673
0.00024836746
-0.00036293129
4.2538246E-005
-2.5780317E-005
-0.00041876876
-0.0004436415
-0.00054065941
-0.0010514858
-0.002167213
-0.00311266
-0.0024955699
-0.0011943413
-0.0015396442
-0.0034284694
-0.0039171465
-0.0031377259
-0.0038824223
-0.0046446067
-0.0039003198
-0.0033895739
-0.0028540886
-0.0014843647
2.4688884E-006
0.00093391433
0.00099576765
0.00030638388
-0.00068712654
-0.0002884728
0.0010540092
1.4026249E-005
-0.0017242304
-0.001059232
-0.00029082369
-0.00080303691
-0.00095713628
-0.00027724914
0.00039551858
0.00090429629
0.0015016791
0.0015666313
0.0018830172
0.0026029064
0.0013697502
-0.00031612077
0.0004537123
0.0022609211
0.0034953412
0.0039670691
0.0042465972
0.0055966214
0.007276407
0.0072906055
0.0055134711
0.0033818844
0.0018971933
0.0013280131
0.00075969298
-0.00080820796
-0.0013614104
-0.00044174114
-0.00063685252
-0.00051494554
0.00033559627
-0.001138077
-0.0023479406
-0.0012052912
-0.0014200979
-0.0020888776
-0.0003477342
0.0005609364
0.00035816414
0.0027964851
0.0042860722
0.0019929071
0.0015001342
0.0032393269
0.0029664971
0.0022998501
0.0024204995
0.00061112642
-0.0022724723
-0.0025508492
-0.0020199367
-0.0039943531
-0.0051054754
-0.0039883638
-0.0038806014
-0.0040517007
-0.0035951447
-0.0031376434
-0.0027824389
-0.0031175904
-0.0023409822
-0.0015507432
-0.0034791061
-0.0032783754
-0.00025477915
0.00015502116
0.00039900618
0.0021510636
0.0019103207
0.0017199139
0.0028093094
0.0019246822
0.00069288188
0.0018099026
0.0020595652
-0.00063781999
-0.0019551474
-0.00067065586
-0.001883566
-0.0042310115
-0.0035797411
-0.0038331498
-0.0051077977
-0.0030150597
-0.000454853
0.00065207877
0.0018912117
0.00153427
0.00014534409
-0.00015236827
-0.00095748535
-0.002913753
-0.0036469689
-0.0025406869
-0.002746992
-0.0045071626
-0.0040545519
-0.0028371585
-0.0036877843
-0.0035909407
-0.0012576717
0.00059386145
0.001766254
0.0028571361
0.0019914324
0.00037912576
0.0016010148
0.0034718795
0.0029851755
0.0020597556
0.0016578356
0.00058494287
-0.00090688415
-0.0012410621
-0.0012486323
-0.0020517963
