-0.00011090478
-0.00010321492
-0.00010806405
-0.00012091317
-0.00011166157
-9.2978058E-005
-7.2795687E-005
-6.1572784E-005
-7.8058772E-005
-9.573171E-005
-0.00010469831
-0.00011110729
-0.00013348914
-0.00014406012
-0.0001285277
-8.1015685E-005
-6.5528162E-005
-8.1563165E-005
-9.0509326E-005
-7.4930991E-005
-6.9878472E-005
-7.9553058E-005
-0.00010135018
-0.00012763578
-0.00013130512
-9.5060015E-005
-7.2102863E-005
-8.2405997E-005
-0.00011782938
-0.00014922548
-0.00015498557
-0.00015688239
-0.00018340455
-0.00020622434
-0.00019356507
-0.00016215272
-0.00014846872
-0.00011039375
-8.4877916E-005
-9.1718299E-005
-0.00011705016
-0.00013343788
-0.00014681448
-0.0001304953
-9.3237933E-005
-5.394793E-005
-3.4655983E-005
-2.4994135E-005
-4.1459109E-005
-6.2180188E-005
-9.3723625E-005
-8.4085426E-005
-6.0791939E-005
-4.8669466E-005
-5.3895652E-005
-5.1471317E-005
-3.9259197E-005
-2.1769942E-005
-1.3871238E-005
-2.3631917E-005
-3.71075E-005
-4.557347E-005
-4.9860279E-005
-3.2789478E-005
8.2388242E-006
2.7620945E-005
1.1066758E-005
-2.6263046E-005
-4.7740952E-005
-6.1265215E-005
-6.1060113E-005
-5.0599741E-005
-2.3631308E-005
-2.4507512E-005
-7.2660732E-005
-0.00011039967
-0.00013361963
-0.00011943575
-0.00010300686
-8.5282911E-005
-8.0817321E-005
-8.5815336E-005
-9.1442031E-005
-7.1562245E-005
-5.2037962E-005
-5.3272324E-005
-5.6664732E-005
-4.6739173E-005
-4.5880999E-005
-6.5423141E-005
-9.686625E-005
-0.00010950468
-8.4237712E-005
-7.1656905E-005
-0.00013493843
-0.00031828313
-0.00080805382
-0.0016785602
-0.0027567216
-0.0036375569
-0.0038926345
-0.0035198035
-0.0029876772
-0.0027739538
-0.0030436316
-0.0037785794
-0.0047343103
-0.0052951542
-0.0047288509
-0.0029500199
-0.00083477178
0.00035565003
0.00014639842
-0.00086043868
-0.0017841707
-0.0021420456
-0.0017336266
-0.0008766246
-0.00010642381
0.00019293214
0.00012388729
1.3355172E-005
4.161759E-005
0.00022750528
0.00055125286
0.0010047888
0.0015969941
0.0024043857
0.0034340052
0.0045124842
0.0051877322
0.0048772306
0.0036964344
0.0022268356
0.0011376454
0.00086207245
0.001388247
0.0022400231
0.0027740796
0.0027289048
0.0022686815
0.0016302194
0.00093249901
0.00027794554
-0.0001852205
-0.0001272182
0.00046012065
0.0011303566
0.0013946634
0.001048664
0.00037974436
-0.00013891906
-0.00027916351
-8.101244E-005
0.0003430307
0.00084133429
0.001255136
0.0014541713
0.0013319628
0.00098543381
0.00079950085
0.00090711319
0.001157303
0.0013886477
0.0016920043
0.0023130183
0.0031144258
0.0036023711
0.0034389982
0.002717213
0.0018314294
0.0011585662
0.00084596348
0.00090276951
0.0012402412
0.0016507634
0.0019995419
0.0021844774
0.0020765639
0.0015923664
0.00075083773
-0.00035465616
-0.0014300697
-0.0020155397
-0.0019370724
-0.0015176021
-0.001173368
-0.0010990035
-0.0013466065
-0.0017816476
-0.0022570258
-0.0026606934
-0.00292804
-0.0030274792
-0.0030261122
-0.0030155655
-0.0029793796
-0.00285191
-0.0026780316
-0.0025017594
-0.0022870665
-0.0019561895
-0.0014593865
-0.0010547985
-0.0009757363
-0.0012140699
-0.0015715222
-0.0017791822
-0.0016901508
-0.001366533
-0.00099493854
-0.00070342276
-0.00045362095
-0.00014173686
0.00019674309
0.00042946197
0.00045946427
0.00036237773
0.00027470556
0.00011840477
-0.00016533671
-0.00047769089
-0.00059909804
-0.00044098496
-0.00016306191
8.4799016E-005
0.00024797561
0.00027290042
0.00015172764
-7.6068281E-005
-0.00039945813
-0.00075210433
-0.0010080428
-0.0010470306
-0.0008993774
-0.0006805372
-0.0004809722
-0.00030147002
-0.00014780834
-6.54408E-005
-4.5217661E-005
-2.719992E-005
7.0936519E-005
0.00020290728
0.00032133237
0.00047378713
0.00071240071
0.0009247798
0.0010317351
0.0010564054
0.0010739095
0.0011296459
0.0012066036
0.0013268614
0.0014798528
0.0016697866
0.0018325084
0.0018901001
0.0018293706
0.0017193583
0.0016374493
0.0015501066
0.0014214099
0.0013059846
0.001319263
0.0014187839
0.0014742274
0.0013381724
0.00096716807
0.000486884
9.7951772E-005
-8.2557199E-005
-0.00011865149
-0.00017572659
-0.00026471217
-0.00028208818
-0.00027146126
-0.00032444092
-0.0004703358
-0.00062719086
-0.00072801037
-0.00077301753
-0.00081296486
-0.00082605123
-0.00082004233
-0.00077489455
-0.00066760607
-0.00052792026
-0.00042857547
-0.0005105632
-0.00073200295
-0.00089421344
-0.00086671178
-0.00066111929
-0.0004365519
-0.00032545475
-0.00036597819
-0.00052026764
-0.00072264636
-0.0009403592
-0.0011123348
-0.00111578
-0.00091290107
-0.00058495463
-0.0003486796
-0.00030984735
-0.00042228634
-0.00064614095
-0.00090649066
-0.0011644014
-0.0013724379
-0.0014792811
-0.0014524589
-0.0013207749
-0.0011166359
-0.00089914229
-0.00082686672
-0.0010012379
-0.0013604638
-0.0015924566
-0.0015583013
-0.0013509404
-0.0011506485
-0.0010199156
-0.00091707596
-0.00078209618
-0.00067756348
-0.00066293293
-0.00073412369
-0.00077055185
-0.00064109708
-0.0003566675
-5.735923E-006
0.00021297419
0.00025283571
0.00016705309
6.7788234E-005
4.4466338E-005
7.2578303E-005
0.00010387292
0.00018730422
0.00034121721
0.0005488348
0.00075130485
0.00087022409
0.0008793507
0.00077190431
0.0005793068
0.00044009311
0.00043426649
0.00053937634
0.00068611401
0.0008080604
0.00084235496
0.00075716473
0.0005931129
0.00042788454
0.00031967345
0.00030185634
0.00037073417
0.00047484849
0.00057778432
0.00062925409
0.00062797358
0.00056493445
0.00043958443
0.00029740034
0.00021674152
0.00025562214
0.00039675014
0.00055118592
0.00062029669
0.00063106982
0.00056040031
0.0004464626
0.0002944775
0.00019180847
0.0002023742
0.00032342365
0.00047547658
0.00053430506
0.00046608903
0.00034207545
0.00024018106
0.0001913108
0.00013442786
7.7293334E-006
-0.0001703958
-0.00028118334
-0.00029678957
-0.00025188347
-0.00021847904
-0.0002239024
-0.00024425643
-0.00022868002
-0.00021158606
-0.00024429132
-0.00035239261
-0.00051969668
-0.00067112537
-0.00072973914
-0.00069399213
-0.00058611989
-0.00050725351
-0.00052631245
-0.00061855855
-0.00071233773
-0.00074212422
-0.0007217034
-0.00071958121
-0.00074328657
-0.00079012354
-0.00084359199
-0.0008658545
-0.00082300632
-0.00074455433
-0.00063506502
-0.00052051089
-0.00044048979
-0.0003609797
-0.000294386
-0.00026445446
-0.00026067437
-0.00030372085
-0.00037311664
-0.00046415179
-0.0005511971
-0.00060896034
-0.00059637247
-0.00048686462
-0.00036531297
-0.00026781016
-0.0001831674
-0.0001133636
-0.00011535671
-0.0001820075
-0.00029156063
-0.00040814304
-0.00043662963
-0.00036293568
-0.00019823578
1.4741514E-005
0.00022200082
0.00032876348
0.0002974128
0.0001706351
3.6307352E-005
-4.1729545E-005
-2.3998185E-005
7.6430282E-005
0.00021861703
0.00034243392
0.00038550238
0.00033537616
0.00026702098
0.00021573532
0.00019929925
0.00025584095
0.00035298223
0.00043503504
0.00049408694
0.00051057554
0.0004995442
0.00047043234
0.00043190341
0.00043424655
0.00050244946
0.00058681768
0.000651612
0.00066965993
0.00063725631
0.00054594991
0.0004138588
0.000310723
0.00022867681
0.00017642356
0.00014005743
0.00015361133
0.00021441362
0.00030120474
0.00036893692
0.00036950113
0.00027780383
0.00013115269
-6.1360834E-007
-7.7320532E-005
-0.00010989099
-8.0266916E-005
-3.9047982E-006
9.4912655E-005
0.00018124332
0.00018910685
0.00012098796
-1.5495702E-005
-0.00016479763
-0.00025542386
-0.00026523613
-0.00019776041
-0.00011603723
-9.5121788E-005
-0.00013718949
-0.00019496935
-0.00024799217
-0.00029714548
-0.00032803073
-0.0003080038
-0.00022614717
-0.00013802892
-8.1700244E-005
-9.8869379E-005
-0.00017325109
-0.00023000795
-0.00027392985
-0.00031787399
-0.00034611984
-0.00034676396
-0.00033734809
-0.00034006368
-0.00035614203
-0.00038163891
-0.00039102079
-0.00038570454
-0.00037227009
-0.00036431101
-0.00036576332
-0.00038384271
-0.00038513698
-0.00036718007
-0.00035603755
-0.00036459105
-0.00037610432
-0.00036562068
-0.00034480641
-0.00029858502
-0.00025803328
-0.00021680132
-0.00014978288
-6.5429187E-005
-3.194287E-006
5.3665622E-006
-4.6487581E-005
-0.00010851071
-0.00014069321
-0.00016808734
-0.00015646705
-0.0001221604
-6.5585504E-005
7.7190252E-006
8.8754168E-005
0.0001786871
0.00024600717
0.00025918882
0.00019994713
0.00010874833
7.3219169E-005
9.0447225E-005
0.00013837228
0.00018870902
0.0002371208
0.00026673361
0.00026705145
0.00025078232
0.00022537207
0.0001927689
0.00016607353
0.00017395739
0.00016828341
0.00015426759
0.00013333382
0.0001404293
0.0001937023
0.00023643154
0.00023948196
0.00018139997
0.00010804053
8.4472318E-005
0.0001231991
0.00016615637
0.00019016914
0.00019813179
0.00019190049
0.00017800058
0.00016279095
0.00016162399
0.00016730625
0.00015490181
0.00015137748
0.00017101469
0.00020393082
0.00021057038
0.00016586238
7.7155892E-005
9.233856E-006
1.7316846E-005
8.8487956E-005
0.00015639811
0.00018938658
0.00019975206
0.00020545593
0.00018718763
0.00013272569
4.968627E-005
-3.2722764E-005
-7.8280558E-005
-7.6036311E-005
-5.4748594E-005
-1.7451523E-005
4.5452407E-006
1.3277169E-005
-2.1150583E-005
-9.4456445E-005
-0.0001626983
-0.00018081941
-0.00017162578
-0.00016071995
-0.00016828143
-0.00019295966
-0.00020147167
-0.00020886869
-0.00021211591
-0.00021723605
-0.0002276571
-0.00021516655
-0.00017341469
-0.00013583442
-0.00011362957
-0.00010733835
-0.00010316609
-0.00012517966
-0.0001844995
-0.0002465263
-0.0002614407
-0.00025314032
-0.00023290148
-0.00021069295
-0.00017488941
-0.00013042543
-8.9996633E-005
-5.9770722E-005
-4.440534E-005
-4.444733E-005
-4.8638376E-005
-7.2475945E-005
-9.9531055E-005
-8.2248036E-005
-5.3891126E-005
-3.6114958E-005
-4.4453554E-005
-6.2073785E-005
-9.5900599E-005
-0.00010377114
-7.7506462E-005
-4.0892694E-005
-1.7393404E-005
-2.1683467E-005
-3.6626308E-005
-4.5632922E-005
-4.2075961E-005
-3.9869934E-005
-4.1541782E-005
-3.5426685E-005
-3.6417357E-005
-3.7346927E-005
-2.7761382E-005
-2.510169E-005
-2.4459585E-005
-2.3634675E-005
-2.2129134E-005
-2.5198771E-005
-2.7053493E-005
-3.7019654E-005
-2.8125489E-005
-1.657028E-005
1.5841358E-006
2.4611038E-005
5.9310889E-005
9.9664459E-005
0.00011846126
0.00011253373
0.0001075919
0.00012243501
0.00015292666
0.00017446153
0.00018884208
0.00018565783
0.00017632531
0.00018662342
0.00019141179
0.00018579094
0.00014986131
9.9216792E-005
5.9679878E-005
2.7629421E-005
2.8718867E-005
6.3818057E-005
0.00011697719
0.0001508432
0.00018512196
0.00020230188
0.00018735387
0.00015970648
0.00012780291
8.6038846E-005
6.0210608E-005
7.1535957E-005
6.7514564E-005
6.2032828E-005
6.5963381E-005
5.2535979E-005
2.4918392E-005
-2.0672484E-005
-7.0125425E-005
-7.8198871E-005
-6.1571307E-005
-5.212308E-005
-5.0601746E-005
-7.5309661E-005
-0.00012436508
-0.00016212996
-0.00014764463
-8.9900001E-005
-2.8953946E-005
-1.3415385E-005
-8.7443386E-006
3.8984617E-006
3.2583026E-005
6.82303E-005
7.1951312E-005
4.621952E-005
1.9658233E-005
-9.5969672E-006
-1.8445537E-005
-9.2994833E-006
-1.5237842E-005
-4.0873991E-005
-4.250506E-005
-3.2397267E-005
-2.4462708E-005
-4.4186214E-005
-5.6269349E-005
-4.8356294E-005
-3.1263658E-005
-9.4378011E-006
5.1369454E-008
-6.7903325E-006
-1.5626318E-005
-3.9443483E-005
-5.506866E-005
-5.9417824E-005
-6.5054643E-005
-6.656778E-005
-5.0951585E-005
-1.9343352E-005
1.3382888E-005
2.82986E-005
3.6420639E-005
2.1056743E-005
-2.0295452E-005
-6.2530373E-005
-9.9273369E-005
-0.00011829528
-0.00013017621
-0.00012540602
-8.6020838E-005
-1.5199868E-005
3.3907443E-005
3.8972103E-005
2.4764864E-005
2.988879E-005
4.5966899E-005
6.1386447E-005
7.4242475E-005
8.2758801E-005
0.00011311813
0.00011228836
8.9014065E-005
5.3603366E-005
3.6168574E-005
3.1534197E-005
1.6756649E-005
9.955219E-006
-2.2987012E-006
-1.0657644E-005
3.4227668E-007
5.9791696E-006
-1.8293107E-005
-6.2362291E-005
-9.5368239E-005
-0.00010499631
-9.4978859E-005
-9.2933136E-005
-8.0260579E-005
-5.0194125E-005
-2.1988537E-005
-1.0779727E-005
-4.5071215E-006
-1.113726E-005
-3.2646072E-005
-3.469846E-005
-1.6635975E-005
1.075638E-005
4.5174853E-005
5.897351E-005
5.4736749E-005
2.9627083E-005
1.0138169E-005
-1.632714E-005
-2.2176368E-005
-6.1599512E-006
8.969153E-006
5.3503903E-005
8.6858614E-005
0.00010500476
0.00010926669
8.4913954E-005
8.1736784E-005
8.8621855E-005
7.8853125E-005
4.8211543E-005
1.7342332E-005
1.8194311E-005
7.6434844E-006
7.935746E-007
-2.5509296E-005
-5.8167429E-005
-6.2013911E-005
-4.9840321E-005
-1.8844465E-005
2.8898946E-006
2.9924286E-006
-6.7021188E-007
-4.7057961E-006
-1.1767756E-005
-3.6618709E-005
-6.4382068E-005
-7.0253074E-005
-6.2300423E-005
-2.536568E-005
2.762754E-005
7.5733733E-005
8.9809138E-005
9.2560986E-005
8.6196604E-005
6.8809743E-005
4.772345E-005
5.3947537E-005
8.0941354E-005
6.8881258E-005
3.8975668E-005
7.620115E-006
1.6403301E-005
3.8680624E-005
7.2161289E-005
8.7631663E-005
7.2762639E-005
3.3082306E-005
6.3853058E-006
4.7350941E-006
6.2750087E-007
7.2050293E-006
-4.1829912E-006
-1.5282141E-005
-2.6423746E-005
-2.2230217E-005
-4.9600071E-006
-3.1339223E-006
-2.8634306E-005
-6.3152853E-005
-7.8244433E-005
-6.1204781E-005
-5.7259302E-005
-6.0831015E-005
-8.4720639E-005
-8.1464845E-005
-7.1884257E-005
-8.5936976E-005
-9.5147785E-005
-9.8337718E-005
-8.4709114E-005
-6.6985427E-005
-4.8618756E-005
-4.5276014E-005
-5.449558E-005
-4.5382276E-005
-1.9533974E-005
-5.96672E-006
-2.2405757E-005
-4.0230905E-005
-5.3829532E-005
-3.3739234E-005
-3.6361962E-006
1.3678146E-005
9.2149448E-006
-6.3006098E-008
3.6755769E-006
1.1230885E-005
1.1986106E-005
1.4953723E-005
9.766427E-006
2.3249752E-006
2.1733392E-006
1.454558E-005
1.9941814E-005
1.7035649E-005
1.7619392E-005
1.8543604E-005
1.3789977E-006
-2.4280296E-005
-2.8789043E-005
-4.0519724E-005
-5.2560354E-005
-5.2977379E-005
-3.6929076E-005
-2.7128357E-005
-3.2491538E-005
-3.3746539E-005
-3.8752045E-005
-4.4436143E-005
-3.7258964E-005
-2.9286919E-005
-3.8330898E-005
-3.1829521E-005
-2.7393236E-005
-3.7333895E-005
-4.1649124E-005
-2.8692042E-005
-9.0437761E-006
1.0275813E-005
4.4558674E-005
6.2172636E-005
6.5506356E-005
6.6831344E-005
6.0313945E-005
6.5064101E-005
5.2124502E-005
4.77506E-005
5.9977836E-005
7.980036E-005
9.0686503E-005
0.0001007278
0.00011144914
0.00011231214
0.00010350108
6.1965642E-005
1.9126719E-005
1.1881268E-005
2.600026E-005
4.9484872E-005
3.9098355E-005
4.0659424E-006
-2.1079213E-005
-2.6625759E-005
-4.4743745E-005
-6.07529E-005
-6.2970896E-005
-5.0716219E-005
-5.4924403E-005
-9.2125287E-005
-0.00011973251
-0.00012206056
-0.00011786594
-0.00012917077
-0.0001443505
-0.00014872775
-0.00014712407
-0.00014881289
-0.00013569064
-0.00014178148
-0.00015135629
-0.00014733018
-0.00011131406
-6.6856112E-005
-2.8439479E-005
-4.9137143E-006
-2.0521302E-005
-5.1013052E-005
-8.5489715E-005
-7.8284989E-005
-5.2937659E-005
-3.0484018E-005
-1.7617913E-005
-8.0784694E-006
-2.0766743E-007
2.5877721E-006
4.0893519E-006
-7.6752303E-006
-2.0750243E-005
-1.2814205E-005
-8.940372E-006
-1.5032334E-005
-3.2949589E-005
-5.2450017E-005
-6.5075088E-005
-6.4322754E-005
-7.6080949E-005
-8.5954198E-005
-9.8166449E-005
-0.00011017572
-0.00010599854
-7.3501229E-005
-5.9752667E-005
-5.8386926E-005
-7.1605537E-005
-8.792615E-005
-8.8342997E-005
-7.1127302E-005
-6.9293608E-005
-8.0388498E-005
-7.9574173E-005
-8.1736776E-005
-0.00010230832
-8.7373679E-005
-5.8248133E-005
-4.6779976E-005
-6.0768652E-005
-7.8609803E-005
-6.2603453E-005
-1.7112692E-005
3.1031428E-005
4.0136059E-005
2.3488839E-005
2.5539848E-005
3.2852691E-005
3.5706933E-005
4.3673132E-005
6.1110302E-005
5.7175697E-005
6.8048153E-005
9.4875963E-005
0.00010414373
8.0039244E-005
6.3131789E-005
5.9049551E-005
5.0818315E-005
4.662812E-005
4.7480669E-005
4.1599513E-005
2.2107195E-005
7.2888151E-006
7.8380908E-006
1.4248606E-005
1.7982306E-005
8.3092627E-006
-2.9048736E-006
-8.3082832E-006
-1.4963766E-005
-7.6607976E-006
-1.2493297E-005
-1.456757E-005
-2.1516062E-005
-2.8073966E-005
-2.6290467E-005
-2.6163261E-005
-3.2810527E-005
-4.2849118E-005
-2.2533117E-005
2.43046E-007
2.1004085E-005
2.0386964E-005
-2.7768078E-008
-1.4141867E-005
-2.5009997E-005
-2.7436094E-005
-9.1165875E-006
-2.5668625E-005
-6.5513843E-005
-6.9700764E-005
-6.7176923E-005
-3.9308066E-005
-1.2301296E-005
1.2996918E-005
1.09924E-006
-2.8940452E-005
-5.8689144E-005
-8.6980523E-005
-7.9582605E-005
-4.6402693E-005
-4.4309494E-005
-6.9422727E-005
-0.00010421504
-0.00012044465
-0.0001304756
-0.00012638124
-0.000146265
-0.00014895706
-0.00014064863
-0.0001405447
-0.00012884718
-0.00012098341
-0.00014303517
-0.00016808596
-0.00014534689
-0.00013974962
-0.00015171205
-0.00015328525
-0.00015551971
-0.00016342521
-0.00017546574
-0.00017205355
-0.00016779355
-0.00015608798
-0.00014278563
-0.00013057636
-9.3956471E-005
-5.4422868E-005
-4.4878725E-005
-6.4439766E-005
-8.0309932E-005
-6.7274603E-005
-5.368291E-005
-3.0382693E-005
-4.1712476E-005
-5.5912195E-005
-6.157357E-005
-4.3007803E-005
-3.785532E-005
-3.5731744E-005
-1.747635E-005
1.2105086E-006
1.2478733E-005
1.1497309E-006
-1.6690081E-005
-3.1380732E-005
-3.576068E-005
-2.9324958E-005
-2.0834774E-005
5.4608512E-007
3.1782602E-005
4.1381831E-005
3.0473484E-005
2.0198657E-005
1.3436685E-005
1.2006197E-005
1.6519098E-005
3.4006098E-005
6.1241823E-005
8.1359329E-005
7.7092351E-005
6.519493E-005
5.1985167E-005
3.0357785E-005
2.5596171E-005
5.9295147E-005
8.7387656E-005
0.00010764587
0.00010983844
0.00010106061
8.0058315E-005
6.9103007E-005
6.9112633E-005
7.6684461E-005
8.4959371E-005
8.5185107E-005
8.3548417E-005
8.979073E-005
8.9805391E-005
8.9481029E-005
7.9652527E-005
7.8916491E-005
6.1645565E-005
2.585059E-005
3.5486598E-006
-8.6461696E-006
-2.228654E-005
-5.2694813E-005
-7.7603923E-005
-9.9507299E-005
-9.0088273E-005
-7.6941156E-005
-6.58551E-005
-7.0416056E-005
-9.403369E-005
-0.00014319745
-0.00017659176
-0.00017767998
-0.00018401962
-0.00018997784
-0.00017656262
-0.00016682997
-0.00018313662
-0.0002129768
-0.00022093288
-0.00020776744
-0.00020993513
-0.00022615587
-0.00024639885
-0.00025500401
-0.00024273263
-0.00022055037
-0.00021029747
-0.00020165236
-0.00019447786
-0.00019868629
-0.00021361325
-0.00022542261
-0.00020904616
-0.00018106005
-0.00018475666
-0.00020460373
-0.00022679006
-0.0002434335
-0.00024732327
-0.00024480672
-0.00022608553
-0.00020076077
-0.00017472642
-0.0001500698
-0.00014831701
-0.00016273216
-0.00017906437
-0.0001837298
-0.00019291777
-0.00020548498
-0.00020947089
-0.00019757726
-0.00015679913
-0.00013468844
-0.00013834925
-0.00013903162
-0.00015454036
-0.00017221538
-0.00017472995
-0.000150842
-0.00011246552
-7.6030366E-005
-5.6286794E-005
-6.3518615E-005
-6.6004548E-005
-5.3448603E-005
-4.6603469E-005
-4.1497722E-005
-4.81643E-005
-4.8426606E-005
-2.7141663E-005
6.4112069E-006
1.2298054E-005
3.261307E-006
-3.0584856E-006
-1.1333674E-005
-1.7605984E-005
-7.1755235E-006
3.2113892E-006
1.6075703E-005
3.3988625E-005
4.763887E-005
3.6657981E-005
1.3862877E-005
-1.6631569E-006
1.2019907E-005
3.9205883E-005
3.2722139E-005
1.2665236E-005
1.2092498E-005
1.5768004E-005
1.3428765E-005
2.1557555E-005
2.4746885E-005
3.4100241E-005
2.0158752E-005
4.5946085E-006
-1.3042555E-005
-2.4882927E-005
-2.9601597E-005
-2.4989458E-005
-4.5526725E-005
-5.9311464E-005
-7.0168215E-005
-8.1112339E-005
-8.3835395E-005
-8.0613936E-005
-8.9395682E-005
-9.4918636E-005
-7.8679375E-005
-6.0797203E-005
-6.1727747E-005
-7.6311713E-005
-8.8937581E-005
-0.00010734075
-0.00013309959
-0.00015895198
-0.00014495659
-0.0001132933
-8.8853572E-005
-0.00010099862
-0.00010792432
-0.00012112998
-0.00012805624
-0.00015660863
-0.0001784011
-0.00018839506
-0.00016979239
-0.00014831687
-0.00012648846
-0.00012080985
-0.00016208916
-0.00018464417
-0.00017455273
-0.00016846265
-0.000171739
-0.0001980338
-0.00021507393
-0.00020753741
-0.00021224118
-0.00023162727
-0.00024099457
-0.00025582683
-0.00025468104
-0.00024462855
-0.00021396736
-0.00019162288
-0.00018901679
-0.00020684305
-0.00021729324
-0.0002116031
-0.00021300041
-0.00024508228
-0.0002566895
-0.00023550724
-0.00019441434
-0.00014954197
-0.00012549505
-0.00010624238
-9.7287324E-005
-9.7048585E-005
-0.0001121193
-0.00014155355
-0.00015311157
-0.00013787794
-0.00011949343
-9.691529E-005
-6.9630507E-005
-5.7958776E-005
-5.6131936E-005
-4.9024642E-005
-3.9729221E-005
-4.7204489E-005
-5.0828101E-005
-4.9254792E-005
-4.0391551E-005
-2.127699E-005
-2.4290104E-005
-5.5412496E-005
-8.17443E-005
-7.8885241E-005
-4.7955313E-005
-2.287095E-005
-1.8460954E-005
-2.9750827E-005
-3.8281225E-005
-5.1498126E-005
-8.0370301E-005
-8.8483219E-005
-7.3930678E-005
-5.7633231E-005
-5.3774307E-005
-5.3873006E-005
-5.8923913E-005
-5.810818E-005
-2.7506036E-005
1.1316545E-005
4.6379595E-005
2.9067603E-005
-2.7567854E-005
-7.2618939E-005
-8.6485546E-005
-5.6804165E-005
-2.8113187E-005
-2.7981425E-005
-5.2102594E-005
-5.1928757E-005
-4.7490936E-005
-5.63147E-005
-6.8897811E-005
-7.0105511E-005
-6.8482259E-005
-7.8468569E-005
-7.1183633E-005
-5.5776578E-005
-4.6172125E-005
-5.039922E-005
-5.515778E-005
-7.1993614E-005
-8.1001665E-005
-8.6519147E-005
-8.9286281E-005
-9.6155163E-005
-0.0001094458
-0.00012310274
-0.00011706004
-0.00011691953
-0.00013373405
-0.00015532067
-0.000155883
-0.00015771487
-0.00016156922
-0.00013634966
-0.00010417602
-8.1171456E-005
-9.3249764E-005
-0.00012281007
-0.00015136054
-0.00016095125
-0.00016998287
-0.0002000441
-0.0002029333
-0.00019200305
-0.00017426202
-0.00017261655
-0.00019548326
-0.00020121224
-0.00021147353
-0.00020966362
-0.00021064699
-0.00019516703
-0.00021771871
-0.00025427408
-0.00025750487
-0.00022054996
-0.00016221008
-0.00015323602
-0.0001525452
-0.00015332615
-0.00014691532
-0.00012818734
-0.00012438351
-0.0001364487
-0.00014070055
-0.00014046214
-0.00012525573
-9.2675349E-005
-6.7127032E-005
-7.4364398E-005
-8.4006824E-005
-7.5398355E-005
-5.2223229E-005
-4.1922613E-005
-4.092979E-005
-3.1825177E-005
-2.2951097E-005
-1.670653E-005
-7.8173434E-006
-3.2393906E-005
-6.6408422E-005
-7.4496355E-005
-5.8421243E-005
-5.5446097E-005
-3.2535732E-005
-7.1717488E-007
2.946269E-005
3.5883175E-005
-1.0092243E-005
-5.6551871E-005
-5.8339228E-005
-3.8835646E-005
-3.6249945E-005
-5.3008662E-005
-5.9016733E-005
-4.0209881E-005
-3.2106436E-005
-3.3795572E-005
-4.4579432E-005
-3.6367102E-005
-2.4055978E-005
-2.7173915E-005
-2.8230341E-005
-8.9591022E-006
4.9821952E-006
2.3435245E-005
2.3559625E-005
3.4713314E-005
3.8052931E-005
3.1273135E-005
1.3189306E-005
1.3523942E-005
3.3082655E-005
5.4620683E-005
4.635195E-005
3.7439229E-005
2.2962424E-005
6.3184284E-006
-9.1898264E-006
-2.0707848E-005
-1.9450603E-005
-3.2480908E-005
-5.0567949E-005
-5.9921826E-005
-8.0197788E-005
-9.0752648E-005
-9.0452799E-005
-0.00010227605
-0.00011400558
-0.00012213332
-0.00013166347
-0.00013546379
-0.00012716469
-0.00010492044
-9.7846794E-005
-0.00012093187
-0.00015825049
-0.00017934731
0.0
0.0
0.0
0.0
0.0
0.0
0.0
0.0
0.0
0.0
0.0
0.0
0.0
0.0
0.0
0.0
0.0
0.0
0.0
0.0
0.0
0.0
0.0
0.0
0.0
0.0
0.0
0.0
0.0
0.0
0.0
0.0
0.0
0.0
0.0
0.0
0.0
0.0
0.0
0.0
0.0
0.0
0.0
0.0
0.0
0.0
0.0
0.0
0.0
0.0
0.0
0.0
0.0
0.0
0.0
0.0
0.0
0.0
0.0
0.0
0.0
0.0
0.0
0.0
0.0
0.0
0.0
0.0
0.0
0.0
0.0
0.0
0.0
0.0
0.0
0.0
0.0
0.0
0.0
0.0
0.0
0.0
0.0
0.0
0.0
0.0
0.0
0.0
0.0
0.0
0.0
0.0
0.0
0.0
0.0
0.0
0.0
0.0
0.0
0.0
0.0
0.0
0.0
0.0
0.0
0.0
0.0
0.0
0.0
0.0
0.0
0.0
0.0
0.0
0.0
0.0
0.0
0.0
0.0
0.0
0.0
0.0
0.0
0.0
0.0
0.0
0.0
0.0
0.0
0.0
0.0
0.0
0.0
0.0
0.0
0.0
0.0
0.0
0.0
0.0
0.0
0.0
0.0
0.0
0.0
0.0
0.0
0.0
0.0
0.0
0.0
0.0
0.0
0.0
0.0
0.0
0.0
0.0
0.0
0.0
0.0
0.0
0.0
0.0
0.0
0.0
0.0
0.0
0.0
0.0
0.0
0.0
0.0
0.0
0.0
0.0
0.0
0.0
0.0
0.0
0.0
0.0
0.0
0.0
0.0
0.0
0.0
0.0
0.0
0.0
0.0
0.0
0.0
0.0
0.0
0.0
0.0
0.0
0.0
0.0
0.0
0.0
0.0
0.0
0.0
0.0
0.0
0.0
0.0
0.0
0.0
0.0
0.0
0.0
0.0
0.0
0.0
0.0
0.0
0.0
0.0
0.0
0.0
0.0
0.0
0.0
0.0
0.0
0.0
0.0
0.0
0.0
0.0
0.0
0.0
0.0
0.0
0.0
0.0
0.0
0.0
0.0
0.0
0.0
0.0
0.0
0.0
0.0
0.0
0.0
0.0
0.0
0.0
0.0
0.0
0.0
0.0
0.0
0.0
0.0
0.0
0.0
0.0
0.0
0.0
0.0
0.0
0.0
0.0
0.0
0.0
0.0
0.0
0.0
0.0
0.0
0.0
0.0
0.0
0.0
0.0
0.0
0.0
0.0
0.0
0.0
0.0
0.0
0.0
0.0
0.0
0.0
0.0
0.0
0.0
0.0
0.0
0.0
0.0
0.0
0.0
0.0
0.0
0.0
0.0
0.0
0.0
0.0
0.0
0.0
0.0
0.0
0.0
0.0
0.0
0.0
0.0
0.0
0.0
0.0
0.0
0.0
0.0
0.0
0.0
0.0
0.0
0.0
0.0
0.0
0.0
0.0
0.0
0.0
0.0
0.0
0.0
0.0
0.0
0.0
0.0
0.0
0.0
0.0
0.0
0.0
0.0
0.0
0.0
0.0
0.0
0.0
0.0
0.0
0.0
0.0
0.0
0.0
0.0
0.0
0.0
0.0
0.0
0.0
0.0
0.0
0.0
0.0
0.0
0.0
0.0
0.0
0.0
0.0
0.0
0.0
0.0
0.0
0.0
0.0
0.0
0.0
0.0
0.0
0.0
0.0
0.0
0.0
0.0
0.0
0.0
0.0
0.0
0.0
0.0
0.0
0.0
0.0
0.0
0.0
0.0
0.0
0.0
0.0
0.0
0.0
0.0
0.0
0.0
0.0
0.0
0.0
0.0
0.0
0.0
0.0
0.0
0.0
0.0
0.0
0.0
0.0
0.0
0.0
0.0
0.0
0.0
0.0
0.0
0.0
0.0
0.0
0.0
0.0
0.0
0.0
0.0
0.0
0.0
0.0
0.0
0.0
0.0
0.0
0.0
0.0
0.0
0.0
0.0
0.0
0.0
0.0
0.0
0.0
0.0
0.0
0.0
0.0
0.0
0.0
0.0
0.0
0.0
0.0
0.0
0.0
0.0
0.0
0.0
0.0
0.0
0.0
0.0
0.0
0.0
0.0
0.0
0.0
0.0
0.0
0.0
0.0
0.0
0.0
0.0
0.0
0.0
0.0
0.0
0.0
0.0
0.0
0.0
0.0
0.0
0.0
0.0
0.0
0.0
0.0
