0.002515441,
0.023036037,
0.026224868,
0.0024390337,
-0.014063521,
-0.00044349596,
0.011598306,
0.016678488,
0.015340083,
0.0096316095,
-0.0056870473,
-0.008901394,
0.00050569908,
0.0052020359,
0.0076166326,
0.0066015413,
0.001504311,
-0.01017935,
-0.0054993024,
0.00022094519,
-0.00010931234,
0.0025665376,
-0.00063278206,
-0.00079830905,
-0.0016443005,
-0.0037616794,
-0.0018107216,
0.00081474846,
-0.0018040714,
-0.0020558236,
-0.0022650317,
-0.00078275584,
-0.00068325666,
-0.0016717047,
0.0038741813,
-0.0038875325,
-0.0047088312,
0.0010804404,
0.0023800971,
0.0018186702,
0.0063203089,
0.0081427889,
-0.0033437728,
-0.0090496307,
-0.0011039815,
0.0054835691,
0.0059138732,
0.016526753,
0.011836165,
-0.01183703,
-0.015223308,
-0.00017057819,
0.011133992,
0.016286762,
0.026597479,
0.011300273,
-0.026360489,
-0.017535035,
0.0039504562,
0.015145711,
0.026481388,
0.035506386,
-0.00049029477,
-0.032647151,
-0.021073813,
0.011853416,
0.023119939,
0.033749908,
0.038059089,
-0.015578356,
-0.033933491,
-0.015174547,
0.013600423,
0.024928499,
0.041392192,
0.037135631,
-0.014782874,
-0.041871365,
-0.010907837,
0.01366041,
0.020245988,
0.047709577,
0.043882847,
-0.023173271,
-0.042301625,
-0.01452684,
0.002792672,
0.014445434,
0.067502812,
0.038689725,
-0.032590996,
-0.052858636,
-0.026926057,
-0.010573333,
0.018747019,
0.10354195,
0.016449738,
-0.052359685,
-0.065743923,
-0.043885309,
-0.029153388,
0.048349191,
0.075379245,
0.013736537,
-0.079761624,
-0.085451208,
-0.047082175,
-0.026814215,
0.089558132,
0.055774394,
-0.021147059,
-0.099029399,
-0.094818562,
-0.055459544,
-0.0090537416,
0.054030929,
0.068847828,
-0.048842289,
-0.11157332,
-0.073464997,
-0.044916831,
0.0055030831,
0.06612245,
0.046066444,
-0.063041523,
-0.10569968,
-0.052370682,
-0.04864442,
0.0020574585,
0.091206171,
0.041781634,
-0.060559567,
-0.076394178,
-0.032571722,
-0.06564001,
0.046109676,
0.10533381,
0.043310028,
-0.050040092,
-0.044228878,
-0.049136043,
-0.025780451,
0.063359514,
0.13321118,
0.055897065,
-0.050681755,
-0.039170299,
-0.081237637,
0.01052917,
0.11750807,
0.16455446,
0.046878371,
-0.061231039,
-0.047300369,
-0.0078165159,
0.011146338,
0.11586265,
0.12847991,
0.0092487754,
-0.052634511,
-0.043945581,
-0.0071715135,
0.026095299,
0.10371412,
0.096297853,
-0.013094113,
-0.044137698,
-0.018281242,
-0.022556368,
0.02869338,
0.08539851,
0.051869437,
-0.032052461,
-0.040848456,
-0.031332005,
-0.016676471,
0.025737531,
0.060324907,
0.019244255,
-0.03068126,
-0.03877908,
-0.027916819,
-0.015616823,
0.016255757,
0.039525297,
0.001655113,
-0.028696489,
-0.039339833,
-0.023089301,
-0.012703693,
0.010809066,
0.023112772,
-0.00418344,
-0.030257877,
-0.022821547,
-0.018111095,
-0.01292132,
0.0097716162,
0.012842525,
-0.0043894392,
-0.019420516,
-0.014167913,
-0.013640967,
-0.009022031,
0.0064078066,
0.0055431928,
-0.0028294628,
-0.0063048298,
-0.0083802054,
-0.010343233,
-0.0060003893,
0.0015937273,
0.0064819697,
0.0065149399,
-3.0244588E-005,
-0.0046011843,
-0.0075648581,
-0.005981775,
-0.0012196503,
0.009844969,
0.011301073,
0.00076479139,
-0.0021699211,
-0.0052177566,
-0.0055735665,
0.0032533393,
0.013882982,
0.011360518,
0.0029131554,
-0.0021938749,
-0.0033486888,
-0.0016738542,
0.0066165202,
0.015746335,
0.0074969428,
0.0024799057,
0.0013725332,
0.00082929747,
0.0038960241,
0.0074427184,
0.01290312,
0.0069277063,
0.0025105721,
0.0045046285,
0.0062628961,
0.0041063465,
0.0076962584,
0.0090092141,
0.0030241262,
0.0048752916,
0.0068212356,
0.0075223935,
0.0025395772,
0.0061300993,
0.0034404481,
0.0035830145,
0.0038282466,
0.0064317971,
0.0039304825,
-0.0028520066,
0.0022796353,
-0.0027501094,
0.0009225813,
0.0028495507,
0.0018588159,
-0.00048359396,
-0.0028101942,
-0.0069711357,
-0.0019662073,
-0.0063818144,
-0.004326358,
-0.0013876016,
-0.008978813,
-0.0071550072,
-0.010358719,
-0.0091963653,
-0.0053577903,
-0.0081111202,
-0.0050570397,
-0.0069941119,
-0.012136103,
-0.0093817636,
-0.016170468,
-0.011324967,
-0.0060784402,
-0.0062640989,
-0.0075558177,
-0.0077400198,
-0.015916266,
-0.010504909,
-0.0077770781,
-0.0035033929,
-0.0017434116,
-0.0015374317,
-0.0077194832,
-0.016845664,
-0.0074914875,
0.0043361755,
0.0087293619,
-0.0088139661,
-0.010794759,
-0.0062185493,
0.0076896963,
0.010825044,
0.0051544276,
0.00068311096,
-0.0051268353,
-0.0089349654,
0.0071169026,
0.013842992,
0.0078978064,
0.010033343,
0.003802462,
-0.00135724,
-0.0008617483,
0.0062585506,
0.012428695,
0.0079700723,
0.0073082503,
0.0053429054,
-0.0042871777,
0.0039007668,
0.0083909649,
0.0072434647,
0.0072629275,
0.006671458,
0.0010849219,
-0.00023240721,
0.001055797,
0.0056311437,
0.0038197248,
0.0023327034,
0.0032631187,
-0.0010434521,
-0.00052285061,
0.00073157426,
0.0026218735,
0.00061044696,
0.0012565197,
-0.00044235244,
-0.00031821476,
-0.0012370968,
-0.00054016238,
-0.00034906066,
-0.0030288538,
-0.00061035325,
-0.00024316199,
-0.001341429,
-0.0020233183,
-0.00037201468,
-0.0017639966,
-0.0024542706,
-0.0015545303,
-2.7151133E-005,
-0.00049889064,
-0.0026236898,
-0.0011218282,
-0.0030502321,
-0.001563165,
-0.00054825644,
-0.00022721084,
-0.0016675887,
-0.0020978993,
-0.00076147798,
-0.0026281883,
-0.0015863059,
-0.00033087519,
-0.00034554058,
-0.0035858916,
-0.0012333058,
-0.00042989029,
-0.0014646162,
-0.00073540705,
-0.00072511705,
-0.0013053349,
-0.0043016616,
-0.0013437542,
-0.0017039787,
-0.00075603963,
-0.00097466575,
-0.0010242169,
-0.0037370136,
-0.0024117231,
-0.00015175955,
-0.00018776329,
0.0013288347,
-0.0013217089,
-0.00019535579,
-0.0041425186,
-0.0034406774,
0.0001348502,
0.0027023072,
0.0005581486,
-0.00013705294,
-0.00026929672,
-0.00091541861,
-0.0015724878,
0.0026019865,
0.0049578012,
0.00096929545,
0.0029449991,
0.0012724978,
-0.0024438368,
0.0025343928,
0.0063429177,
0.0037858586,
0.0025228031,
0.0051898002,
0.0034492949,
-0.00074358931,
0.0035356607,
0.0051296717,
0.0047351108,
0.0050884522,
0.0057161706,
0.0019103101,
0.003273525,
0.0042590336,
0.0035685245,
0.0033520267,
0.0060928511,
0.0048423526,
0.0021980235,
-0.00062241859,
-0.0016584221,
0.0054670568,
0.0033409614,
0.0020635766,
0.0045002317,
0.0003410409,
-0.0038701373,
-0.0013550653,
0.0013051312,
0.0014640869,
0.00063602364,
0.0031742386,
-0.0058409856,
-0.0094956765,
0.0017813956,
4.5547267E-006,
-0.0040479009,
0.0032424959,
-0.0032536355,
-0.008717522,
-0.0053528999,
-0.00020997896,
-2.3230354E-005,
-0.0028874499,
0.00073627505,
-0.0039698924,
-0.0066348054,
-0.00087494374,
0.00083856791,
-0.0013051314,
-0.00026917903,
-0.0020003533,
-0.0014336589,
-0.0019918545,
-0.0019580636,
0.0015388943,
0.0012536832,
1.831316E-005,
0.0012271717,
0.0019017907,
-0.0028759639,
-0.00097989757,
0.0051170751,
0.00041507781,
0.0009313086,
0.0023473375,
0.0024452207,
0.0004176381,
0.0016289594,
0.0026157307,
-0.00028479646,
0.0028162547,
0.0042477637,
0.00036162511,
0.00043513463,
0.0036009678,
-0.0017200457,
0.0015916525,
0.0022339965,
0.0029997961,
0.002931179,
0.001341234,
0.00016092927,
-0.0015873497,
0.0019271609,
0.0026701221,
0.0022413866,
0.0020723222,
0.0011570143,
-0.002931705,
-0.00019666973,
0.0014342093,
0.0015229823,
0.0030360224,
0.0015681582,
-0.00029682799,
-0.0018717608,
-0.00028609784,
0.0016151532,
0.0020934835,
0.0015948146,
0.001165683,
-0.001138638,
-0.0017460635,
0.00067136646,
0.00077994919,
0.0013780735,
0.00073311181,
0.0018339144,
0.00011490779,
-0.0021941522,
0.00082825276,
0.00071204058,
-0.00023541668,
0.0011874714,
0.001286905,
-0.0012009282,
-0.00075589406,
0.00058599026,
-0.00039892484,
-0.00049865717,
0.0023292475,
0.0018412212,
-0.0019814696,
-0.00044861043,
8.0114129E-005,
-0.00022805696,
-0.00081781554,
0.001207161,
0.00011315587,
-0.0013516152,
0.00048424368,
-0.001029277,
0.00062837196,
-0.0002369678,
0.00083481561,
-0.00031520036,
-0.0021090477,
0.0010745473,
0.0028419497,
-0.0023506349,
0.00014857871,
-0.00018637562,
-0.00071618223,
0.000498918,
-0.00056205288,
0.0035618825,
-0.0019613903,
-0.0013586544,
0.00023883551,
-0.0036504774,
0.0018190346,
0.0049456395,
-0.0015165235,
0.0008477862,
-0.0020070907,
-0.00028980637,
0.00038919359,
-0.00076509925,
0.003153515,
-0.00062380038,
-0.0023024855,
-0.00086961652,
-0.003872354,
-0.00032000369,
0.0017512415,
-0.00033050103,
0.0012814783,
-0.0034105259,
-0.00017337839,
0.00018206215,
-0.0021882171,
-0.0028066176,
0.00042042288,
-0.0027076146,
-0.0015302665,
-0.0011475219,
-0.0032922188,
-0.0033153151,
-0.00094348,
-0.0025082731,
-0.0029028454,
0.0014521705,
0.00063906173,
-0.0013097647,
-0.0073241829,
-0.001596992,
-0.0039304025,
-0.00032065148,
0.0042465022,
-0.0017345302,
-0.003206342,
-0.0012243579,
-0.0077054752,
0.00046723781,
0.0048895609,
0.0013694285,
0.001232176,
-0.0051875832,
-0.002353607,
0.0010895137,
0.0012045236,
0.0036486383,
0.0025154217,
0.0025666687,
0.00041859224,
-0.0051981029,
0.0036416939,
0.0034178444,
0.0010526342,
0.0052878782,
0.0021302563,
-0.0013867571,
0.0024363494,
0.0024189106,
0.002245242,
0.0033595143,
0.0033758117,
0.0016213614,
-0.0018534678,
0.0017024189,
0.0018831203,
0.002185598,
0.0035238317,
0.0016846844,
-0.0014012863,
0.0010382626,
0.0011259929,
0.0017377818,
0.0029913366,
0.0011643899,
-0.0004265412,
-0.0015726181,
-0.0012482895,
0.00010499485,
0.0029044538,
0.0021268763,
0.00047647013,
-0.0020541511,
-0.0021332402,
-0.0010795883,
0.00094169611,
0.0027215849,
0.0015203967,
0.00018213483,
-0.0020410889,
-0.0030944189,
-0.0015926019,
0.001276056,
0.0021134987,
0.0026845606,
0.00051080575,
-0.002833525,
-0.0020450563,
-0.0014770359,
0.001075912,
0.0031720507,
0.003834032,
0.00080523535,
-0.0024454542,
-0.0031316723,
-0.0020785576,
0.0012507775,
0.0048000827,
0.0043863114,
0.00020885498,
-0.001297273,
-0.0034208999,
-0.002179422,
0.0021839258,
0.0046685217,
0.0040820683,
0.00022201693,
-0.0033993355,
-0.0041263313,
-0.0021237661,
0.0028356272,
0.0046721762,
0.0040255217,
0.00011160337,
-0.002700249,
-0.0045665423,
-0.0013373445,
0.0010089277,
0.0036189652,
0.0025647331,
-0.0014246891,
-0.0028581843,
-0.0057054404,
-0.0018378434,
0.0012754203,
0.005193382,
0.0014482051,
-0.000194352,
-0.0042398809,
-0.0036939071,
-0.0028172894,
0.00058773614,
0.0021947266,
0.0018084842,
-0.00070356607,
-0.0062738019,
-0.005021418,
-0.0012433424,
0.0032880371,
0.0015274411,
-0.00017579757,
-0.0028358325,
-0.0030217306,
-0.0031311482,
-0.00092930679,
-0.00071580248,
0.0024578935,
-0.0017302353,
-0.0029501091,
-0.0045687845,
-0.0012652652,
0.00019156585,
-9.126863E-005,
-0.0039352342,
-0.0026714546,
-0.0013390856,
-0.0010987102,
-0.00045721181,
-0.0028050563,
-0.00019864831,
-0.0047860872,
0.0011360329,
-0.0021895145,
-0.00095470191,
-0.0015637493,
-0.0013208197,
-0.0062040077,
-0.0025131931,
-0.0014687227,
0.00045333087,
0.0008988331,
-0.00018081225,
-0.00060252368,
-0.0034737114,
0.00226381,
-0.00073553913,
-0.0001973528,
0.00041357509,
0.00091259216,
-0.0025770362,
0.00038197081,
0.00074925844,
0.0040069087,
0.0037366254,
0.0025503682,
0.00078114506,
0.0035751783,
0.0028537356,
0.0031715941,
0.0041368515,
0.00363225,
0.0018066826,
0.0025400233,
0.005165718,
0.0038067219,
0.0041508619,
0.003609434,
0.0038571886,
0.001819713,
0.0062704915,
0.0031837653,
0.0034974865,
0.003419166,
0.0035908972,
0.0029297392,
0.0031918588,
0.0033555606,
0.0029313213,
0.0020281372,
0.0012769916,
0.0030511676,
0.0023933658,
0.003361983,
0.00085028767,
0.00081575644,
0.00026218145,
0.00036274604,
0.0022571487,
0.0026426923,
0.00041056675,
-0.0002408213,
-0.0013789334,
-0.0020311479,
0.00020313519,
0.001802818,
0.00093560916,
-0.0010328729,
-0.0019001291,
-0.0027075622,
-0.0027024786,
-0.00024812759,
0.0026894356,
0.00074425509,
-0.0015730801,
-0.0030936659,
-0.003538904,
-0.002234675,
-0.00049042521,
0.0013807388,
8.6488872E-005,
-0.0021824888,
-0.0033280207,
-0.0026737847,
-0.0024063054,
0.0016199776,
0.0031868378,
0.00025085229,
-0.0016700963,
-0.0021219994,
-0.0023562883,
-0.0030792304,
0.0017229941,
0.0025725754,
-0.00012039582,
-0.0015923849,
-0.00076567894,
-0.0025610395,
-0.0017126771,
0.0028806913,
0.002451285,
0.0011733252,
0.00052182213,
-0.0015097244,
-0.0032621354,
-0.00064554764,
0.0024339706,
0.0018695199,
0.00019279346,
-0.00012152443,
-0.0010892957,
-0.0052086953,
-0.0021633357,
0.0019284535,
0.0021705066,
0.0014925593,
-0.0013738949,
-0.00091108115,
-0.005324726,
-0.0013258904,
0.0017515762,
0.00020612605,
-0.0015365651,
0.00033375411,
-0.0059149568,
-0.0079580732,
-0.00077661831,
0.00058994134,
-8.7729713E-005,
-0.0018752784,
0.0010778016,
-0.0076606362,
-0.0041940468,
-0.0001948118,
-0.0014892386,
-0.0035074616,
0.00051570835,
-0.0026751454,
-0.006934965,
-0.0027355063,
-0.0016814107,
-0.0026352934,
-0.0024479355,
0.001125548,
-0.0029621772,
-0.0022713034,
-0.0018304823,
-0.0025998568,
-0.0048434944,
-0.0014894934,
0.0020042791,
0.0014716689,
-0.002292078,
-0.002154842,
-0.0031134626,
-0.0033018186,
-0.00056012283,
0.0053113955,
0.0018544483,
-0.0013134894,
-0.00053128583,
-0.0037163303,
-0.0041598799,
0.0041710245,
0.00667893,
-3.3111581E-005,
0.00065649353,
0.0016152732,
-0.0018364581,
-0.0025746913,
0.0072604641,
