1.8890528E-006,
9.5387918E-007,
-1.7949817E-006,
-2.9598104E-006,
-1.8158361E-006,
3.2370601E-006,
-2.5379443E-006,
1.064902E-006,
7.5965823E-007,
-1.9495842E-006,
-6.1233584E-007,
-8.9126723E-007,
4.2177398E-006,
-1.1043915E-006,
-2.7398266E-007,
-1.8923937E-006,
-1.8488251E-006,
3.1874276E-008,
1.8389106E-007,
6.1402562E-007,
8.8935599E-007,
-3.1042404E-007,
-7.4788045E-007,
8.1216331E-007,
-1.6481475E-006,
1.1907524E-006,
-1.0527358E-006,
1.2959903E-006,
-1.3698337E-006,
-1.1548256E-006,
9.2082519E-007,
-5.1028383E-007,
1.0938073E-006,
4.7342954E-007,
2.7487366E-007,
-7.8263008E-007,
1.2808653E-007,
-1.4679614E-007,
7.3779489E-007,
-1.6227267E-006,
1.6352169E-006,
9.3707865E-007,
-2.0554046E-006,
-1.1714397E-006,
1.0829024E-006,
2.2985428E-006,
-8.5804379E-007,
1.6786422E-006,
2.3344346E-007,
-4.2325332E-006,
3.66481E-007,
2.7529613E-006,
-5.0718253E-008,
-1.0057511E-006,
3.5135445E-006,
-2.7698228E-008,
-5.5196579E-006,
-9.2517688E-008,
5.3428716E-006,
-2.8276943E-007,
-7.5383514E-007,
2.3290081E-006,
-6.6687771E-006,
-2.1056721E-006,
3.2758487E-006,
4.3025821E-006,
-1.8954572E-006,
3.0213255E-007,
6.7763635E-006,
-6.8883755E-006,
-5.5737046E-006,
5.58175E-006,
3.0171132E-006,
-3.412348E-006,
1.3067747E-006,
1.5935693E-007,
-7.2563412E-006,
-3.2918862E-007,
5.7043594E-006,
2.5514005E-006,
-7.2920238E-006,
9.4396382E-006,
-6.8277927E-007,
-1.0064595E-005,
-5.4102259E-007,
4.1853964E-006,
1.4874728E-006,
-1.7991251E-006,
1.4078373E-005,
-1.0776969E-005,
-8.1480166E-006,
-9.0254744E-008,
5.9252343E-006,
-8.033122E-006,
-1.2111137E-006,
9.7774355E-006,
-5.4405255E-006,
-1.0040002E-005,
-1.8597588E-007,
1.0255048E-005,
1.519928E-006,
2.1059361E-005,
-6.6566226E-006,
-1.606478E-005,
-8.6721438E-006,
1.58334E-007,
3.08977E-006,
-1.6270658E-005,
1.4474234E-005,
7.7919531E-006,
-1.6023609E-005,
-5.3030699E-006,
9.8837563E-006,
1.2211983E-005,
1.2152324E-005,
5.8172459E-006,
-1.640001E-005,
-1.3856587E-005,
-1.0447285E-005,
1.5376347E-005,
-1.6579435E-005,
8.4850808E-006,
1.8531478E-005,
-1.2957022E-005,
-6.9810089E-006,
-3.0632107E-006,
1.741388E-005,
-3.6445604E-006,
1.7552531E-005,
-3.6706022E-006,
-1.3218358E-005,
-1.5648104E-005,
1.4156384E-005,
1.4265087E-006,
-6.2213479E-007,
1.6081733E-005,
-3.3964588E-007,
-6.7357178E-006,
-1.791364E-005,
6.1588162E-006,
-1.0277468E-005,
1.8867602E-005,
1.5919886E-005,
-5.3689218E-006,
-1.3435847E-005,
-3.0405054E-006,
1.8717898E-005,
-1.8347846E-006,
5.3551571E-006,
1.5549876E-005,
-6.8596428E-006,
-2.619418E-005,
-1.4514364E-005,
-3.9046035E-006,
1.0255627E-005,
2.3471932E-005,
7.4133204E-006,
-4.5339098E-006,
-2.0326021E-005,
1.5362495E-005,
3.0244703E-006,
-5.4955908E-006,
1.341905E-005,
1.8493574E-006,
-1.0087321E-005,
-2.2111233E-005,
-1.6839651E-006,
4.7744112E-007,
1.2419875E-005,
1.0959167E-005,
5.4507791E-006,
-1.6578932E-005,
-8.1036774E-007,
1.2462126E-006,
-1.1217888E-006,
5.5599198E-006,
1.4769938E-006,
3.2692089E-006,
-1.1727531E-005,
-4.497907E-006,
-2.9115315E-006,
3.3884319E-006,
5.2819719E-006,
4.9563364E-006,
-3.1307993E-006,
-5.0093358E-006,
-4.1127237E-006,
2.4387107E-006,
2.2459765E-006,
-1.8837533E-006,
4.161282E-006,
7.787375E-007,
-1.9814713E-006,
-3.659474E-006,
-8.2519284E-007,
8.5606968E-007,
9.0859963E-008,
1.8971569E-006,
-5.6634178E-007,
-2.4478945E-006,
3.4688753E-007,
1.9157533E-006,
-1.3658462E-006,
-1.8097596E-006,
2.2591535E-006,
3.8794383E-006,
-2.2582331E-008,
-2.2157158E-006,
-2.4537343E-007,
-2.0243792E-006,
-1.4605939E-006,
9.9265534E-008,
3.3941835E-006,
2.3459987E-007,
5.2104701E-007,
1.8007478E-006,
-4.5612555E-006,
-2.8998159E-006,
4.1369908E-006,
3.9720899E-006,
-3.0533494E-007,
-1.0253366E-007,
-9.5765961E-007,
-3.2734704E-006,
-3.309025E-006,
4.4265862E-006,
3.1783184E-006,
-1.0842253E-006,
3.0442914E-006,
-1.6003282E-006,
-5.2533219E-006,
-5.168975E-007,
2.5056138E-006,
2.8546322E-006,
5.8066115E-007,
4.0289058E-007,
3.0803818E-008,
-4.5046768E-006,
6.8332395E-007,
2.7426497E-006,
-1.0883655E-006,
6.9951085E-007,
2.5832451E-006,
-2.399363E-006,
-3.0314491E-006,
-2.2776846E-006,
2.6311316E-006,
1.8648144E-006,
7.688854E-007,
3.1778889E-006,
-2.295717E-006,
-1.0700627E-006,
-2.3350647E-006,
-9.1750843E-007,
-2.7280382E-006,
3.9360025E-006,
2.5307741E-006,
-1.8071543E-006,
-3.3801932E-006,
-1.264328E-006,
1.8589355E-006,
7.6380644E-007,
1.7092474E-006,
4.6752099E-008,
3.4524703E-007,
-5.4361853E-006,
-1.4001848E-006,
-4.2885345E-006,
2.1695926E-006,
6.7811202E-006,
-6.1363539E-007,
2.3562129E-007,
-3.8802614E-006,
-3.2372483E-007,
5.237552E-007,
-2.2897214E-006,
1.3239126E-006,
7.738854E-007,
-2.4472906E-006,
-1.2329361E-006,
-3.2177795E-006,
-9.4166523E-007,
8.1943062E-006,
-6.4720973E-007,
3.5908438E-006,
-2.3040106E-006,
-2.5431232E-006,
-7.9188442E-007,
-4.124744E-006,
2.4295809E-006,
-1.1580271E-006,
3.0619597E-006,
7.2672606E-007,
-1.1151584E-006,
-4.1884182E-006,
4.622123E-006,
6.0680725E-007,
3.7711825E-006,
5.0046345E-009,
-3.4393686E-006,
-2.0343386E-006,
-4.0260352E-007,
3.8733297E-006,
-3.1707955E-006,
3.0830247E-006,
5.1492137E-008,
8.4583428E-007,
-1.7579474E-006,
-1.6610162E-006,
1.3957817E-006,
1.4680511E-006,
1.5359983E-006,
-1.7707271E-006,
-1.9812237E-006,
8.3591993E-007,
1.8831896E-006,
-1.3745323E-006,
1.9096735E-006,
9.7399163E-007,
4.7690571E-007,
-3.3650198E-007,
-5.8259025E-006,
7.0294288E-007,
6.9577015E-007,
2.5710583E-006,
-1.9821212E-007,
-1.3261101E-006,
-3.1743949E-007,
-8.1238187E-007,
3.4737823E-007,
4.2966224E-007,
1.6321635E-006,
2.60912E-007,
1.8015437E-006,
-4.1279782E-006,
-1.6614725E-006,
-1.1984619E-006,
2.0771765E-006,
9.5933933E-007,
-2.657159E-007,
1.7326677E-007,
-1.717155E-006,
2.1388256E-007,
-9.2158604E-007,
1.7794894E-006,
1.6905273E-007,
1.7575649E-006,
2.054213E-008,
-1.9181057E-006,
-3.0305512E-006,
2.0216324E-007,
1.9280235E-006,
1.0024625E-008,
1.4645434E-006,
-2.9143217E-007,
-5.4047808E-007,
-2.0481195E-006,
6.9764297E-007,
5.741885E-007,
-3.0059365E-007,
1.9588342E-006,
4.2509626E-007,
-2.7444164E-006,
-1.6351133E-006,
1.6964245E-006,
4.0942828E-007,
1.0323425E-006,
1.2682015E-006,
-6.3254009E-007,
-1.8792097E-006,
-7.8026329E-007,
1.1192845E-006,
-1.2059381E-006,
5.9849629E-007,
2.2630272E-006,
-8.0465293E-007,
-1.7043747E-006,
-1.2693137E-007,
1.2606631E-006,
-5.8939315E-007,
1.0342014E-006,
-1.5223657E-007,
-6.288189E-007,
-4.3021538E-007,
9.5374219E-007,
3.5050013E-007,
-1.1392293E-006,
1.2043066E-006,
5.1696742E-007,
-6.4612584E-007,
-1.719237E-006,
1.4864712E-006,
-9.7265684E-007,
-5.2982409E-007,
8.2067498E-007,
-1.5569121E-007,
1.455923E-006,
3.2525701E-008,
2.0839323E-006,
-5.7172178E-007,
-1.7925447E-006,
4.1565062E-007,
-3.3383091E-007,
-1.717134E-006,
4.4630681E-007,
6.8315973E-007,
-1.3361978E-006,
1.9840891E-006,
-9.3565507E-007,
1.8185104E-006,
-9.1706551E-007,
1.4827484E-006,
1.3954372E-006,
-3.3635449E-006,
6.259021E-008,
-9.7065765E-007,
-8.2557784E-007,
-1.1598768E-006,
2.7286701E-006,
-5.1848497E-007,
2.0992679E-006,
-9.633884E-007,
-9.9895999E-007,
-1.4401896E-006,
-7.3276834E-007,
1.8854391E-006,
-1.4128417E-006,
3.3488726E-007,
-1.0639662E-006,
-1.2654073E-007,
-2.3784128E-006,
3.2534961E-006,
9.316314E-007,
2.4606493E-007,
9.1002045E-007,
-4.4827343E-006,
-1.3802129E-006,
-2.1045159E-006,
2.1842177E-007,
2.4165629E-006,
5.9266796E-007,
1.962936E-007,
4.9108792E-007,
-2.8790121E-006,
1.3580911E-006,
1.9023261E-006,
-1.7645036E-006,
2.5116781E-006,
-4.7319586E-006,
-4.061325E-007,
-1.433782E-006,
-1.4820455E-006,
3.5981056E-006,
-8.1964238E-008,
1.783674E-006,
5.4480813E-007,
-1.5372774E-006,
-1.5062473E-006,
1.0524998E-006,
-1.4623985E-006,
1.4991933E-006,
-1.430394E-006,
1.2981577E-007,
2.3737672E-007,
-1.2174979E-006,
1.0277952E-006,
-7.2059356E-007,
1.9715303E-006,
-1.6046791E-007,
3.3011884E-007,
-2.0856305E-006,
-3.1079659E-007,
-5.288959E-007,
-5.1263447E-007,
1.5988271E-006,
-6.4017911E-007,
7.9160606E-007,
5.8793484E-007,
-1.4813504E-006,
-1.0513401E-006,
2.0792052E-006,
-3.2387041E-007,
5.3418103E-007,
-8.8068543E-007,
-3.572043E-007,
-6.0651251E-007,
-1.885506E-006,
2.6697812E-006,
-7.4779621E-007,
-5.2037933E-008,
1.2866872E-006,
-1.3594906E-006,
-8.6000784E-007,
9.4093093E-007,
3.9068132E-007,
1.1741795E-007,
-3.8453726E-007,
3.0240395E-007,
-2.0043979E-007,
-1.9124595E-006,
1.4778875E-006,
2.7158839E-007,
-6.8442387E-007,
2.1134345E-007,
-1.2300157E-007,
9.891864E-008,
-9.4303289E-007,
6.8975231E-007,
2.4222845E-007,
-6.5050483E-007,
4.0311548E-007,
7.0747564E-007,
-9.8927978E-007,
-3.2611536E-007,
1.0814654E-006,
-2.6139438E-007,
-1.2388737E-006,
4.0015985E-007,
1.2849731E-006,
-1.733571E-006,
2.2370868E-008,
4.9606473E-007,
-4.7301711E-007,
3.4162458E-008,
1.0103076E-006,
-1.4716418E-008,
-1.287235E-006,
8.0077035E-007,
7.5665736E-007,
-1.7085044E-006,
1.6303575E-007,
1.5164825E-006,
-8.4113657E-007,
-4.3520942E-007,
1.2747026E-007,
4.1632458E-007,
-3.3365922E-007,
4.2776739E-007,
7.5918479E-007,
-1.510905E-006,
-1.1493439E-007,
1.3627032E-006,
-8.2365113E-007,
-3.9422168E-009,
2.4674711E-007,
2.30613E-007,
1.7556982E-007,
-5.7090551E-007,
1.2250554E-006,
-7.2983545E-007,
-2.9000546E-007,
1.6680347E-006,
-1.5068439E-006,
-8.9037098E-007,
9.8576231E-007,
9.2290998E-007,
1.560847E-007,
-1.697857E-006,
1.0498546E-007,
1.0234644E-006,
-1.1479219E-006,
1.3019306E-006,
-8.1119481E-007,
-8.6567718E-007,
2.2576833E-006,
-6.004085E-007,
-1.0121441E-006,
-3.3597613E-007,
1.9784375E-006,
4.3960404E-007,
-2.6199516E-006,
-8.9178195E-007,
9.3802925E-007,
-1.35652E-006,
8.3684165E-007,
7.7555896E-008,
-1.2953111E-006,
1.1802906E-006,
1.3004682E-006,
-8.9422294E-008,
-1.4561105E-006,
1.0317588E-006,
3.0511853E-007,
-1.6107037E-006,
-1.1859287E-006,
-2.062355E-007,
-9.6671215E-007,
6.787505E-007,
1.3503413E-006,
-1.1638605E-006,
-1.7224982E-006,
2.4579067E-006,
1.2507161E-006,
-8.6448279E-007,
-8.6655496E-007,
-7.8833472E-007,
4.03554E-007,
3.080703E-007,
-1.537352E-006,
-1.7386215E-007,
8.2077827E-007,
1.377217E-006,
2.1162754E-007,
-3.5815408E-006,
1.2708913E-006,
7.4170384E-007,
1.0627198E-006,
-8.1573353E-007,
-1.9709314E-006,
1.2203806E-006,
1.9369643E-006,
-1.782046E-006,
1.9776365E-007,
3.6762454E-008,
8.5815252E-008,
1.3402065E-006,
-2.1123747E-006,
-1.3506655E-006,
-4.2862769E-008,
1.3442103E-006,
9.3184816E-008,
-1.5182543E-006,
4.9303844E-007,
1.2232772E-006,
-6.1101605E-007,
9.1959691E-007,
-1.245418E-006,
-9.6789267E-007,
8.2385526E-007,
3.1173738E-007,
-1.6171982E-006,
-8.7183548E-007,
1.0209287E-006,
1.3279308E-007,
-7.5238341E-007,
-1.3813481E-007,
2.1070167E-007,
1.6635636E-007,
5.6120933E-007,
-7.1896204E-007,
-9.1985737E-007,
-5.5891616E-007,
7.6092539E-007,
9.533624E-008,
-1.0117228E-006,
4.9782042E-008,
1.6647746E-007,
-1.3032201E-007,
-4.2201569E-007,
-4.3239424E-007,
5.7576358E-007,
-7.3167604E-007,
5.2999434E-007,
2.3207126E-007,
-1.2138427E-006,
-1.7736342E-007,
9.8009991E-007,
-2.4251054E-007,
-1.0273739E-006,
4.5608789E-007,
4.6865202E-007,
-4.6512702E-007,
-5.4927852E-007,
4.3864839E-007,
-1.1790802E-006,
4.2800193E-007,
1.3513352E-006,
-7.9373689E-007,
-5.0999239E-007,
2.6758497E-007,
1.882994E-007,
-1.2235979E-006,
1.5696823E-007,
1.2677101E-006,
-6.3923682E-007,
4.8360182E-008,
1.0038621E-010,
-1.5077281E-007,
-8.4750633E-007,
8.6841146E-007,
3.0326453E-007,
-1.1170914E-008,
-3.0162565E-007,
-4.5640351E-007,
-5.3234112E-007,
-7.7431849E-007,
1.5358945E-006,
-5.2693991E-007,
9.427709E-007,
-4.9761638E-008,
6.8037059E-007,
-1.2663999E-006,
-1.0026056E-006,
1.1458906E-006,
3.999879E-007,
5.6281955E-008,
-7.8144984E-007,
-2.3577024E-007,
-1.1054233E-006,
2.912534E-007,
3.895706E-007,
1.3005516E-006,
3.8856288E-007,
-7.4482365E-008,
-2.5709954E-007,
-1.8887326E-006,
9.1622894E-007,
4.8573838E-007,
1.9922068E-007,
2.8717491E-007,
-7.5624484E-007,
-3.4773367E-007,
-1.4944518E-006,
1.5313371E-006,
8.3038475E-007,
4.3754244E-007,
-1.2795576E-006,
8.0009613E-007,
-7.528987E-007,
9.81114E-008,
6.310874E-007,
-3.0701003E-007,
1.2431367E-006,
-7.3331665E-007,
6.2505239E-007,
-2.0312586E-006,
1.4324745E-006,
2.7013303E-007,
-4.3503147E-007,
-1.1742175E-006,
9.1635826E-007,
4.4738564E-007,
-2.0555915E-007,
8.7269672E-007,
-2.1575945E-009,
6.0940852E-007,
5.5287194E-007,
7.7883658E-007,
-1.1855552E-006,
-3.2644675E-007,
1.7070177E-007,
-1.3832004E-006,
2.7215012E-009,
6.5636044E-007,
1.9292386E-007,
2.8674497E-008,
8.5376939E-007,
1.9245806E-006,
-5.5097308E-007,
1.4786929E-006,
1.8294065E-007,
2.2075825E-007,
-2.3398275E-006,
-3.6056258E-007,
-1.6165404E-006,
4.3444567E-007,
1.0814675E-006,
3.3357372E-007,
5.6640744E-008,
-7.9472477E-007,
1.8776432E-006,
-6.4241448E-007,
8.8347127E-007,
-6.4043212E-007,
1.0874306E-006,
-8.2501384E-007,
-9.3203573E-007,
-1.2726291E-006,
1.1719901E-007,
5.9445637E-007,
8.711807E-007,
-4.227748E-007,
-1.11878E-006,
3.7804858E-007,
-6.429961E-007,
-1.9142979E-007,
-9.1770438E-008,
-8.8250465E-009,
2.4616728E-007,
-6.1892464E-008,
-4.10214E-007,
-6.7103622E-007,
-5.7475984E-007,
1.2312071E-006,
-6.4076067E-007,
-2.4895405E-007,
-5.3744321E-007,
-7.1020196E-007,
-1.1424598E-006,
4.700467E-007,
-5.6739282E-007,
-5.5624065E-007,
6.666121E-007,
6.363145E-007,
-7.5131499E-007,
-1.2858737E-006,
7.2392169E-007,
-2.3640867E-007,
1.8941647E-007,
-3.1892731E-007,
-3.166974E-007,
-1.3310771E-006,
3.8069961E-009,
-1.9290287E-007,
-1.0897971E-006,
6.046276E-008,
1.181667E-006,
-2.3409379E-008,
-1.0536688E-006,
-3.3731391E-007,
1.678482E-007,
-9.5523234E-008,
1.6242416E-007,
4.1204723E-007,
-6.3539613E-007,
-1.0401277E-006,
1.5921093E-007,
-2.2257575E-007,
-8.217761E-007,
9.3682547E-007,
6.3809392E-007,
-5.0016439E-007,
-1.0600722E-006,
4.822007E-008,
-9.6227375E-008,
1.3705532E-007,
8.582042E-007,
3.0485555E-007,
-1.5820601E-006,
1.0426491E-007,
5.8917163E-007,
-5.3227666E-007,
3.4077647E-007,
6.0650643E-007,
-1.8918348E-007,
-1.1996309E-006,
-1.143084E-007,
5.1596658E-007,
-2.309329E-007,
6.8763944E-007,
5.4242901E-007,
-9.8709415E-007,
-3.1628511E-007,
2.6390813E-008,
6.763907E-007,
1.4222834E-007,
1.8857103E-009,
1.397694E-007,
-8.1249556E-007,
1.7852587E-007,
8.0812913E-007,
-4.5911699E-007,
2.1385746E-007,
-2.0698394E-007,
6.6171168E-007,
-9.7331247E-007,
-1.281114E-006,
1.2060223E-006,
3.0258116E-007,
-2.2181329E-007,
8.09982E-007,
1.809517E-007,
6.004517E-007,
-4.6684761E-008,
-3.6500788E-007,
2.5535311E-008,
-9.9485055E-007,
2.0305872E-006,
-1.0008516E-006,
-1.9343859E-006,
2.7738574E-007,
1.9846514E-008,
5.6293459E-007,
1.3727326E-006,
1.0380694E-006,
9.4396768E-007,
-1.115331E-006,
-4.0695315E-007,
3.1381353E-007,
-3.977041E-007,
1.3105105E-006,
2.0025385E-007,
-9.2472146E-007,
-1.0651795E-006,
-1.5798737E-006,
1.3822837E-006,
1.2298567E-006,
6.7997172E-007,
1.0944899E-006,
-2.7653226E-007,
-5.1740523E-007,
3.8574836E-007,
1.8123172E-006,
-9.4108003E-007,
1.3700989E-006,
1.4677233E-006,
-1.011338E-006,
-3.9877054E-006,
-2.5464678E-007,
5.1763129E-007,
