0.0020126714,
0.00039479297,
-0.0030095535,
-0.002906658,
0.0013120824,
0.0030201019,
0.0015033011,
9.3351046E-005,
-7.6468219E-005,
-0.0011393154,
-0.0026663737,
-0.0009958992,
0.0016195575,
0.0015122145,
0.00089273939,
0.001776601,
0.00026125732,
-0.0027817914,
0.0072099511,
0.033954248,
-0.025542257,
-0.20035025,
-0.087009907,
0.34573811,
0.33874837,
-0.099850126,
-0.2304242,
-0.037430286,
0.066584907,
-0.01850076,
-0.05684083,
0.035064116,
0.023980491,
-0.050653078,
-0.014796563,
0.0074537457,
-0.050391838,
-0.040498167,
0.041800663,
0.025106432,
-0.056951877,
-0.036537487,
0.020438846,
0.0085541252,
-0.0041514453,
0.010384067,
0.002570841,
-0.015487394,
-0.0067354725,
0.0055472581,
-0.005111116,
-0.0089158686,
0.0049235472,
0.0016695454,
-0.0074537746,
0.015665755,
0.032195479,
-0.0029409446,
-0.028415946,
0.0009708546,
0.015120042,
-0.0092892647,
-0.00084392529,
0.03264733,
0.016614657,
-0.023370974,
-0.015042687,
0.013549294,
0.0054937825,
-0.011720483,
6.8205809E-005,
0.015592853,
0.009609024,
0.0030256656,
0.011593316,
0.014919444,
0.0020982625,
-0.011744067,
-0.012281316,
0.00078649429,
0.013117466,
0.010344174,
-0.0016808825,
-0.0076909494,
-0.0042440607,
0.0020711925,
0.0061527546,
0.0043242224,
-0.0003191237,
-0.0025225843,
-0.0023671521,
0.00035698604,
0.0042708791,
0.0047474657,
-0.00050696149,
-0.0072035859,
-0.0079275249,
-0.00048840675,
0.0046947887,
-0.00091414782,
-0.0074770311,
-0.0048528682,
0.00048611686,
-0.00042742916,
-0.0023914352,
0.002228321,
0.0060928017,
0.00019508709,
-0.0067231287,
-0.0050208746,
-0.0017009679,
-0.00047379747,
0.0019425903,
0.0015860134,
-0.0019737093,
-0.0022935634,
-0.00092777854,
-0.0020936839,
-0.0038377275,
-0.00096335396,
0.0074055446,
0.01148875,
0.0026120322,
-0.0081665069,
-0.0086768996,
-0.0027054204,
0.0042250296,
0.005791137,
-1.3225019E-005,
-0.0036489281,
0.00074463605,
0.0028191642,
-0.0037386604,
-0.0061144573,
0.0027267567,
0.0064809229,
-0.0027873248,
-0.009467843,
-0.0037250293,
0.0050219782,
0.006268065,
0.00067286834,
-0.0030744148,
-0.00018203845,
0.0039701946,
0.002608072,
-0.00151142,
-0.0029484818,
-0.00082092371,
0.0028477851,
0.0031308956,
0.0015593896,
0.0019584484,
-0.00013780101,
-0.0024499632,
-0.00020217076,
0.0010623258,
0.00081977661,
0.0021633334,
0.00060792192,
-0.0026210931,
-0.0012561069,
0.0016110213,
0.003689877,
0.0044093328,
-0.00078590878,
-0.0073468322,
-0.0047144443,
0.0046904329,
0.0070916121,
0.00087019452,
-0.0021899517,
-0.0020398139,
-0.0014288855,
0.0021774287,
0.0030224521,
-0.000281755,
-0.0013138575,
-0.00081031787,
-0.0020189923,
-0.0021859915,
0.002002303,
0.0060563381,
0.0024449017,
-0.0050561735,
-0.0048969551,
0.00095672533,
0.0025010381,
0.0023515597,
0.0046872334,
0.0022952133,
-0.0050767129,
-0.0060351081,
0.00097098714,
0.0047139428,
0.0023623246,
0.00029087081,
-0.00035584276,
-0.0033697342,
-0.0045917984,
7.2005772E-005,
0.0019382517,
-0.0018382695,
-0.0022608163,
0.0012575093,
0.001464701,
0.00010052653,
0.0013162091,
-0.00014407962,
-0.0039629983,
-0.00092496199,
0.0040327711,
0.0014186975,
-0.0039697853,
-0.0039976486,
0.00025633181,
0.0014749584,
-0.0013082525,
-0.0010670085,
0.0022902351,
0.0024682742,
-0.0013811514,
-0.0031247174,
-0.0032379928,
-0.0027017591,
-0.00011970336,
0.00017585675,
0.00018499971,
0.0030823839,
0.0013883184,
-0.0033834709,
-0.0021586893,
0.0019423432,
0.0011212039,
-0.0016469569,
0.00061087601,
0.0028609352,
0.0012836002,
-0.00012089466,
0.00085956528,
0.0023028278,
0.00099821202,
-0.001948028,
-0.0028863568,
-0.0015087343,
-0.00021689608,
-6.7309506E-005,
0.0012715701,
0.0029620077,
0.0019594133,
-0.0017078025,
-0.0045109321,
-0.0015909534,
0.0046200827,
0.0048055402,
-0.001266547,
-0.0052361279,
-0.0022091151,
0.002637702,
0.0017020032,
-0.0024519013,
-0.0011068131,
0.0023714828,
0.00016930483,
-0.0047351504,
-0.0041827839,
0.00084541936,
0.0026731535,
0.0010717062,
0.00055016292,
0.00093897153,
-0.00015969791,
-0.0027829099,
-0.0023979745,
0.0017543166,
0.0042662718,
0.0035182023,
0.00025132627,
-0.0026604533,
-0.00058671279,
0.0028508997,
0.00078332651,
-0.0027280096,
-0.0012991646,
0.0032429905,
0.004012662,
-0.00018697942,
-0.0024888073,
-0.0013155191,
-0.0028440503,
-0.0037500076,
0.00049296964,
0.002388184,
-0.00050574116,
-0.00145982,
-0.00014828669,
-0.00029295331,
-0.0005507695,
-0.00023190903,
-0.00052516127,
-0.00035882019,
0.0012771785,
0.0016933181,
-0.0019192604,
-0.0053230459,
-0.0018252312,
0.0035478831,
0.0036068049,
0.00055219803,
-0.0019804502,
-0.0015129339,
-0.00033588789,
-0.00042521086,
0.0010519483,
0.0011053367,
-0.00038312605,
-0.00047566424,
0.00022366023,
0.00088926242,
-0.00045872221,
-0.0034661368,
-0.0033927339,
-0.00064745243,
0.00096609007,
0.0016117006,
0.0016358871,
-0.00023575078,
-0.0016450877,
-0.00048745752,
0.0024207346,
0.0040592342,
0.0010326301,
-0.0017451418,
0.0001865497,
0.0015348314,
0.00044053592,
0.00046311272,
0.00091188325,
7.2255461E-005,
-0.0004925938,
0.0013796148,
0.0035621512,
0.00097068888,
-0.002456279,
-0.0017774296,
-0.0005416965,
1.6053154E-005,
0.0001670162,
-0.0012182585,
-0.0016526105,
-0.0014501038,
-0.0007403866,
0.0014423145,
0.0016559905,
-0.00012406203,
0.0012173372,
0.0028457819,
0.0010870032,
-0.0009610554,
-0.00082757324,
-0.00027033596,
0.00016509823,
0.00084249687,
-0.0009321564,
-0.0029494828,
-0.0011546299,
0.00088518753,
-0.0014668917,
-0.002876326,
0.0016391105,
0.0050910134,
0.0022038736,
-0.0015391865,
-0.00060949725,
0.0016636796,
-0.0011344927,
-0.0051001641,
-0.0018158453,
0.004468753,
0.0035927293,
-0.0010166067,
-0.0022311038,
-0.0012751017,
-0.00041499556,
-0.00064519665,
-0.0012297911,
-0.00025297172,
0.00029917323,
-0.00045477628,
-0.00097045861,
-0.00062913477,
-0.0003644255,
-0.0005178799,
1.3893459E-005,
0.00084313267,
0.0014770266,
0.00029630464,
-0.0022792674,
-0.0029546844,
-0.0012278785,
0.00064791093,
0.0012285105,
-0.00025110287,
-0.0021827419,
-0.00071964588,
0.0024181718,
0.0014605193,
-0.0012278532,
0.00036883733,
0.0025740962,
0.0014262955,
0.00030456277,
-0.00073147542,
-0.0016514724,
-0.00033047251,
0.0012426198,
0.00025176397,
-0.00075572141,
4.0287887E-005,
-2.8387396E-005,
0.00096713327,
0.0024315021,
-0.0005578972,
-0.0033589376,
-0.0012801992,
0.001095248,
0.0014515363,
-0.0004354954,
-0.0024764717,
-0.00140283,
0.0011116065,
0.0023298813,
0.0012396942,
-0.00068800757,
-0.00026260439,
0.00015518843,
-0.0011364504,
-0.00099748722,
0.00060139305,
0.0012940391,
0.00066647923,
0.00070482749,
-0.00015363476,
-0.0011011043,
0.00018153933,
0.00060494081,
-0.00037330817,
-0.00065173174,
-0.00019741891,
-0.00017970451,
-0.00083813403,
-0.0011906492,
-0.00054590049,
0.001978369,
0.0022714036,
-0.0020260892,
-0.0010903589,
0.0040727821,
0.001765854,
-0.0030352096,
-0.0011610142,
0.0011205114,
-0.00027160236,
-0.0017228384,
0.00064837298,
0.004519376,
0.0024997198,
-0.0024934376,
-0.0022359395,
0.0016322676,
0.0015919561,
-0.0021890178,
-0.0030604366,
-0.00012861179,
0.003087962,
0.0028173488,
7.1060408E-006,
-0.0018241178,
-0.0019839164,
-0.00081115734,
-6.1556988E-005,
-0.0013364676,
0.00025671668,
0.0039400435,
0.0023566727,
-0.0027327258,
-0.0036363946,
-0.00090358767,
0.0010389539,
0.0018776478,
0.0017429767,
5.7285946E-005,
-0.0022787654,
-0.0023148821,
-0.00064589153,
-0.0011304762,
-0.00056544825,
0.0025506166,
0.0018915626,
-0.0026255441,
