0.00024943688,
2.4016766E-005,
-0.00044986428,
-0.0005612289,
4.2720381E-005,
0.0006366233,
0.00045545466,
-0.0001042461,
-0.00016723879,
-3.0887037E-005,
-0.00024193406,
-0.0002549561,
0.00011261422,
0.00019427805,
8.6659493E-006,
9.8494493E-005,
0.00025497231,
-2.6824205E-006,
-0.00025727227,
3.1882864E-005,
0.00014012992,
-0.00085209811,
-0.0010808544,
0.0013085274,
0.0028201141,
0.00074147678,
-0.0013693358,
-0.00098457583,
0.00034963546,
0.00031842967,
-0.0006324104,
-0.00041818697,
0.00026343769,
6.6260807E-005,
-0.00019210037,
5.2304553E-005,
2.149078E-005,
-0.00037718297,
-0.00023780412,
0.00013508131,
2.0783047E-005,
-0.00068219221,
-0.0017269129,
-0.00085314747,
0.002685589,
0.0045442656,
0.0021997578,
-0.0019224919,
-0.0033079141,
-0.00017041057,
0.0027045261,
0.0014010846,
-0.0015496246,
-0.0033540889,
-0.0029494313,
-0.00022604826,
0.001696684,
0.00047634947,
-0.0011897082,
-0.0011320804,
-0.00041822053,
0.00035142535,
0.00097373471,
0.0006952284,
-0.00010959945,
-0.00058297894,
-0.00063733233,
0.00020889481,
0.0011314712,
-0.00012801679,
-0.0018523664,
-0.00076476845,
0.0010952582,
0.0011732868,
0.0002663584,
-0.00069991773,
-0.00052798656,
0.00046888457,
0.00076728169,
0.00041812257,
0.00014800376,
0.00083368481,
0.0014672136,
-0.00010418191,
-0.0016881918,
-0.00035717941,
0.0018308084,
0.001340929,
-0.000764233,
-0.00097026129,
0.00030043622,
0.00060755765,
0.0001665071,
0.000338907,
0.00054218079,
1.971415E-006,
-8.1604936E-005,
0.00071539544,
0.00061303616,
-0.00061487331,
-0.0006681066,
0.00065675523,
0.0010257113,
-0.00029328407,
-0.0011997035,
-3.275316E-005,
0.0012071605,
0.00028766278,
-0.00098632311,
-0.00069371134,
-0.00020057654,
-0.00024703742,
-0.00025816311,
-0.00079165312,
-0.0010836538,
0.00014220101,
0.0011454565,
0.00039423545,
-0.00075476704,
-0.0007459647,
-0.00027847211,
-0.00026681868,
-5.7464163E-006,
0.00092192407,
0.0017078305,
0.00063326093,
-0.0015788092,
-0.0016603906,
-0.00030031745,
-0.00039967676,
-0.00048166575,
0.0011118688,
0.0014878293,
-0.00053793367,
-0.0014394731,
-0.0002996274,
0.0002214837,
-7.5940115E-005,
0.00043774923,
0.0010823073,
0.00023436689,
-0.00095208565,
-0.00040442523,
0.00067507214,
0.00021703972,
-0.0010909941,
-0.0010193532,
0.00061118387,
0.0012120304,
6.3351305E-005,
-0.00063042121,
-0.00023838709,
-0.00043057071,
-0.00080198649,
0.00046403988,
0.0016397751,
0.00034773705,
-0.001179219,
-0.00047088228,
0.00030936717,
-0.00049040961,
-0.00050502154,
0.00064380158,
0.00072482473,
-0.00023452725,
-0.00071291736,
-0.00034176832,
0.00018915419,
0.00041557947,
0.00049791409,
0.00053448428,
0.00035322655,
-6.7118049E-006,
-0.00016019632,
0.00032136374,
0.00069274346,
0.00015085841,
-0.00026435778,
-0.0003550908,
-0.000487321,
8.0786005E-005,
0.00075810938,
0.00087641529,
0.00071446912,
-0.00011917054,
-0.0010132507,
-0.00083777151,
-5.4577435E-005,
0.00071404042,
0.0011640416,
0.00034746015,
-0.0010935852,
-0.001097278,
6.3724729E-005,
0.00036112074,
-0.00045685348,
-0.00081391522,
0.00032588973,
0.0012122401,
0.00011092349,
-0.0011838715,
-0.00077201042,
0.00029505996,
0.00031207423,
-0.0001207025,
0.00014824545,
0.00012405266,
-0.00044302602,
-0.00029113749,
0.00037967996,
0.00022465613,
-0.00048005822,
-0.00022791086,
0.00045090157,
0.00017690465,
-0.00055962079,
-0.00060562248,
0.00011592602,
0.00054485194,
0.00033492118,
0.00022448679,
0.00036311644,
0.0004699151,
-2.2828477E-005,
-0.00073391444,
-0.00049903337,
2.8752684E-006,
0.00011782973,
0.00050766085,
0.00090217264,
0.00055309519,
-0.00039185208,
-0.00071720756,
-5.9028695E-005,
1.5306598E-005,
-0.00051768502,
-0.00032874048,
0.00051627663,
0.00077406911,
1.0168114E-005,
-0.00052871543,
-0.00012961192,
0.00020425471,
-4.8145954E-005,
-0.00035050357,
-0.0002444998,
6.5201108E-005,
0.00021072345,
0.00013206525,
-0.00018927689,
-0.00036867717,
-3.9516097E-005,
0.00018388446,
0.00038648469,
0.00050294783,
-0.0002064876,
-0.00091786537,
-0.0004591365,
0.00055482786,
0.00055007718,
-0.00032274722,
-0.00015679626,
0.00087258511,
0.00077402336,
-0.00039186,
-0.00074367499,
-0.00015079994,
0.0001249482,
0.00017235809,
0.00058744126,
0.00070775923,
0.00013389339,
-0.00047104782,
-0.00040817194,
-4.5004777E-005,
4.8100552E-005,
0.00039808551,
0.0010101293,
0.00060881337,
-0.00075400725,
-0.001271561,
-0.00028569283,
0.0004500059,
-0.00027563371,
-0.0004378343,
0.00047110175,
-7.9625199E-005,
-0.0010605638,
0.00024697004,
0.001320045,
-0.00017352976,
-0.0011979071,
-4.1340933E-005,
0.00080762227,
-1.6428223E-005,
-0.00083676435,
-0.00030804813,
0.00039679435,
-0.00016402719,
-0.00077645207,
0.0001027631,
0.00089411845,
-4.1473745E-006,
-0.0008584208,
-0.00028740318,
0.00038578952,
0.00020976273,
-0.00020342325,
-0.00032523926,
-0.00023018802,
0.00018532603,
0.00080198498,
0.00045484331,
-0.00066743675,
-0.00071578927,
0.0002857245,
0.0003001072,
-0.0006730645,
-0.00034679897,
0.0009742509,
0.00067765679,
-0.00042121351,
-0.00034796313,
-7.7517936E-005,
-0.00015366357,
0.0002339881,
0.00065613823,
0.00027937876,
-0.00013064365,
0.000334354,
0.00058920257,
-0.0001359194,
-0.0006503287,
-0.00033852432,
0.00021218963,
0.00030598772,
-0.00013069848,
-0.00020361204,
-4.2301235E-005,
-0.00011997271,
0.00012972776,
0.00056435529,
0.00044479829,
-0.00027026699,
-0.00068357447,
-8.7241169E-005,
0.00067213445,
0.00071955047,
0.00011319593,
-0.00057242817,
-0.00045439648,
-4.395912E-005,
5.6317276E-005,
0.0004793668,
0.00055492937,
-8.1803046E-005,
-0.00015740986,
0.00045180877,
0.00053191639,
-1.628009E-005,
-3.0381048E-005,
0.0002816754,
3.6537749E-005,
-0.00034299804,
-0.00035612166,
-0.00018881347,
6.7894485E-005,
5.1295516E-005,
-0.00026419273,
-0.00012209892,
-6.5599233E-005,
-0.00072142755,
-0.00059842243,
0.00055836746,
0.0007499936,
-0.00033467822,
-0.00081319222,
-0.0001790752,
0.00031963058,
-5.3322638E-006,
-0.00026499992,
0.00038285853,
0.00057448982,
-0.00054728589,
-0.0010101921,
-0.00012523074,
0.00054560945,
0.00043650306,
8.9424968E-005,
-0.00010070862,
-0.00014267677,
-6.141227E-006,
-0.00012563511,
-0.00052868342,
-0.00040857345,
2.5507793E-006,
0.00018599437,
0.00019609532,
3.6963265E-005,
-5.1004736E-005,
-0.00013675065,
-0.00033704145,
-0.00036307229,
-0.00010686561,
0.00043951304,
0.00065205415,
0.00014578435,
-0.00025919394,
0.00011709647,
0.00064663967,
0.0002888873,
-0.00014636088,
0.00047291483,
0.00068596413,
-0.00044752963,
-0.00075734558,
0.00028059294,
0.00026269798,
-0.00068502204,
-0.00043105462,
0.00041896576,
0.00011745823,
-0.00055486982,
-0.00033075936,
0.00020445246,
0.00019230123,
0.00031705649,
0.00067839213,
0.00038087976,
-0.00028871631,
-0.00027451501,
0.00013596653,
-0.00015448655,
-0.00050177303,
0.0001421839,
0.00072037335,
0.00043022656,
-0.00024244268,
-0.00074991386,
-0.00052824925,
0.00012250047,
0.0004057296,
0.00019033195,
-5.400358E-005,
-0.0002362518,
-0.00039651105,
0.00011376313,
0.00065783784,
0.00017695765,
-0.00030369198,
-0.00013249359,
-0.00024931133,
-0.00069631281,
-0.00035342004,
0.00062596699,
0.00057792669,
-8.1206585E-005,
-2.324542E-005,
5.246106E-006,
-0.00040447552,
-0.00018198238,
0.00044061689,
0.00032168676,
-0.00048596671,
-0.00070093543,
0.00028554501,
0.00090392114,
0.0001961563,
-0.00031900647,
-0.00027629774,
-0.00051906629,
-0.00024410847,
0.00061724131,
0.00054199662,
0.00013019037,
0.00051612518,
0.00044545269,
-0.00072903489,
-0.0011887798,
-0.00015410993,
0.00077198166,
0.00036491483,
-0.00024161517,
1.0967854E-005,
0.00029427392,
-6.7004985E-005,
-0.00027868405,
-1.3016304E-005,
3.1429387E-005,
-3.9132552E-005,
9.918493E-005,
6.2942927E-005,
-0.00023401565,
-0.00039579184,
-6.4824198E-005,
0.00052708306,
0.00051213778,
-0.00018535668,
-0.00041194932,
-0.00012795595,
