0.016429374
0.015770797
0.0071781604
-0.0027360783
-0.006389278
-0.007132296
-0.012750009
-0.021177735
-0.023292692
-0.017997876
-0.013568151
-0.013652276
-0.012317588
-0.0051209251
0.0042096153
0.011100358
0.015779886
0.018723097
0.018239891
0.015529107
0.014748251
0.015315828
0.011424357
0.0019909022
-0.0062187966
-0.0088428091
-0.010234807
-0.014918729
-0.019121107
-0.016828941
-0.0096662277
-0.0043843463
-0.0030857676
-0.0015620451
0.0037790951
0.011720431
0.018464513
0.020946572
0.018606693
0.014359963
0.012369947
0.012342056
0.0087335883
-0.00079592131
-0.010001333
-0.012483163
-0.011664143
-0.015013743
-0.021229293
-0.022087337
-0.015854761
-0.0096023027
-0.0076069878
-0.0058865994
-0.00018915905
0.007332861
0.012101637
0.013029054
0.011708662
0.0093446681
0.0072801933
0.0066608633
0.0050077667
-0.0017261875
-0.011312835
-0.015970839
-0.013830249
-0.012528643
-0.017008249
-0.020822683
-0.016261425
-0.0070962696
-0.002550317
-0.0026984338
0.00051295821
0.009606665
0.018003426
0.020068102
0.017578801
0.01513979
0.014407332
0.01419564
0.012404317
0.0070717507
-0.0010565282
-0.0071994169
-0.007695483
-0.0058299955
-0.0075334301
-0.011648879
-0.010944342
-0.003810168
0.0024423187
0.0030836188
0.0035312031
0.010053198
0.018957088
0.021954682
0.0182287
0.014082565
0.013071476
0.012952101
0.01072351
0.0053818617
-0.0025566947
-0.010292378
-0.013819472
-0.013035155
-0.012928288
-0.016208066
-0.01824984
-0.014103808
-0.0070725619
-0.0038744598
-0.0036905552
4.575009E-005
0.0077941823
0.012433517
0.010323854
0.0059522623
0.003912508
0.0029205654
8.4961583E-005
-0.0043544951
-0.0091687934
-0.014281107
-0.018188005
-0.01818569
-0.015794812
-0.016024951
-0.018411947
-0.01594701
-0.0065542427
0.0019236084
0.0032842495
0.0027645237
0.0081811426
0.016508553
0.018510388
0.013513893
0.0094734728
0.0098190373
0.0097588375
0.0054547447
-0.0010352996
-0.0064271837
-0.0097195953
-0.010516172
-0.008923986
-0.0074891574
-0.0083093839
-0.0083492165
-0.0032631727
0.0046585891
0.0089987693
0.0093162833
0.011518719
0.017598674
0.021962425
0.019961284
0.014324709
0.010057528
0.0076050144
0.0046922639
0.00074685022
-0.0038349065
-0.008788975
-0.012062654
-0.011236725
-0.0084613329
-0.0086884834
-0.011126422
-0.0087989904
8.0274818E-005
0.0073007555
0.0067542861
0.0044639441
0.0086862426
0.015923876
0.016364276
0.0094221691
0.0038392041
0.0035016376
0.0027216803
-0.0031418232
-0.010784834
-0.015130993
-0.0156813
-0.014399201
-0.012646465
-0.011864146
-0.01252853
-0.011434447
-0.0050607049
0.0034725496
0.0069345874
0.005004772
0.0054388894
0.011432745
0.015714154
0.011798555
0.004135143
0.00088438432
0.0015824706
-0.00078404066
-0.0081043933
-0.014687724
-0.015804399
-0.01287616
-0.0098796757
-0.008914141
-0.0094568832
-0.0087619666
-0.0038511408
0.0040730187
0.0092833508
0.00892107
0.007817152
0.011134804
0.01532953
0.013310471
0.0063502504
0.0024778596
0.0034281283
0.0020559859
-0.005473441
-0.013172528
-0.014484611
-0.01121266
-0.0088044228
-0.0082434071
-0.0073397905
-0.0054327901
-0.0023756656
0.0030291073
0.0096240891
0.013082748
0.01232756
0.01218996
0.015299927
0.016577046
0.011431
0.004316052
0.0020250152
0.0025537875
-0.0011611114
-0.008980142
-0.013665701
-0.012230468
-0.0090999566
-0.0078466283
-0.0069547324
-0.0046062237
-0.0012359003
0.0033401728
0.0093820272
0.013815082
0.013322602
0.010580433
0.01117224
0.014233287
0.013012005
0.0059548183
-0.00025689724
-0.0015469204
-0.0027386679
-0.0085347556
-0.014946545
-0.015470747
-0.011088273
-0.0080807973
-0.0085386783
-0.0088353846
-0.0060570347
-0.00067918847
0.0056781373
0.010561134
0.010957696
0.0075187869
0.0055446643
0.0074920342
0.0082188109
0.0027051782
-0.005299557
-0.008752103
-0.0085001308
-0.011142946
-0.017152667
-0.01973713
-0.015895152
-0.010684538
-0.0088369809
-0.0085138418
-0.0057274201
-7.2698E-005
0.0062468541
0.011141357
0.012620979
0.010106412
0.0072172559
0.0084974235
0.011799601
0.0098025706
0.0013836916
-0.0053273677
-0.0051432792
-0.0039334269
-0.0083254678
-0.013882025
-0.012201281
-0.0050383043
-0.0014301479
-0.0032109593
-0.0032292204
0.0025721376
0.010008509
0.014063697
0.014489063
0.013272891
0.01197496
0.0119987
0.012895729
0.010894595
0.0039298427
-0.003202348
-0.0044480911
-0.0020114265
-0.0034997801
-0.009705496
-0.012794567
-0.0084573878
-0.0023553276
-0.00072257232
-0.0011921308
0.0018190899
0.0077794227
0.01176253
0.011985058
0.010584371
0.0093334028
0.0086772544
0.008722866
0.0077563431
0.0027502973
-0.0052627455
-0.010244217
-0.0096406797
-0.0090901144
-0.013333531
-0.017554808
-0.01477912
-0.0077048265
-0.0047986102
-0.0067637456
-0.0058890642
0.0010517547
0.0080594737
0.0097004771
0.0078081843
0.0062049986
0.0053213346
0.0042993207
0.0030625919
0.00041370204
-0.0051745819
-0.011291211
-0.013114541
-0.011058892
-0.011060018
-0.014625435
-0.015372652
-0.0094153602
-0.0023178423
-0.00035559852
-0.00071234163
0.0030416679
0.010007104
0.013696399
0.01221817
0.0097372485
0.00896117
0.0085084578
0.0069907326
0.0042087995
-0.00058693957
-0.0066849869
-0.0099309543
-0.007888834
-0.0049988925
-0.0066121207
-0.0097732088
-0.0071955989
0.00062877481
0.0055608931
0.0048068203
0.0051350323
0.011090434
0.017168107
0.016729871
0.011968592
0.0091415532
0.0091519738
0.0085742362
0.0057977661
0.00124691
-0.004609094
-0.0094338972
-0.0095384065
-0.0060663032
-0.0054965904
-0.0096141966
-0.011193395
-0.0051380643
0.0026430681
0.0043538888
0.0024820408
0.0046377173
0.010345268
0.012119426
0.0079787103
0.0039969459
0.0040755486
0.0048726662
0.0022820847
-0.0031987198
-0.0088020824
-0.012398949
-0.012493389
-0.0095134992
-0.0073883357
-0.009341239
-0.011927662
-0.0088919345
-0.0014460003
0.0024802892
0.00078266545
0.00075031747
0.0067294487
0.012301918
0.010262116
0.0038303202
0.0010600645
0.0026497692
0.0026369435
-0.0016792263
-0.0072236774
-0.010736103
-0.011504271
-0.0099701378
-0.007774164
-0.0074669784
-0.0086075077
-0.0066839205
0.00015361299
0.0064478638
0.0067353351
0.0045163441
0.007004784
0.012950933
0.014090414
0.0084129199
0.0032832364
0.0035969303
0.0046918099
0.00070824061
-0.0063457624
-0.010542934
-0.010253196
-0.0079104938
-0.0055653756
-0.0044476409
-0.0051634209
-0.0054279659
-0.0016166392
0.0051310631
0.0088915015
0.0077049211
0.0071141557
0.010881739
0.013932825
0.010523791
0.0041553616
0.0020107401
0.0033973074
0.0017089908
-0.0043031257
-0.0090555418
-0.0091396887
-0.0068682553
-0.0049623013
-0.0037042405
-0.0031937836
-0.0030705205
-0.00070452678
0.005159867
0.010220644
0.0096247485
0.0060120123
0.0061851959
0.010077879
0.010501715
0.0050069327
-8.3379709E-005
-0.00036292835
-0.00028513939
-0.0048213517
-0.010757173
-0.011986438
-0.0086949281
-0.0056818854
-0.0050365608
-0.00542772
-0.005619966
-0.0043819891
-9.2654751E-005
0.0056358841
0.0076108109
0.0044454453
0.0021224655
0.0051104305
0.008357726
0.0048129931
-0.0027968541
-0.0058789225
-0.0036041667
-0.0035808214
-0.0088923937
-0.013416137
-0.012029328
-0.0078164618
-0.0059093796
-0.0061793975
-0.005612487
-0.0031379531
0.00088425842
0.0056335675
0.0083898585
0.0068109962
0.003953123
0.0054281149
0.01005183
0.009997718
0.0029046796
-0.0034492116
-0.0029510595
-0.00051085162
-0.0032782189
-0.0086409794
-0.0089669582
-0.0041096732
-0.00085446576
-0.0019690995
-0.0033342161
-0.0013077933
0.0032203142
0.007865943
0.010893044
0.010803207
0.0081454394
0.0067646005
0.0087523907
0.0098645343
0.005400734
-0.0012601883
-0.0028525919
5.9086884E-005
-0.00034620089
-0.0061322292
-0.0098337363
-0.0065048351
-0.001381219
-0.00091307517
-0.0029724529
-0.0017045347
0.0031094369
0.007294965
0.0088694692
0.0083717639
0.0062030777
0.0039139516
0.0043102331
0.0064150766
0.0048504653
-0.0018728122
-0.0074657919
-0.0068838657
-0.0043440745
-0.0063097589
-0.010637507
-0.010262473
-0.0050464747
-0.0018165492
-0.0033063553
-0.0046071042
-0.001586771
0.00345539
0.0064053824
0.0065335906
0.0050561079
0.0029189433
0.0018059296
0.0028812056
0.0033230141
-0.00069412909
-0.0067729973
-0.0083177136
-0.0050134147
-0.0041004373
-0.0085772639
-0.011726459
-0.0079286303
-0.0018154737
-0.00053586729
-0.0026764486
-0.0018499704
0.0028371247
0.0066885115
0.0071608983
0.0058368454
0.0043207472
0.0031281149
0.0031917244
0.0039948681
0.0021906444
-0.0033117216
-0.0074883364
-0.0058537661
-0.0023257998
-0.0037011683
-0.0082052946
-0.0077722557
-0.0014369301
0.0026840838
0.00062376814
-0.0012885852
0.0027435711
0.009013854
0.01097181
0.0085944235
0.0062059746
0.0056044394
0.0058739521
0.0062721348
0.0055071162
0.0018654347
-0.0028323629
-0.0037998604
-0.00078958261
0.00025520916
-0.0033412778
-0.0057908334
-0.0019943668
0.0036625455
0.0041775252
0.0013433213
0.0023760083
0.0076670931
0.010421319
0.0077295923
0.0040624286
0.0032960956
0.0040300214
0.0037190544
0.0018035441
-0.0018741573
-0.0067121019
-0.0093610724
-0.0072633363
-0.0040048687
-0.005202794
-0.0091346502
-0.0086034685
-0.002854839
0.00054828206
-0.0018830519
-0.0036861103
0.00057223882
0.0060015102
0.0053019598
0.00013084836
-0.0024526983
-0.00089420652
0.00040133775
-0.0011902743
-0.0044111251
-0.007658381
-0.009661179
-0.0087500485
-0.0057016676
-0.0047447197
-0.0074345716
-0.0087241922
-0.0042590643
0.0017983789
0.0026475082
-0.0001274925
0.00078890024
0.0060491622
0.0085942633
0.0054663448
0.0021872032
0.0031948239
0.0053221658
0.0040439819
0.00016176901
-0.0030752602
-0.0044638496
-0.003758199
-0.0008517385
0.00169878
0.00035526132
-0.0030271115
-0.0021919168
0.0036760559
0.0075566592
0.0054983939
0.0030981761
0.0060357614
0.010419306
0.0092588682
0.0039335713
0.0016417503
0.0039220317
0.0052631027
0.0024344658
-0.0016261325
-0.0035097196
-0.0032085399
-0.0018640442
-0.000449474
-0.00073007913
-0.0030589756
-0.0038492673
-8.9805646E-005
0.0045980196
0.004218624
0.00017861281
-0.00025315353
0.004143279
0.006226413
0.0022732646
-0.0020189246
-0.0012499481
0.0010581389
-0.0010124611
-0.0061352565
-0.0086813997
-0.0073187477
-0.0050261389
-0.0036778965
-0.0035028604
-0.0048375954
-0.0061506485
-0.0038426451
0.0018569581
0.0048701866
0.0018802404
-0.0014572915
0.0010314692
0.005687363
0.0047247177
-0.00094795221
-0.0032719325
-0.00017580474
0.0016153344
-0.0021115495
-0.0068813604
-0.0072774151
-0.0044107633
-0.0023886687
-0.0024201397
-0.003448749
-0.004327544
-0.0032050645
0.0010175505
0.0052045421
0.0046555395
0.00073383068
0.00024924902
0.0048120441
0.0074119517
0.0035440137
-0.00128487
-0.00073444477
0.002101819
0.0005231073
-0.0044827107
-0.006273333
-0.0031769553
-1.7816574E-005
-0.00010840328
-0.0018060288
-0.0025848311
-0.001450559
0.0018968795
0.0059321555
0.0068425331
0.0035140039
0.0009501102
0.0036383781
0.0076990402
0.0061247195
0.00024453984
-0.0018884395
0.0015562932
0.0034181883
-0.00042772654
-0.0045832465
-0.0033276614
0.0007119276
0.0018699525
8.6056563E-005
-0.00084692927
0.00039613876
0.002738192
0.005471535
0.0071089733
0.0053431224
0.001603467
0.0011479609
0.0049322471
0.006544868
0.0018211034
-0.0038296138
-0.0037002608
-0.00061082159
-0.0018265294
-0.0066272281
-0.0076622148
-0.0032402992
0.00024178851
-0.0013208274
-0.0043160464
-0.0041540004
-0.0012769131
0.0016540225
0.0033220032
0.0027986018
-0.00011743075
-0.0025265664
-0.0013604849
0.00091289752
-0.000860147
-0.0056993468
-0.007113792
-0.0037620293
-0.0021364586
-0.0057165981
-0.0088962652
-0.0062643937
-0.0013350084
-0.00045757301
-0.0030856105
-0.0039471299
-0.0013809254
0.0018426325
0.0035191383
0.0033333476
0.0013718504
-0.00077633699
0.00010428915
0.0039082835
0.0051772473
0.00070038042
-0.0042300392
-0.0030930052
0.0013974495
0.001551214
-0.0025574868
-0.0032945385
0.0015948727
0.0051819133
0.0028561472
-0.0004642359
0.0012255717
0.0060753729
0.0086268885
0.0076988749
0.0056108702
0.0038069161
0.003065974
0.004268907
0.0057388013
0.003879363
-0.00063580152
-0.0021589193
0.0011071182
0.0031704034
-0.00029323649
-0.0042688875
-0.0022759172
0.0029016726
0.0036908402
-0.00015694245
-0.0018096287
0.001507661
0.0051045888
0.0047687553
0.0018826876
-0.00026371566
-0.00040387025
0.0011063089
0.0025118149
0.00069858972
-0.0047853263
-0.0087842094
-0.0066507952
-0.0020692644
-0.0024171793
-0.0070382664
-0.0079425462
-0.0029079204
0.00070194603
-0.0018812319
-0.005048641
-0.0023466819
0.0030702658
0.0040347571
0.00035518056
-0.0024744745
-0.0020295519
-0.00038631505
0.00053519756
-2.2511422E-005
-0.0027811415
-0.0062398575
-0.0062831366
-0.0022383903
0.00025268746
-0.002583757
-0.0057734926
-0.003161293
0.0021772897
0.0027489576
-0.00096343167
-0.0015083742
0.0030518775
0.0062414235
0.0038309817
-0.00012410771
-0.00044443586
0.0020504394
0.0036446061
0.0030052296
0.00064993225
-0.0024714048
-0.0038467303
-0.0012470747
0.0026833951
0.0025824967
-0.0012085459
-0.0021561829
0.0021088489
0.0054418463
0.0031868273
9.6828408E-005
0.0023380858
0.0069926754
0.0068861297
0.0021839717
-0.00053522357
0.0012112145
0.0034235534
0.0029036503
0.00065054913
-0.0016464619
-0.0031084733
-0.0022223666
0.00098272634
0.002417627
-0.00081347395
-0.0042947596
-0.001986841
0.0035904609
0.0045142258
0.00015744136
-0.0018179151
0.0017949893
0.0048235492
0.0023869541
-0.0014769947
-0.0011757569
0.001708754
0.0020816301
-0.00078445353
-0.0037926866
-0.0050091641
-0.0041706651
-0.0014380185
0.00099249475
-0.00034063062
-0.0044354931
-0.0051938947
-0.00042211465
0.0035165236
0.0012181675
-0.0026859164
-0.00094427651
0.0040789577
0.0041378401
-0.0013222737
-0.004445794
-0.0016530261
0.0015722401
0.00012983763
-0.0038621728
-0.0059671085
-0.0052548875
-0.0030892394
-0.00087859581
-0.00057832163
-0.0029749374
-0.0047008535
-0.0018903863
0.0028563952
0.0030481033
-0.0013590892
-0.0030813897
0.00085603388
0.004030175
0.0011697076
-0.0032124717
-0.0024722968
0.0014342685
0.0017310657
-0.0022865271
-0.0050977217
-0.0037528125
-0.0006450346
0.0014293231
0.0017499705
0.00027759338
-0.0016214362
-0.00064563879
0.0038029146
0.0067102811
0.0042114775
0.00062277203
0.0022884072
0.0067331856
0.0061101438
0.00042776548
-0.0019310204
0.0021415092
0.0055830735
0.0028653266
-0.0016924915
-0.001704137
0.0018287137
0.0038911744
0.0032784489
0.0020671892
0.0012737849
0.0014073361
0.0035145152
0.0059951716
0.0047219046
-8.917979E-005
-0.0021999457
0.0012926686
0.0044850754
0.0018035453
-0.002846438
-0.0026561727
0.00082016445
0.00074458419
-0.0034069496
-0.0054469286
-0.0027776891
0.00032448041
0.00012508193
-0.0021069674
-0.0038433478
-0.004231412
-0.0027849523
0.00011917669
0.00138942
-0.0013863728
-0.0048981174
-0.0039116172
-3.4634148E-005
-6.2715117E-005
-0.0047984165
-0.0071021141
-0.0035423711
-0.00024154397
-0.0027495446
-0.0070692562
-0.0065069539
-0.0020723145
0.00015703961
-0.001525646
-0.0036135491
-0.0036431514
-0.0020075589
0.00048590766
0.0023479685
0.0011462581
-0.0022814758
-0.002662268
0.0020138859
0.005649352
0.002659268
-0.0025447498
-0.0019531138
0.0031367547
0.0043439278
0.00012064548
-0.0020200703
0.0018463943
0.0060582468
0.0049291044
0.0010515669
8.0820668E-005
0.002692912
0.005693811
0.0069762389
0.0060232924
0.0031360767
0.00091917114
0.0025270167
0.0059960764
0.0053451136
1.607557E-005
-0.0028595228
0.00058673217
0.0042463378
0.0018091466
-0.0027530934
-0.0018365199
0.0031989694
0.0046236534
0.00096640876
-0.0016074334
0.00030677137
0.0033148916
0.0037131039
0.0017517722
-0.00089083175
-0.0027857861
-0.0021071259
0.00092558376
0.0019473674
-0.0021053986
-0.0069314572
-0.0061725737
-0.0015624565
-0.00064872991
-0.0044819019
-0.005840078
-0.001525307
0.0020217136
-0.00067930389
-0.0053416006
-0.005102071
-0.00074955984
0.0019321275
0.00084891979
-0.0015801134
-0.0032408542
-0.0034054529
-0.0015673743
0.00074046693
-9.2425536E-005
-0.0041041113
-0.0058277128
-0.0022900642
0.0013671867
-0.00035918059
-0.0040812325
-0.0028798829
0.0020607845
0.0032860192
-0.00058352016
-0.0028816096
-6.6184443E-006
0.0034664557
0.0028245533
-0.00024552233
-0.0018019765
-0.0011037296
0.00064453331
0.0024711781
0.0025637795
-0.00035457779
-0.0031862464
-0.0012957164
0.0035764268
0.0045278384
0.00038353165
-0.0018115659
0.0018537646
0.0056201606
0.0035437755
-0.00082024687
-0.00047862428
0.0038824722
0.0057840296
0.0031321917
-3.5306046E-005
-0.00053672539
0.00080739765
0.0022655746
0.0027678222
0.0011945351
-0.0017471525
-0.0022840104
0.0013558251
0.0044914624
0.0021193963
-0.00236033
-0.0015400479
0.003876694
0.0056379852
0.0013300973
-0.0017389817
0.0011916542
0.0048303544
0.0030976154
-0.0014159702
-0.0026649586
-0.00030965803
0.0016501864
0.0012900985
-0.00064656371
-0.0030638275
-0.004019185
-0.0015491578
0.0021581843
0.0017430661
-0.0030497066
-0.0053214869
-0.0013734951
0.0027007747
0.00044869247
-0.004345349
-0.0038529418
0.00098368828
0.0022682671
-0.0020478314
-0.0056172116
-0.0041853744
-0.0010578911
-0.00054003304
-0.0023029619
-0.0041558314
-0.005108892
-0.0042415969
-0.0013788634
0.00036109018
-0.0020732705
-0.0055097742
-0.0039619585
0.0013825007
0.0028744156
-0.0013926541
-0.0041261977
-0.00075666705
0.0032093329
0.0016128808
-0.0025165349
-0.002618232
0.00094478822
0.0026040792
0.00061222882
-0.0017171029
-0.0018937225
-0.00029134937
0.0021890583
0.0041723666
0.0033303984
1.6533248E-005
-0.0010512423
0.0027192726
0.0065518715
0.0049660513
0.00082004274
0.0010222055
0.0051357201
0.0060699377
0.0019463141
-0.00084394688
0.0017574141
0.0052833306
0.0044544651
0.00088976749
-0.00074825954
0.00048794461
0.002548967
0.0039867074
0.0037456746
0.0011260648
-0.0014134186
0.000214207
0.0048026242
0.0056765657
0.00073465786
-0.0032045422
-0.00078909285
0.0031358625
0.0015558698
-0.0031853574
-0.0037173249
-1.6249395E-006
0.0011729681
-0.0023691726
-0.0054377289
-0.0042985068
-0.0012333724
0.000444351
0.00010780756
-0.0019283798
-0.0047113737
-0.0052922112
-0.0020891256
0.00094634265
-0.001002038
-0.0053652911
-0.0051895371
-0.00051518489
0.001031685
-0.0032872683
-0.0064919307
-0.0033233997
0.0011124348
-0.0001311027
-0.0048591485
-0.0060367249
-0.0026767012
0.00031873351
0.00029945635
-0.0012482107
-0.0027086688
-0.0030082257
-0.00074647157
0.0027994697
0.0030035279
-0.0011863563
-0.0036545512
3.6698399E-005
0.0046608243
0.0031240913
-0.00184083
-0.0020917372
0.0025248837
0.0043456582
0.00080338796
-0.0018608287
0.00082020776
0.0050690155
0.0056865239
0.0031605463
0.00092167233
0.00046864001
0.0018440149
0.0045527495
0.0060128667
0.0035803339
-0.0002652347
1.7479791E-005
0.0040579438
0.0050308779
0.00069787662
-0.002243191
0.00089963689
0.0047324453
0.0027079852
-0.0020514925
-0.0021544239
0.0022552034
0.0046363338
0.0025597562
-4.7234644E-005
-0.00017841648
0.001093226
0.0022872225
0.0028116007
0.0012852743
-0.0023262978
-0.0041293688
-0.0012460707
0.0021979569
0.00025950756
-0.0049187676
-0.0057234792
-0.0013908712
0.00067949569
-0.0025984272
-0.005013187
-0.0018526083
0.0023307845
0.0014870809
-0.0026844179
-0.0045150528
-0.0027813599
-0.00042699138
0.00055731967
-0.00019708334
-0.0027154519
-0.0050942553
-0.0040355586
-0.00023730201
0.00085100217
-0.0028042127
-0.0056262566
-0.0029059972
0.0012189138
0.00028329878
-0.003751857
-0.0037155664
0.00086764153
0.0031790498
0.00028891143
-0.0028053687
-0.0017511365
0.0012244214
0.0021721846
0.00083742396
-0.0010196306
-0.0022347646
-0.0014606529
0.0017386992
0.003955951
0.0013412272
-0.0032773067
-0.0029537824
0.0024191982
0.0050180065
0.001471932
-0.0015874213
0.0013483004
0.0055654934
0.0042229728
-0.00052267278
-0.0015753635
0.001992608
0.0048412159
0.0039778254
0.0014277931
-0.00032509264
-0.0005145045
0.0011763962
0.0036486988
0.0036154457
0.00012399208
-0.0021932137
0.00058751379
0.0044678561
0.0030301458
-0.00176179
-0.0021246155
0.0027891493
0.0053099305
0.0017891026
-0.0017477436
0.00014588858
0.0039547998
0.0038053656
0.00044060085
-0.0015113032
-0.0007504113
0.00084890414
0.0019364743
0.0014689597
-0.0015254343
-0.0048790923
-0.0041724369
0.00025790406
0.0020794286
-0.001539194
-0.0047080535
-0.0021174296
0.0019620475
0.00063992094
-0.0040673767
-0.0046428177
-0.00041671703
0.0018360919
-0.0010505376
-0.0046800016
-0.0048864218
-0.0028826427
-0.0013379313
-0.00098475558
-0.002198468
-0.0047686142
-0.0056398301
-0.0022895776
0.0016492081
0.0004017656
-0.0042456621
-0.0046108295
0.00055477989
0.0034986667
-2.9972181E-005
-0.003834038
-0.001679507
0.0026468651
0.00216745
-0.0020482892
-0.0035830832
-0.00092853419
0.0017217032
0.0017032701
5.6908673E-005
-0.0017794335
-0.0025240656
-0.00029229789
0.0041574603
0.0059504835
0.002714749
-0.00043452307
0.0017773793
0.0058434755
0.0049262559
0.00049932831
6.6240558E-005
0.0044022258
0.0061798161
0.0021414347
-0.0019288566
-0.00079796818
0.0029250581
0.0042686197
0.0027890208
0.00087652315
-0.00010261858
0.00056524901
0.0030462113
0.0048136329
0.0027542608
-0.0010505869
-0.00085907726
0.0035483302
0.0053040031
0.0011638773
-0.0027159571
-0.00059669098
0.0034217825
0.0023425266
-0.0023074045
-0.0035308655
-0.00031671659
0.0016320535
-0.00052659935
-0.0035307929
-0.0042487802
-0.0030543208
-0.00098909752
0.0010245608
0.00063243567
-0.0029767575
-0.0055833254
-0.0030862584
0.0011369241
0.00047295226
-0.0041915379
-0.0054978975
-0.0017194427
0.00037130926
-0.0030643074
-0.0065309401
-0.0044311699
-7.4599513E-005
0.0001581625
-0.003301224
-0.0051128184
-0.0033646079
-0.0005863799
0.0010991493
0.0011817515
-0.00061528955
-0.0027646639
-0.0017677307
0.0023723785
0.0041016755
0.00037195274
-0.0034111973
-0.0013404884
0.0031670006
0.0027608946
-0.0017263883
-0.0028682938
0.00095116498
0.0032873233
0.00053377025
-0.0027753382
-0.0017935729
0.0019452395
0.0043755695
0.0043160734
0.002621992
0.00039715788
-0.00012483599
0.0026856223
0.0058888877
0.0046248105
6.7692679E-005
-0.0011279888
0.0026104867
0.0046439446
0.0010558419
-0.0024347487
8.0281185E-005
0.0046795304
0.0041394271
-0.00032361879
-0.0016891961
0.0015560174
0.0043173153
0.0035476084
0.0013073198
-8.98902E-005
-0.0002411467
0.0012518837
0.0036998875
0.0036652186
-0.00042129282
-0.0038108102
-0.0014916451
0.0031688092
0.002783065
-0.0021855191
-0.003936423
-0.00018743005
0.0021711932
-0.001161359
-0.0048667565
-0.003127787
0.0012356824
0.0020788035
-0.00087182329
-0.0034663645
-0.0037767554
-0.0025482629
-0.00050657301
0.00075008196
-0.0012112969
-0.0051002577
-0.0056701968
-0.0017532026
0.00063389802
-0.0024017703
-0.0057878364
-0.0036307205
0.000754309
0.00024566401
-0.0041069053
-0.00494859
-0.00082639907
0.0020254862
8.6163651E-005
-0.002982724
-0.0032508122
-0.0014286409
0.00038688153
0.0014084637
0.00062047126
-0.0022686387
-0.003852678
-0.00073831447
0.00367334
0.0028607757
-0.0021493884
-0.0035036132
0.00090673502
0.0039464324
0.0012295359
-0.0016906053
0.00097940536
0.0056027421
0.005442624
0.0012928511
-0.00081011612
0.0011381606
0.0040126466
0.0051711993
0.0043024262
0.0017789264
-0.00071353087
-0.00012776446
0.0034110956
0.004831634
0.0013025273
-0.0021577224
0.00013029692
0.0049225632
0.0047966931
0.00031999708
-0.00085326843
0.0033262258
0.0061455304
0.0033309259
-0.00055394211
-0.00016533413
0.0027801616
0.0036151526
0.0015881027
-0.00099024689
-0.0025275063
-0.0021703851
0.00027556458
0.0021709593
-7.5572905E-005
-0.0048418837
-0.0058576432
-0.0015786187
0.0015453179
-0.00095939776
-0.0042770002
-0.0024533768
0.0015115951
0.00075209793
-0.0039483611
-0.005551321
-0.0020647866
0.0011196729
5.5825163E-005
-0.0031730041
-0.0051754601
-0.0050701755
-0.0031627787
-0.00061168906
-0.00034494311
-0.0036070524
-0.0062440038
-0.0037076692
0.00110062
0.0013372274
-0.002790933
-0.0039575202
0.00030448136
0.0033700461
0.00041226242
-0.0037214791
-0.0026615378
0.0013751794
0.0019571984
-0.0012948093
-0.0033314293
-0.0019393549
0.00057888316
0.0021634935
0.0022920205
0.00043092098
-0.0022154814
-0.0018072336
0.0026403037
0.0057891891
0.0033489561
-0.00039007934
0.001050348
0.0054645264
0.0054205013
0.00083403086
-0.0007719791
0.0032072028
0.0064273551
0.00409838
-0.00014568986
-0.00095800881
0.0013074662
0.0032037911
0.003301017
0.0018471907
-0.00046548879
-0.0012994915
0.0014773906
0.0051383404
0.004351378
-0.00022691544
-0.001676556
0.0023671393
0.0053288066
0.0022139091
-0.0020813262
-0.00098776072
0.0028908818
0.0026169296
-0.0015108315
-0.0031914229
-0.00061770016
0.0017828614
0.0010752357
-0.0012566942
-0.00339992
-0.0045631123
-0.0032621077
0.00037350479
0.0020316872
-0.0013463432
-0.0053815139
-0.0039970367
0.00049041712
0.00061667996
-0.0038357424
-0.0052905022
-0.0011461094
0.0017412311
-0.0015473976
-0.0060851793
-0.0054090386
-0.0013099724
0.00026966576
-0.0017355282
-0.0039637233
-0.0043905894
-0.0030505776
-0.0002392451
0.0021140033
0.00085322373
-0.003016541
-0.0037539334
0.00044461619
0.0033671011
0.00025504059
-0.0039698239
-0.0024218713
0.0023814798
0.0027440283
-0.0015905863
-0.0034720462
-0.00012074083
0.0031432253
0.0019620799
-0.0011468178
-0.0019624166
-0.00012195976
0.0025558618
0.0046800738
0.0046137096
0.0017039605
-0.00074454583
0.0012641746
0.0054386877
0.005411128
0.0010050212
-0.00070847583
0.0030538877
0.0057975692
0.0024640171
-0.0020161287
-0.0008430052
0.0037544002
0.0047818841
0.001519592
-0.00076291314
0.0005056645
0.0029886474
0.0043133195
0.0040402217
0.0020727739
-0.0004567765
-0.00039413397
0.0029325034
0.0046768333
0.0010568196
-0.0035346281
-0.0024526617
0.0022457978
0.0026272605
-0.0021968032
-0.0046731122
-0.0013780234
0.0016627024
-0.00068089232
-0.0046380078
-0.0043833703
-0.00084917614
0.0011718052
0.00017506669
-0.0021531365
-0.0043421672
-0.0048715961
-0.0023211923
0.0011820096
0.00082588533
-0.0035231535
-0.0056164237
-0.0022638135
0.00095102139
-0.0014493661
-0.0055478872
-0.0044209221
0.00026662779
0.0010683093
-0.0030542316
-0.0055683204
-0.0029942845
0.00069654058
0.0011929857
-0.00074445299
-0.0023687941
-0.0024650255
-0.00069289753
0.002147278
0.0028381138
-0.00053916353
-0.0038701722
-0.0017443055
0.0033784383
0.0038062707
-0.0011019221
-0.0033958135
0.0005868696
0.0042163068
0.0017216898
-0.0023766849
-0.0010989457
0.0038046145
0.0054875189
0.0026875956
-5.5172794E-005
-4.6082965E-005
0.0017087448
0.0039499798
0.005375396
0.0038557646
4.4050448E-005
-0.0011712848
0.002387292
0.0053610713
0.0026288019
-0.0018669702
-0.0010143867
0.0037247112
0.0046280404
0.00048592148
-0.001659035
0.0016889733
0.0052057179
0.0038464395
0.00022033633
-0.00070458243
0.0011940777
0.0028848816
0.0028109541
0.00087780174
-0.0023655854
-0.0042541171
-0.0019617374
0.0020828219
0.0018467716
-0.0030035495
-0.0054112221
-0.0017747103
0.0019338076
-0.00016052549
-0.0041324231
-0.0029886747
0.0016165916
0.0023234198
-0.0019697787
-0.0050658085
-0.0034365805
-0.00014459138
0.0010883946
-0.00012416694
-0.002710995
-0.0050817085
-0.0046662302
-0.0011310306
0.0010873661
-0.0016129258
-0.00547736
-0.0043071746
0.0004077456
0.0013420943
-0.0027008175
-0.0046399506
-0.00080410973
0.0030470444
0.0012056644
-0.0030722423
-0.0033526414
0.0001245022
0.0020861977
0.00055568921
-0.0018431133
-0.0028490971
-0.0021318293
0.00021679112
0.0026054166
0.0017982927
-0.0020613258
-0.0034818412
0.00059233618
0.0047556129
0.0029639762
-0.0013478784
-0.00062901451
0.0041361125
0.0050429576
0.00057600456
-0.0019706623
0.0014755274
0.0058338451
0.0055093989
0.0019527312
-0.0003799829
