0.22283235
0.20822996
0.49182007
0.39206335
0.06496565
-0.036791541
-0.057706408
-0.19051121
-0.22833399
-0.10082691
-0.0041462397
0.029719174
0.074962616
0.086054526
0.065381505
0.088766165
0.11865319
0.11225037
0.13137622
0.15957344
0.10568644
0.0112631
-0.030494912
-0.045184612
-0.073239833
-0.083847225
-0.063705765
-0.022519041
0.037404153
0.067274176
0.030739538
0.00093854091
0.024032684
0.019012675
-0.028442927
-0.011015286
0.057025962
0.045145765
-0.026959755
-0.046260014
-0.04640162
-0.10004416
-0.13704517
-0.095588833
-0.046495326
-0.036957465
-0.023632355
0.0037819531
0.011668741
0.0027382313
-0.001679462
0.0042599905
0.020612376
0.029816965
0.018029008
0.016976528
0.041093014
0.041228082
0.0069462112
-0.0024155127
0.018561332
0.011568251
-0.028355824
-0.057325639
-0.065097921
-0.066360794
-0.066392958
-0.065060005
-0.051095325
-0.015901802
0.014966327
0.01862279
0.018116262
0.030420698
0.02886243
0.0054756124
-0.0049746362
0.0051222094
0.0016153652
-0.022047337
-0.035638444
-0.032744773
-0.032808989
-0.03074415
-0.0043346118
0.038131047
0.064342014
0.064336553
0.05814027
0.058165442
0.050960388
0.028467534
0.0087274434
0.004903927
0.006574722
0.006869507
0.0097704567
0.0080736605
-0.0055937045
-0.014381533
0.0011054107
0.02988098
0.044350788
0.036588918
0.023968844
0.020739937
0.019936886
0.012958594
0.0086780936
0.014399666
0.016205652
0.0015536963
-0.0140992
-0.0113946
-0.0054728645
-0.023092575
-0.050753623
-0.052451726
-0.030841101
-0.019065544
-0.022913413
-0.022694699
-0.016733447
-0.01709778
-0.022100618
-0.025126038
-0.026768768
-0.027126616
-0.028680321
-0.032606017
-0.023162706
0.0060826042
0.027070204
0.029375019
0.047050323
0.081886992
0.083579682
0.047960661
0.02676931
0.02111138
-0.0086226026
-0.039453346
-0.02686784
-0.0047695595
-0.017782804
-0.029057162
-0.0031170759
0.018676732
0.0060153813
-0.0061139408
0.00091501971
-0.0024712835
-0.02445
-0.035894573
-0.025427438
-0.011677824
-0.010081816
-0.018780414
-0.025665976
-0.023637781
-0.02332487
-0.033120934
-0.035667706
-0.018474247
-0.0046590944
-0.01451622
-0.031846244
-0.037616506
-0.034530457
-0.026664302
-0.012142538
0.008971435
0.033715211
0.047240216
0.032985907
0.0085404404
0.0061465376
0.016999045
0.017349852
0.021722747
0.042757344
0.052990746
0.04068806
0.032153111
0.033234026
0.025726128
0.016451644
0.021729615
0.032382131
0.038380511
0.044029329
0.044119816
0.031491552
0.016651688
0.0067918515
-0.003842385
-0.012451076
-0.013296717
-0.011008711
-0.0044848733
0.009820722
0.017808083
0.0097370371
0.0011867472
0.0021656607
0.00093893893
-0.0080971336
-0.017139181
-0.022236479
-0.025264377
-0.031014387
-0.042216983
-0.048671428
-0.041381288
-0.032132652
-0.030909281
-0.027342139
-0.016686687
-0.0078152819
-0.0014238296
0.0028169062
-0.0020663345
-0.0083983196
-0.0036541021
0.00088457839
-0.0037928908
-0.0044577047
-0.0029547475
-0.011518983
-0.011205199
0.0091792895
0.014418221
-0.0072977976
-0.015452431
-0.0018318749
-0.0032381301
-0.019445322
-0.017285036
0.001445862
0.011659682
0.010439541
0.0093965475
0.013306785
0.015155804
0.0037088438
-0.011114617
-0.0064508151
0.0058117076
-0.0017871365
-0.012817614
-0.0040409882
0.0012236938
-0.0096140653
-0.0071312031
0.0092004901
0.010727338
0.0077670696
0.018075408
0.021327941
0.014875906
0.021191536
0.022372682
-0.0018845721
-0.013650687
0.005636273
0.01248767
-0.00075726531
0.0046145581
0.016683711
0.0023167098
-0.010740574
0.0039405278
0.012526011
-0.0020810845
-0.0084090065
0.0016587579
0.0076366295
0.012035323
0.023895042
0.032358844
0.03352626
0.035493135
0.036061291
0.032088909
0.026004659
0.011441404
-0.011087588
-0.023097379
-0.023322754
-0.028445063
-0.031536885
-0.020992663
-0.016290573
-0.026496965
-0.027552865
-0.01705274
-0.01709252
-0.020734115
-0.012908953
-0.01049332
-0.022625607
-0.031309638
-0.034653518
-0.040255517
-0.03349879
-0.011074877
0.0029278444
0.0047068577
0.012135145
0.02282287
0.02618598
0.027176036
0.027192695
0.021598397
0.01538149
0.0089533413
-0.002797167
-0.0074329921
0.0036420971
0.0088885967
-0.0036389309
-0.012730202
-0.0085625881
-0.0052422313
-0.0034141978
0.0063089337
0.016093342
0.013657985
-0.00012144647
-0.017774906
-0.026631955
-0.014735551
0.0072689117
0.014218041
0.0045676138
0.00029247685
0.0084727192
0.016345318
0.020115387
0.025639961
0.030764969
0.033437341
0.036370926
0.031947799
0.015787784
0.0047253584
0.0025518599
-0.013343462
-0.037486095
-0.036100406
-0.019341612
-0.025367716
-0.040316392
-0.029599341
-0.010206742
-0.0075018299
-0.0050097634
0.0075513115
0.014814882
0.019432332
0.03128707
0.037391122
0.033044308
0.030794168
0.023494188
0.0010765913
-0.016736271
-0.01847166
-0.025410177
-0.046405822
-0.062840343
-0.063720196
-0.051731475
-0.032585658
-0.018241094
-0.010956958
0.0046057971
0.026046915
0.030580269
0.023313683
0.029173333
0.038398802
0.02679801
0.010507307
0.014064376
0.018565239
0.0021577678
-0.01319139
-0.0073472327
-0.0024939682
-0.015634092
-0.024490535
-0.012536244
0.0026542617
0.0055559142
0.0034698057
0.0030277434
0.0012673481
0.00054096308
0.0054967296
0.0096630054
0.0048389658
-0.0037227166
-0.0069716079
-0.0079842154
-0.014091723
-0.020870961
-0.018121149
-0.0066745463
0.0031319119
0.0060403692
0.0060270987
0.0088501237
0.015751315
0.023157639
0.025674088
0.020432143
0.01187507
0.0087379226
0.010941128
0.0089823892
0.0036676885
0.0080184238
0.01951718
0.018410422
0.0064200922
0.0087567037
0.022826925
0.01658899
-0.0071744402
-0.011754364
-0.00071371638
-0.0099598151
-0.029376423
-0.022405023
-0.002855639
-0.0048975884
-0.015565557
-0.0097857015
-0.00081392529
-0.0058702012
-0.015286645
-0.019432724
-0.020489769
-0.018344857
-0.01548081
-0.016408756
-0.012362928
0.0020703205
0.0089787468
-0.0022402999
-0.012918404
-0.0090509867
-0.00011370928
0.0051411106
0.0067226789
0.0039077313
-0.00086808729
-0.0050353655
-0.01201742
-0.016421692
-0.007816378
0.0010653876
-0.0055542015
-0.0079400856
0.0098392749
0.019620877
0.0080488352
0.0079366397
0.024150338
0.020652615
0.0022366354
0.0071619744
0.028631842
0.035316721
0.031641435
0.030952778
0.024047088
0.0097706141
0.0012483929
-0.0020707676
-0.0059116189
-0.0058992114
-0.0039836438
-0.008016265
-0.013817778
-0.016759446
-0.021897085
-0.02544231
-0.018086653
-0.0074936887
-0.0034100811
0.0024987464
0.01366772
0.016900605
0.010728427
0.0077421437
0.0074405642
0.0035834587
0.0020320143
0.0016984598
-0.0097326655
-0.02534364
-0.02816401
-0.026521266
-0.031997357
-0.029227458
-0.012223854
-0.004916436
-0.013951361
-0.017333157
-0.012229562
-0.015766855
-0.023275953
-0.016688904
0.00034782759
0.011888162
0.016772721
0.024460822
0.035140522
0.038077559
0.031086748
0.027603516
0.031039553
0.024292875
0.0046237367
-0.0058670896
-0.0028136391
-0.0053228023
-0.011062933
-0.0022808886
0.010039718
0.0072710989
0.0038874662
0.014081879
0.020530883
0.015420812
0.015926549
0.020480882
0.011396729
-0.003358287
-0.0064052902
-0.0049665067
-0.0093154097
-0.012152017
-0.010249984
-0.012470054
-0.019973546
-0.023645073
-0.020825511
-0.019233245
-0.021979386
-0.019110294
-0.0052677142
0.0062966892
0.0074445228
0.011182472
0.019142834
0.010448492
-0.012780678
-0.020775907
-0.011564192
-0.010810852
-0.01909853
-0.018630834
-0.011659424
-0.0065440331
0.00038924909
0.0074831918
0.010228365
0.015088404
0.021521196
0.018801637
0.0122382
0.01458936
0.020236949
0.020211916
0.01862511
0.017079903
0.011781831
0.0058705606
0.0025922197
-0.00044446948
-0.0028731159
-0.0054081711
-0.013144289
-0.021388222
-0.0193791
-0.011839133
-0.009598488
-0.006466365
0.0050414419
0.011872698
0.0040872958
-0.0038540552
-0.0026034086
-0.0063536987
-0.019725528
-0.025421752
-0.017963342
-0.0091291489
-0.0012267658
0.0082540307
0.012145652
0.0097350068
0.0091788052
0.0067277444
-0.0023055351
-0.006432456
-0.0033216397
-0.0083140284
-0.018560866
-0.01655894
-0.0095531708
-0.011773462
-0.0087159825
0.010839716
0.026556799
0.026655864
0.025836838
0.028026657
0.024457844
0.021772414
0.026072171
0.024791252
0.013888997
0.0051041082
-0.0012525048
-0.010042425
-0.013152311
-0.0096972315
-0.011536888
-0.015768774
-0.012637535
-0.0099992594
-0.01298466
-0.01048872
-0.003844436
-0.0062102387
-0.012228259
-0.011508089
-0.012518803
-0.018405117
-0.014479774
-0.0012176527
0.0028023382
-0.0027852762
-0.00379039
-0.0035716314
-0.01122788
-0.015508003
-0.0053935465
0.0058051511
0.0041610347
-0.0010357082
0.0025387073
0.0089236517
0.0086556533
0.0063052285
0.010428515
0.018323738
0.021464026
0.019651048
0.018297613
0.014960154
0.0050794883
-0.0026866163
0.0010753362
0.0075869216
0.0070373588
0.0069948887
0.012703009
0.014512912
0.0094423695
0.0064389338
0.0052335346
-0.0017164339
-0.010363773
-0.012255562
-0.0097210882
-0.007519538
-0.0048982673
-0.0038140519
-0.0079494203
-0.013331288
-0.014169717
-0.011650936
-0.0082010273
-0.0036687895
-0.00078436983
-0.0037325176
-0.011351242
-0.018713152
-0.022607986
-0.021861574
-0.015900178
-0.0060237041
0.0025168287
0.0034214465
-0.0016681151
-0.0030767363
0.0015091165
0.0037863047
0.0032276465
0.0085822074
0.017331965
0.018671682
0.015262405
0.016132416
0.016176408
0.0069987522
-0.004493386
-0.0082642147
-0.0065363841
-0.003216689
0.0043429704
0.01399175
0.016361248
0.0092695076
0.0019109462
0.0019713887
0.0057073855
0.0044405549
-0.0017788861
-0.0053695235
-0.0051228516
-0.0053448328
-0.0044743973
-0.00060278206
0.00032136292
-0.0035519188
-0.0037154898
0.0026280656
0.0072785295
0.0070536789
0.0072064609
0.0078648916
0.0039249971
-0.0026382811
-0.0044959304
-0.0018862491
-0.0025953106
-0.0082121389
-0.010322331
-0.0047940006
1.5126712E-005
-0.0028930653
-0.0076946351
-0.0077140941
-0.0063875052
-0.0065646693
-0.0042354465
-0.0008341982
-0.0036384754
-0.009980673
-0.010359203
-0.0054166266
-0.0021699229
-0.0012371636
-0.00085579476
-0.0016592589
-0.0017012659
0.00078261859
0.0021328134
0.00014409513
-0.0027343137
-0.0061237025
-0.0099770203
-0.010179678
-0.0055946098
-0.0004381258
0.0039748657
0.008923701
0.012399185
0.012304869
0.0097111929
0.0058901142
0.0024138857
0.0021709616
0.0059973728
0.01178707
0.01694545
0.018562658
0.014531051
0.0069859349
0.00099663716
-0.0017255682
-0.0044275913
-0.0085156681
-0.0099683786
-0.0070436979
-0.0037777154
-0.00041519746
0.0069499919
0.013252396
0.0093714539
0.0017893289
0.0045418511
0.013336121
0.013740823
0.0083708931
0.0077601927
0.0069907093
-0.00099944964
-0.0071726721
-0.0040229904
0.00032610283
-0.0010343697
-0.0044934684
-0.00613866
-0.0051509193
-0.0027897952
-0.0034068511
-0.0070891092
-0.0084176324
-0.009218961
-0.015227905
-0.020985318
-0.019381652
-0.015529716
-0.013532453
-0.0091850404
-0.0041898368
-0.0034295171
-0.0024191013
0.00081890955
0.00025172695
0.00051150669
0.0097032562
0.016152369
0.0091021229
0.002699889
0.0064097974
0.0061546988
-0.0030261001
-0.0070185764
-0.0030397468
-0.001730485
-0.0044188802
-0.0053701838
-0.0035673534
-1.6808561E-005
0.0032123327
0.0025000593
-0.00024759775
0.0004713524
0.00323065
0.003090526
0.0014060208
0.0021109481
0.0042776051
0.0041027116
0.00013009518
-0.0049165413
-0.0072327782
-0.0067078769
-0.0049662287
-0.0012780909
0.0037437226
0.0063078795
0.0059836949
0.0066811158
0.0098675974
0.013264934
0.014853491
0.013621808
0.0082926089
-0.00025747874
-0.0058203125
-0.0029915776
0.0029626884
0.0028237759
-0.0009609327
0.00058067992
0.0057223402
0.0059114425
0.0013900807
-0.0019282033
-0.0037199741
-0.0056763045
-0.0057001635
-0.0028933103
0.00011712823
0.0015131781
0.0010302591
-0.00044811875
0.00017662378
0.0036651967
0.0048872028
0.00095745909
-0.0031423355
-0.0038374839
-0.0044528963
-0.0059514381
-0.0040603532
0.00044881404
0.0015277372
-0.00094080478
-0.0022216563
-0.0024964474
-0.005248744
-0.010694433
-0.016385019
-0.019356042
-0.017459977
-0.012484655
-0.0084735937
-0.0050721411
0.0006189656
0.005926704
0.0066176807
0.0062140776
0.0091701085
0.01116374
0.0085960077
0.0076171872
0.011951196
0.014266988
0.0099924104
0.0057508163
0.0055605425
0.0043651727
0.0015562696
0.0027780957
0.0053775441
0.0021787114
-0.0025974428
-0.0013153892
0.0015215438
-0.0011186956
-0.0061545433
-0.0086927572
-0.0094411075
-0.0091064777
-0.0067249686
-0.0034373312
-0.0011129619
9.5737632E-005
0.00055784773
0.0005617452
0.00053718768
0.00056540105
0.00057443895
0.00029451729
-0.001063737
-0.003822037
-0.0072619589
-0.0097259507
-0.0091113402
-0.0061304858
-0.0048231985
-0.0055616088
-0.0037855594
0.00067971041
0.0027559255
0.0021366172
0.0035609833
0.0073888535
0.0086625041
0.0054667578
0.0032687152
0.0083564511
0.017261749
0.019131623
0.012470185
0.0084778303
0.010766515
0.008346024
-0.0016088709
-0.0057677915
0.00010866535
0.003304898
-0.00025724212
-0.00016190142
0.0049770861
0.0055610468
0.0013738557
-7.1434115E-005
0.00018641188
-0.0036670547
-0.010076978
-0.013370029
-0.012139386
-0.0095029026
-0.009199826
-0.011941087
-0.015002221
-0.015873777
-0.014017354
-0.010307246
-0.0075247926
-0.0068991752
-0.0041950177
0.0026934382
0.0073295906
0.0059777065
0.0046390817
0.0059278309
0.0043669287
0.00012709883
-0.00026962545
0.0025924135
0.0035564157
0.0041790917
0.0077304374
0.010989269
0.010815931
0.0095431386
0.008492684
0.0059131659
0.0033561073
0.0045550447
0.0075097769
0.0062195556
0.00039443627
-0.0039897943
-0.0043031108
-0.0043995879
-0.0063774134
-0.0067640333
-0.0047762124
-0.0054134033
-0.0091635725
-0.0098294728
-0.0067848791
-0.005841746
-0.0066975658
-0.0040187608
0.00094305701
0.0026500276
0.0010541277
0.00010589366
0.0013513364
0.0036192676
0.0052533476
0.0055135787
0.0050061168
0.0040594735
0.0028112039
0.0034167748
0.0069165123
0.0093475878
0.0079164021
0.0058425106
0.0046690623
0.0017426318
-0.00081334758
0.001629296
0.005060941
0.0027873449
-0.0021164373
-0.0039640851
-0.0050831963
-0.00759891
-0.0067232721
-0.0014682508
0.0015640212
0.00086660293
0.0021543405
0.0055228742
0.0049633952
0.00071552006
-0.001131125
1.0620347E-005
-0.00073475414
-0.0043907561
-0.0073154811
-0.0078028371
-0.0076641873
-0.0080676023
-0.0074431249
-0.0047087953
-0.0021683313
-0.0019658068
-0.0023334925
-0.0012433348
0.0001323636
0.00016066115
-0.0015937997
-0.0045727352
-0.0056799646
-0.0029467531
-0.0006596403
-0.0019739161
-0.0021132536
0.001372276
0.0028214692
0.00042239812
-0.00030524947
0.0017779727
0.0020997634
-0.0003982959
-0.0028769129
-0.0032239216
-0.00060699944
0.0035990835
0.0061943978
0.0062218108
0.0047830171
0.0022200353
-0.00029396001
-0.0011257594
-0.0010752986
-3.8293427E-005
0.0041515012
0.0088340687
0.0090159206
0.0075122705
0.0090158461
0.0094571244
0.005018407
0.0004300104
-0.0016940029
-0.0044775624
-0.0066751363
-0.0048390715
-0.0015735767
0.00026202388
0.002169471
0.0038282147
0.0036841265
0.0036657944
0.0041619102
0.0021021632
-0.001258962
-0.0013707594
0.00056238432
-8.0477323E-005
-0.0027787879
-0.0035796186
-0.0017042683
0.00021646076
-6.9739144E-005
-0.0019583269
-0.0027761883
-0.0018432608
-0.0019468998
-0.0043913419
-0.0059552272
-0.0039776172
-0.00051780004
0.0021023205
0.0052209944
0.0090530114
0.0098683322
0.0064158258
0.0021161253
-0.0016666487
-0.006075128
-0.0090132356
-0.0081983833
-0.0066446881
-0.006999691
-0.0069371397
-0.0058425516
-0.0061686686
-0.0059512542
-0.0024305466
-0.00034964349
-0.0028264525
-0.0030378203
0.0015374023
0.0024219698
-0.0017699306
-0.0018079762
0.0024579712
0.0024052742
-0.00047660794
0.0016986252
0.0063629211
0.0058582821
0.0019075214
0.00079232809
0.0014980406
-0.00086570164
-0.0049721785
-0.0052766018
-0.0018915616
-0.00015908905
-0.00079004245
0.00015302612
0.001876816
0.00082849746
-0.00012512888
0.0029725216
0.006352996
0.0064542261
0.0065511959
0.0078074718
0.0069535566
0.0051765796
0.0057376386
0.005933736
0.0027675261
-0.00047573901
-0.00053188892
0.001307032
0.0032148759
0.0041784742
0.0029065092
-8.5826992E-005
-0.0019683703
-0.00064171851
0.0026430904
0.0035327149
-0.00020862505
-0.0044534607
-0.0049720891
-0.0041656685
-0.0049164905
-0.0049954928
-0.0037177561
-0.0043208194
-0.0061124419
-0.0054566613
-0.0040388154
-0.0048307204
-0.0047412245
-0.001492471
0.00031385612
-0.0018748759
-0.0032799258
-0.0010540744
0.00090610841
-0.00010104269
-0.0011995281
0.00017220389
0.0020575065
0.0016703084
-0.00039558968
-0.0015498537
-0.0011542261
-0.0011494019
-0.00242552
-0.0027738833
-0.00058120844
0.0019439057
0.0020487045
0.00017570723
-0.0015450825
-0.0017884778
-0.0006751701
0.00024767741
0.00022386514
0.0013243603
0.004555821
0.0063958419
0.0047065904
0.0034195876
0.0051825913
0.0063954801
0.0052035195
0.0051373248
0.0069787726
0.007373638
0.0059258221
0.0043013347
0.0019739189
-0.0012095865
-0.0042915358
-0.0075330501
-0.0097814007
-0.008429138
-0.0051951446
-0.0040760101
-0.004339417
-0.0035510459
-0.0027729506
-0.0026176607
-0.0013247312
0.00038876431
0.00046358965
0.00053181977
0.0023284722
0.0031600718
0.0011421033
-0.00083615608
-0.00065069401
-0.00019384988
-0.0004070396
0.0007856256
0.0034904939
0.0048345579
0.0044464092
0.0043083755
0.0032026747
-0.00051947666
-0.0031634129
-0.0019086892
-0.0008390529
-0.0022691623
-0.0020548948
0.00044253236
0.0005823485
-0.0012947378
-0.00093917758
0.00088056887
0.0013236783
0.0014317562
0.0024012297
0.0031700141
0.0035153769
0.0032604407
0.0012130023
-0.0014761531
-0.0024573284
-0.0026867886
-0.0039309245
-0.0050942134
-0.0052403468
-0.0051373574
-0.0045715431
-0.0033380813
-0.0026854218
-0.0020392099
0.00037397072
0.0025417258
0.001646455
-0.00032088463
-0.0014622516
-0.0040640542
-0.0074804719
-0.0069088307
-0.0031977214
-0.0021008726
-0.003390521
-0.0024735404
0.00028920406
0.0016364439
0.0017203919
0.0025018172
0.0047411043
0.00789472
0.0096653597
0.0079035852
0.004299304
0.0023044478
0.0020532811
0.0015374796
0.00074789522
0.00073749054
0.0011937877
0.001770111
0.0028143888
0.0035993154
0.0032685341
0.0026755827
0.002167335
0.0011240888
0.0011269079
0.0031732537
0.0036460741
0.001016855
-4.9363054E-005
0.0013386654
-8.8749977E-005
-0.0035091573
-0.0029380016
-0.0003856039
-0.0011335097
-0.0021273091
-0.00020897301
0.00033792149
-0.0016467199
-0.001960454
-0.001503892
-0.0031020006
-0.0037459286
-0.0023719086
-0.0032891566
-0.0054281959
-0.0035835935
-0.00021446352
-0.00052945438
-0.0017133333
0.00010496924
0.0018348038
0.00085660705
-0.00041658542
-0.00079989422
-0.0015659673
-0.0024220694
-0.0023458514
-0.0010255239
0.0013928204
0.0026364548
0.00088786788
-0.00031616716
0.0020457106
0.0038042779
0.0018240515
5.2870968E-005
0.00077061413
0.0012143314
0.00068021991
0.00046617506
0.0001611238
0.00019189628
0.0011771866
0.000733238
-0.0017786284
-0.0029322158
-0.0021776736
-0.0024494801
-0.0037730741
-0.0044810036
-0.0049637081
-0.0051891254
-0.0040550055
-0.0021606069
-0.00062485033
0.00048662163
0.00089175539
0.0011337257
0.0028799854
0.0050332388
0.0050624479
0.0045353458
0.0054096864
0.004755958
0.0016897398
0.00097231346
0.0028846231
0.0021917776
-4.1122155E-005
0.0010650669
0.0027297575
0.00073280593
-0.0013138063
-0.00061684306
-0.00070668769
-0.0024809821
-0.0030982411
-0.0030524419
-0.0032823228
-0.0015102709
0.0018149368
0.0031351864
0.0029336908
0.0039217514
0.0049947361
0.0045248801
0.0039184978
0.003334431
0.00096873002
-0.001978741
-0.0028923927
-0.0029513815
-0.0041832398
-0.0048530018
-0.0033865729
-0.0021341271
-0.0029623676
-0.0043287054
-0.0049678697
-0.0049532712
-0.0033158539
-0.00017330595
0.0013187374
-0.00019922017
-0.001896268
-0.0018508553
-0.00092099881
0.00081202795
0.0033934417
0.0044050133
0.0026150665
0.00097721128
0.0017093106
0.0028976754
0.0026210381
0.0016450671
0.00098304858
0.00068247883
0.00091612665
0.0019333872
0.0033255857
0.0039585154
0.0027820743
0.00034113563
-0.0014550978
-0.0016300401
-0.00071841694
0.00040333916
0.00071617414
-0.00034003437
-0.0017379449
-0.0025193724
-0.0034831348
-0.0045760251
-0.0039616232
-0.0020869444
-0.0013913671
-0.0014110465
-0.00045874176
0.00024843792
-9.8597833E-005
0.00028197246
0.0012405936
0.00088243023
0.00014936818
0.00058366422
0.0011568409
0.001589807
0.0027707845
0.0033002868
0.0020193176
0.0008326043
0.0007676828
0.00094401784
0.0017080021
0.0025207733
0.00095150492
-0.0018274804
-0.0021792217
-0.0013936937
-0.0027953091
-0.0043861023
-0.0031005216
-0.0011128611
-0.0011425879
-0.0016050356
-0.00060829474
0.00066517422
0.0003101085
-0.0017013154
-0.0031103399
-0.0016820601
0.0011460026
0.0021686845
0.002014637
0.0030332641
0.0034233914
0.00084113394
-0.0016930876
-0.00088226883
0.00055495132
-0.00090699416
-0.0031384975
-0.0026028107
-0.00059408823
-0.00032900236
-0.0012246199
-0.00055974518
0.0014170321
0.0021814767
0.0016752224
0.0023522247
0.004383611
0.0049886107
0.0033894437
0.0018860518
0.0014708565
0.0011924659
0.00099519966
0.00096124387
0.00038510168
-0.0002464515
-0.00026466919
-0.00090316619
-0.0025932544
-0.0038744009
-0.0049474514
-0.0067540002
-0.0073796222
-0.0054115248
-0.0032449297
-0.0023559311
-0.001036241
0.0011145903
0.0027595742
0.0040263641
0.0051495493
0.0050118775
0.0037748253
0.0030088781
0.0027592871
0.0019820952
0.00057214207
-0.00098687655
-0.0017835026
-0.00084968121
0.00067252567
0.00094587036
0.0012214045
0.0028637128
0.0032359264
0.00089843373
-0.00065921352
-5.0125538E-005
-0.00063265976
-0.0026998827
-0.0025816336
-0.00042122163
0.00036322523
-0.00015633841
0.0001454236
0.00048306258
-0.00053193636
-0.0013731192
-0.00051158428
0.00052180345
-0.00015821126
-0.0015954134
-0.0018689146
-0.0013114583
-0.001211129
-0.00098346046
5.7492984E-005
0.00032183743
-0.0008833264
-0.0010348556
0.00093968294
0.0018799921
-0.00022245951
-0.002721308
-0.0030536293
-0.0023191168
-0.0019934303
-0.0014083529
-8.8893583E-005
0.0010317911
0.0015225245
0.0017399774
0.0016837332
0.0016686958
0.0023043377
0.002659742
0.0013816836
-0.00038133463
-0.00066859578
-7.4730895E-005
8.8603199E-005
0.00050775189
0.0014954016
0.0014376116
0.00023871772
0.00014791057
0.0015657921
0.0023251709
0.0015769213
0.00055810233
-0.00011647055
-0.00097508298
-0.0019640252
-0.0020195306
-0.00070556183
0.00056232064
0.00048865972
0.00016042338
0.00038770688
-0.00085259706
-0.0040206229
-0.0053540063
-0.0032855826
-0.0014126088
-0.0014583403
-0.00090945122
0.00062896893
0.00091238058
0.00036942842
0.0006305399
0.00057474722
-0.00072539266
-0.001605493
-0.001270256
-0.00075621193
-0.00026695267
0.00045462846
0.00093138288
0.0010477122
0.00094095728
0.00042966701
8.1932696E-005
0.00053373689
0.0011030906
0.0014466884
0.0021663641
0.0026362247
0.0018305054
0.00077429897
0.00081018079
0.0013682189
0.0015970726
0.0016872692
0.001765174
0.0014527905
0.00061478652
-0.00010312802
0.00016760851
0.00091019162
0.00064254593
-0.00036461093
-0.00067349046
-0.00078124111
-0.0017910332
-0.0026460122
-0.0022816025
-0.0014559223
-0.0005786831
0.00048558362
0.0011232317
0.0014296275
0.0018783882
0.0011551129
-0.0011130136
-0.0023551653
-0.0019126647
-0.002081031
-0.0027362914
-0.0023284329
-0.0020110626
-0.0020541055
-0.00037307027
0.0014535537
0.00013114327
-0.0014956187
0.00052949897
0.0027711864
0.0014656597
3.012703E-005
0.0010963805
0.0015884513
0.00074913469
0.0014444686
0.002498565
0.00097995508
-0.00081300037
-0.00013008734
0.0007047187
0.00025838224
0.00099866441
0.0026688746
0.0020675492
0.00025243589
0.00073872035
0.0020987992
0.0008346251
-0.0015766893
-0.0018455038
-0.00092562282
-0.0011547629
-0.0018989351
-0.0018268522
-0.001283113
-0.00074231112
-0.00016160625
3.9668364E-005
-0.00071171473
-0.0021540422
-0.0031103508
-0.0026080385
-0.0011868777
-0.00011098799
0.00041746275
0.00058584439
-2.838364E-005
-0.00098414731
-0.0011156296
-0.0010779641
-0.002061856
-0.0025605939
-0.0010750104
0.0001030214
-0.0010682165
-0.0020903102
-0.00070388417
0.00080246874
0.00064280187
0.00089979201
0.0020011284
0.0011416931
-0.0009660935
-0.00019441194
0.002671527
0.0028053874
0.0005906499
0.00070187525
0.0031399773
0.0040202672
0.0031155187
0.0030140921
0.0035501542
0.0028149965
0.00092458318
-0.00071399286
-0.0014437228
-0.0012315178
-0.00046824629
4.7231304E-005
5.7451885E-005
4.5683522E-005
0.00022547171
0.00029062011
-7.9242309E-006
-0.00045697592
-0.00036194641
0.00046800301
0.00095422764
0.00049801246
0.00027404111
0.00074536691
0.0004295196
-0.00083941891
-0.0011323896
-0.00035885689
-0.00054060668
-0.001674804
-0.0018671823
-0.0011032996
-0.00087197288
-0.0011187935
-0.00081984384
-0.00047554687
-0.0012997256
-0.0027158258
-0.0032844674
-0.0032391967
-0.0031808349
-0.0020087468
0.00047837695
0.0019173903
0.0015267798
0.0015750676
0.0024620632
0.0020683096
0.00081536535
0.00085528148
0.0012606796
0.00023614048
-0.00096044131
-0.0010797516
-0.0011665263
-0.0012767523
-0.00026668087
0.00098423299
0.00087743485
4.3358104E-006
-0.00032522299
-5.7940641E-005
0.00023078533
7.7070014E-005
-0.00022956186
0.00038945829
0.0016319362
0.001619626
0.00043815855
0.00018123371
0.0010573124
0.001815489
0.0025003052
0.002987504
0.002332299
0.0014941781
0.0018148085
0.0016525888
-0.00027822005
-0.0017486771
-0.0014563
-0.0013267701
-0.0019674238
-0.0017973904
-0.001075192
-0.0013174751
-0.0020597503
-0.0020757858
-0.0014045106
-0.00050756737
4.0985698E-005
-0.00037851025
-0.0010531478
-0.00092727604
-0.00076018536
-0.0011407661
-0.00070130214
0.00071122678
0.0011504181
0.00051357906
0.00045521519
0.00076218764
0.00053952337
0.00066604791
0.0014674345
0.0014212893
0.00018049075
-0.0007412135
-0.00073871459
-0.00048543263
-0.00032758227
-0.00044138398
-0.00096653419
-0.00117976
-0.00067414186
-0.00059384067
-0.0013413245
-0.0011942509
0.00055794977
0.0018803874
0.0011010335
-0.00081761164
-0.0018607349
-0.0010889991
0.00047041298
0.00076339126
-0.00033075389
-0.00067167461
0.00013757209
0.00012706468
-0.00070451287
-0.00043977285
0.00057161786
0.00083718024
0.0010665408
0.0017999833
0.0015588921
0.00054461596
0.00076266308
0.0012365471
-0.000428706
-0.0024434917
-0.0015910569
0.00076162285
0.0016169726
0.0016025116
0.0022791435
0.0027280217
0.0021715083
0.001677669
0.0018809058
0.0021398182
0.0016907741
0.00040349585
-0.00068718306
-0.0005498745
-0.000250232
-0.0010612487
-0.00165594
-0.00090779288
-0.00032233752
-0.00055538071
-0.00028774442
0.00027326136
1.4717906E-005
-0.00042359185
-0.00076114491
-0.0019098319
-0.0027539555
-0.0015871745
-0.00025913585
-0.0012348604
-0.0029014866
-0.0024827211
-0.0004808376
0.00090463535
0.00098902883
0.00057690678
0.00038675094
0.00032672525
0.00012520557
3.6751542E-005
0.00012804894
-0.00013678649
-0.00058444421
-0.00023321761
0.00077095232
0.0011326587
0.00059006631
0.00014185143
0.00021149447
0.00024989492
-0.0001117002
-0.00064619124
-0.00096448569
-0.00084263325
-0.00033537793
0.00036779794
0.0010926133
0.0014252189
0.00085501152
-0.00025239872
-0.00067922618
-0.00015623205
-2.5149957E-006
-0.00095724821
-0.001867758
-0.001790394
-0.0015509391
-0.001809422
-0.0017544
-0.0010634055
-0.00063952408
-0.00055344054
-7.9675185E-005
0.00052535918
0.00098325592
0.0016073475
0.001535267
0.00045241608
0.00026042285
-3.275941E-005
