-0.058913462
-0.016951174
-0.065488987
-0.11223411
-0.0072521851
-0.19090021
-0.03173342
-0.14072812
-0.17325613
-0.019339478
-0.29553375
-0.029590828
-0.21148537
-0.26556879
0.013435614
-0.47204369
0.014749771
-0.30001089
-0.37461165
0.15412748
-0.71036482
0.23097165
-0.24746625
-0.43254453
0.80086362
-0.72868657
0.77213967
0.82104421
-0.66074765
0.71235287
-0.15451014
-0.19200668
0.12576963
-0.15286475
-0.016372355
-0.23102921
0.15215123
-0.086660728
-0.10453833
0.15567237
-0.039815649
-0.024664661
-0.030402999
0.085515752
-0.020766683
-0.10174146
0.10565556
-0.070359431
-0.10043073
0.09347795
-0.010619521
-0.026502615
0.048677199
0.059982844
-5.0520815E-005
-0.007822575
0.088862956
-0.0274512
-0.020171719
0.039110366
-0.013761891
0.050537623
0.021632077
0.049002655
0.048122086
0.018707147
0.071521513
0.029086486
0.077357307
0.08901231
0.044787925
0.08990512
0.026947379
0.048797864
0.044562735
-0.014511168
0.021807276
0.0010115684
0.035007622
0.0096041616
0.054809753
0.074265242
0.0094290553
0.065078408
0.022861527
0.034554377
0.037029903
0.017075326
0.035969622
-0.019639693
0.029004753
0.014835709
0.00024340194
0.024953786
0.0063631264
0.028190309
0.0027139867
0.039593268
0.039290763
0.016312933
0.038505148
0.0087024793
0.022027828
0.018384501
0.02713497
0.018094834
0.0078305295
0.018298702
0.0079248836
0.017126074
-0.0014676384
0.032645255
0.012724059
-0.0038734337
0.03660766
-0.0068228091
0.014608135
-0.0005540498
0.00157954
-0.014809865
-0.024155714
0.0073880753
-0.044861935
-0.0070443959
-0.023765348
-0.026250776
0.0038928532
-0.025776543
0.0033094198
-0.023661671
-0.019635705
-0.009656108
-0.034144364
-0.0065707364
-0.024737541
-0.02195123
-0.0057050656
-0.01815732
-0.016250188
0.0038692239
-0.011911226
0.002539041
-0.010959581
-0.011419281
-0.0079858005
-0.026833558
0.0080333389
-0.034003064
-0.018293744
-0.001926599
-0.038667567
-0.0030751068
-0.024085397
-0.02022114
-0.020250604
-0.020420285
-0.013829644
-0.034339093
0.00725991
-0.039099865
-0.015329024
-0.00037113554
-0.053537734
0.019662241
-0.032132715
-0.022547413
0.0015858551
-0.036428049
0.0012101951
-0.022591097
0.0035636704
-0.015189926
-0.019901196
0.006296183
-0.014044398
-0.00086092227
0.001533314
0.00077326823
-0.017891401
0.0075509208
0.014373029
-0.017259344
0.017372673
0.0017522232
-0.0078930147
-0.0027477797
-0.0021973739
0.0073632644
-0.017732818
0.0046401056
-0.0059582698
-0.017793303
0.013510616
-0.009310076
0.0023836787
0.0014883634
-0.010048793
0.0085187284
-0.019610455
-0.0015616835
0.012518328
-0.025521746
0.022018408
-0.0050213095
-0.016137548
0.027656099
-0.024610868
0.0070073232
-0.012859706
-0.012322237
0.0085169775
-0.03139447
0.017943854
-0.015746193
-0.015163829
0.017058842
-0.031050364
0.025107078
-0.013880841
-0.0032975436
0.0100765
-0.032914191
0.03101323
-0.02964882
0.0059108343
0.016610358
-0.029723771
0.030078139
-0.019924473
0.0064127389
0.0036163745
-0.013266554
0.016071441
-0.019896269
0.019655013
-0.0034719859
-0.012385935
0.017474651
-0.02243318
0.0014137551
-0.008493606
-0.0084642544
-0.0039841207
-0.012095312
0.0085348366
-0.013503662
0.0051132943
0.0047235643
-0.011280955
-0.0025050438
-0.008259614
-0.0049851239
-0.017740959
0.0010943419
0.0019111114
-0.016018469
0.0079321908
-0.011982955
0.00015843983
0.0071329381
0.004274088
0.019227458
-0.0067332992
0.025771817
0.015768578
-0.00021410748
0.036979206
-0.00092637184
0.029472338
0.0071593723
0.0041542435
0.035975631
-0.016755115
0.034632016
0.0058805421
-0.0032595033
0.029860295
-0.0083739571
0.019519802
-0.0033970936
0.0081510535
0.01465024
-0.0088638794
0.022460015
-0.012835185
0.0096234381
0.0011716736
-0.0010215599
0.017510973
-0.012054926
0.036665808
-0.0010060983
0.014026011
0.027160415
-0.012087411
0.029496022
-0.017366111
0.012389811
0.0016932042
-0.025252596
0.031840287
-0.034435667
0.0094536133
0.01308607
-0.028567765
0.033778444
-0.024267435
0.017586026
0.0037532337
-0.025538987
0.032732446
-0.042540409
0.013828909
-0.0014281737
-0.031759486
0.021686567
-0.033461578
0.0061383112
-0.013823149
-0.0086447047
0.018001046
-0.026394714
0.029061783
-0.0031905158
0.0026307062
0.02486771
-0.017001793
0.015160209
-0.013186426
-0.0084568979
0.0091044744
-0.035522383
0.014328344
-0.014313641
-0.027051238
0.015777765
-0.026490197
0.0071193217
-0.01697067
-0.00028959487
-0.010347933
-0.021226842
0.015273632
-0.040175617
0.014324923
-0.015670076
-0.012556978
0.0224452
-0.023453262
0.031296346
-0.005003199
0.00081404601
0.015635762
-0.0037881813
0.0051396894
-0.01195561
0.0093663177
-0.025761906
0.00041548445
-0.0065131621
-0.016278015
0.006777022
-0.0085008377
0.0032567049
0.0018675691
0.01372385
-0.00015716258
0.0080775544
0.018075647
-0.0028362819
0.0033792937
0.011332985
-0.015290339
0.00069441996
-0.0049997908
-0.008067512
-0.0014393503
-0.0041614478
0.016659057
-0.014197741
0.015842946
0.0079230908
-0.02372996
0.030445777
-0.01863938
0.0018134769
0.0065625715
-0.015378635
0.016744526
-0.027423484
0.023603451
-0.01178171
-0.013461608
0.024767963
-0.036229946
0.020429684
-0.0095476611
-0.010105425
0.019904379
-0.026892519
0.023836698
-0.0040794145
-0.0018955811
0.025050288
-0.009898372
0.015037017
0.007963283
0.0043658502
0.0099832276
-0.0052504856
0.0063715968
-0.00093341147
-0.01054882
0.0035705529
-0.0069503076
-0.01149784
0.0041401172
-0.011852068
-0.0011331587
-0.011921453
-0.0019424062
-0.0011725659
-0.024004795
0.01166514
-0.0069954204
-0.021255946
0.010411459
-0.016662037
-0.014461641
0.0034412898
-0.021931734
-0.0017373209
-0.018843392
-0.012619072
-0.0084666656
-0.032021768
0.0036421979
-0.021025458
-0.016055753
0.0029468527
-0.027349712
0.0019720141
-0.019467803
-0.0072489795
-0.0027772177
-0.025012018
0.0065539293
-0.019280879
-0.016885439
0.0033409214
-0.010296366
-0.013491821
0.00053843891
-0.012335476
-0.0044266735
-0.011634742
-0.006819394
0.0047566006
-0.030314567
0.020295847
-0.020321192
-0.018229926
0.029227523
-0.043906409
0.019918613
-0.010899325
-0.017463531
0.015494823
-0.039625883
0.026618741
-0.027114838
-0.0011099444
0.013015308
-0.032670144
0.026021594
-0.027967794
0.0066498127
0.0026648373
-0.025666291
0.023774544
-0.025825715
0.0029496539
0.00020558594
-0.013812369
0.0062984605
-0.017402887
0.0018813325
-0.011412511
-0.0085029183
0.0051220921
-0.015578468
0.0064358697
-0.0057786433
-0.0079980781
0.010175312
-0.0089729149
0.013464802
-0.0035673734
0.0028592143
0.0026300037
0.001
-0.49115974
0.35477817
5.1186245E-005
1.#IND
1.#IND
0.0099999998
1.0
9.9999997E-005
0.0060000001
0.0029847224
0.0060000001
2.9999999E-005
0.00057927484
0.0098060444
0.0
6.0956285E-005
-6.841225E-005
-1.1729278E-005
-3.8468129E-006
-0.00011715824
-1.9127618E-005
0.00015634649
5.8724712E-005
-5.6672652E-005
-1.2051397E-005
4.1873293E-005
5.1434316E-005
4.5145192E-005
3.606785E-005
-7.6604429E-006
-7.7985125E-005
-7.0347269E-005
8.4829997E-005
0.00020380161
8.1076512E-005
-0.00012037244
-3.6862213E-005
0.00020162811
7.9439691E-005
-0.00014956428
-3.2050619E-005
0.00010078793
-3.7000937E-005
-6.3690648E-005
0.00010255739
6.578274E-005
-0.00012696342
-7.607734E-005
6.7597903E-005
-2.8533032E-005
-0.00011998911
3.6721765E-005
0.00011965474
-3.2567398E-006
7.8318728E-005
0.00032144831
-0.00037725389
-0.0020301198
-0.0014295297
0.0024914525
0.0047814688
0.0024370262
-0.0017780603
-0.0033147067
-0.00048209427
0.0025666226
0.0018437668
-0.0011482519
-0.0034774162
-0.0034015006
-0.00061492575
0.0016952564
0.00076280022
-0.00085813552
-0.0010103444
-0.00068332808
7.0214533E-005
0.00088314916
0.00065459695
-0.00022591397
-0.00074065744
-0.0003810254
0.00056810846
0.0009405684
-0.00024404888
-0.0015069905
-0.00073375786
0.0006206386
0.00088724447
0.00051237462
-0.00025742489
-0.00047096238
0.00011941083
0.00052979559
0.00061387452
0.0005889181
0.001035604
0.001156905
-0.00057296181
-0.0015896058
0.00029634719
0.0019446455
0.00080009247
-0.0010514159
-0.00092433463
0.00040523944
0.00072150672
0.000282847
0.00029170213
0.00020299677
-0.0002466664
-2.4674328E-005
0.00081952574
0.00081150158
-0.00028226728
-0.00062502071
0.00039456997
0.00092964806
-0.00010077289
-0.001148475
-0.00029430861
0.0010026096
0.00030003695
-0.00079083402
-0.00034970883
2.8338462E-005
-0.00035081321
-0.00046038744
-0.00079774699
-0.0010081083
0.00023070372
0.0012747723
0.00048948231
-0.00064146682
-0.00073538267
-0.00041209342
-0.00041635736
-0.00027727117
0.00062305591
0.0015905288
0.00099462585
-0.00098311808
-0.0017996843
-0.00096912769
-0.00053178507
-0.00026159815
0.0010616288
0.0016502431
4.7204936E-005
-0.0013729972
-0.00085482822
8.3816121E-006
0.00018644721
0.00053064921
0.00091465574
0.00034876217
-0.00055226404
-0.00048530978
0.00011653596
7.7818608E-005
-0.00073928648
-0.0010104625
0.00023656788
0.0013585454
0.00071491156
-0.00052755635
-0.00079893414
-0.00059008179
-0.00055755506
0.00023672997
0.0015225944
0.0010881014
-0.00065799081
-0.0009965119
-0.000227185
-0.00028410886
-0.00039054651
0.0003004827
0.00064314023
0.00011976907
-0.00044599702
-0.00025304774
0.00029159777
0.00019132365
-0.00011046715
0.00033412871
0.00080752827
0.00031222726
-0.00040932608
-7.796412E-005
0.00067106483
0.00033795339
-0.00026875318
-0.00017826025
-0.00014589127
-8.2445595E-006
0.00050646864
0.00080508564
0.00063759636
-4.4960572E-005
-0.00061500311
-0.0004396016
6.7317915E-006
0.000464963
0.0007220222
2.2720817E-005
-0.0010718754
-0.0010561054
-0.00013735474
0.00018649478
-0.00018340135
-0.00030515975
0.00016568764
0.00047402788
-8.5677115E-005
-0.00061025762
-0.000346296
0.00012625505
0.00026855935
0.00022038717
0.00041240425
0.00021866073
-0.00079596188
-0.0010574445
0.00016891406
0.00084969384
-7.3021736E-005
-0.00062067236
4.4444852E-005
0.00031435277
-0.00024371127
-0.00044480478
6.8878704E-005
0.00041284348
0.00024458859
0.00021790329
0.00039223803
0.0002532092
-0.00013562615
-0.00022439963
3.4859215E-005
-2.1158816E-005
-0.00035886321
6.5186839E-005
0.00099003129
0.0009252606
-0.00032101054
-0.001127125
-0.00044954664
0.00036439963
0.00013989296
-0.00020723078
9.4233423E-005
0.00044783924
0.00018298633
-0.00047014825
-0.00070011616
-0.0003326291
6.3988977E-005
0.00018463719
0.00012232293
-0.00010673649
-0.00028669945
-7.1941231E-006
0.00037267979
0.00012210467
-0.00028502915
-0.00021904091
0.00020646237
0.00051075919
0.00018470302
-0.00027991881
-0.00019537164
9.3110611E-005
9.8399742E-006
-0.00024825818
-3.1649077E-005
0.00055488467
0.00072498975
7.1458402E-005
-0.00050209556
-0.00025915919
9.4447489E-005
0.00028507429
0.00067035138
0.00070620677
-3.1256533E-007
-0.00057818776
-0.00032422179
0.00012470095
0.00012237583
0.0001629366
0.00062578241
0.0006289609
-0.00034087803
-0.0010815111
-0.0005230534
0.0003100248
-5.955594E-005
-0.00042505737
0.00030480223
0.00027710767
-0.00078118162
-0.00045682563
0.00078327692
0.0004065923
-0.00071171916
-0.00053530035
0.00012862949
0.00017948145
-6.7068744E-005
-0.00019535443
-9.2415161E-005
-0.00011771766
-0.00033991091
-0.00011132248
0.00033926172
0.00013315363
-0.00031724595
-0.00011444731
0.00024535658
0.00011672672
-3.436927E-005
-0.00015502167
-0.00055611477
-0.00047604137
0.00050353265
0.00088450284
-0.0001263695
-0.00080461596
-9.5310083E-005
0.00050251069
-0.00011762538
-0.00070801232
7.828241E-006
0.00089588267
0.00061562285
-0.00028088287
-0.00074163853
-0.00027498059
0.00053521362
0.0007208694
0.00030903093
3.0673891E-005
0.00031412113
0.00043718496
1.3128092E-005
-0.00018394395
-0.00024826641
-0.00030515055
7.1379254E-005
0.00017549374
-0.00022692666
-0.00043769748
-0.00030933906
0.00019978048
0.00060355465
0.00026136445
-0.00025164755
-0.000166596
0.00016405225
0.00016921763
0.00026803699
0.00045100928
2.4074646E-007
-0.00036792422
-1.2335167E-005
0.00015044824
0.00014075766
0.00021504732
-5.6225828E-005
-0.00014653071
0.00014283482
0.00012211096
5.1123949E-005
0.00029492629
0.00031135525
6.97586E-005
1.4731469E-005
-0.00011391287
-0.00043422863
-0.00023374488
0.00030171601
0.00010697965
-0.00033196312
-0.00014540397
-0.00017966483
-0.00058584718
-0.00020226894
0.00053368899
0.00020236771
-0.00049084006
-0.000260453
-7.0069917E-005
-0.00056318328
-0.00039907364
0.00065037032
0.00091004156
-0.00030758945
-0.0010684389
-0.00019960597
0.00049477385
0.00019049432
-5.5393912E-006
0.00013700468
6.1672174E-005
-0.00013578711
1.1861195E-007
3.2879127E-006
-0.0003649501
-0.00043109176
-0.00012312882
0.00017017942
0.00018880471
-8.9439864E-006
-0.00033302771
-0.00039883985
0.00012508566
0.00020503633
-0.00025227864
6.6935791E-005
0.00057636364
0.00019777461
-0.0001845395
0.00014902116
0.00043687
0.00016501575
4.3310051E-006
0.00037374554
0.00031199493
-0.00026361144
-8.0271086E-005
0.00022893459
-0.00045014644
-0.00066467526
0.00013450682
0.00017051352
-0.00044327203
-0.0002611739
0.00027430683
0.00024088882
0.00015783777
0.00029107003
0.00016422597
-5.5650802E-005
9.2170652E-005
0.00042604239
0.00022724734
-0.00042288055
-0.00037712287
0.0002689558
0.00032615394
-0.00016982673
-0.00042723332
-0.0003508683
-0.00012754482
0.00017682771
0.00024729897
0.00020838346
3.6197674E-005
-0.00054001686
-0.00055475533
0.00032251389
0.00064082822
6.4375869E-005
-0.00021402181
-3.543236E-005
-0.00017490235
-0.00041300323
-7.0159178E-005
0.00037657158
0.00025671179
-9.4626695E-005
-0.0002675679
-0.00031420542
-0.00015054714
0.00019652399
0.0003317449
8.776765E-005
-0.00011715711
-8.2902596E-005
-5.792694E-005
-4.820844E-005
0.00015614231
0.00016700952
-0.00033116993
-0.00036529222
0.00035983269
0.00046953297
-1.0023844E-005
0.00018606344
0.00053500105
-0.00020112218
-0.0011145993
-0.00067285
0.00041888515
0.00068978273
0.00031277936
2.3778462E-005
-0.00012165428
-0.00035718639
-0.00030209508
0.00022536024
0.0004382905
0.00014632767
-0.00010879916
-8.3701307E-005
6.0982395E-005
-3.6063462E-005
-0.00028980535
-0.00013586885
0.00045246075
0.00050693244
-0.00018086472
-0.00038811544
0.0001
-0.006375283
-0.0045007728
3.8924782E-006
0.0
0.0030521285
9.9999997E-006
0.0
0.0
0.0
0.0
0.0
0.0
0.0
0.0
0.0
0.0
0.0
0.0
0.0
0.0
0.0
0.0
0.0
0.0
0.0
0.0
0.0
0.0
0.0
0.0
0.0
0.0
0.0
0.0
0.0
0.0
0.0
0.0
0.0
0.0
0.0
0.0
0.0
0.0
0.0
0.0
0.0
0.0
0.0
0.0
0.0
0.0
0.0
0.0
0.0
0.0
0.0
0.0
0.0
0.0
0.0
0.0
0.0
0.0
0.0
0.0
0.0
0.0
0.0
0.0
0.0
0.0
0.0
0.0
0.0
0.0
0.0
0.0
0.0
0.0
0.0
0.0
0.0
0.0
0.0
0.0
0.0
0.0
0.0
0.0
0.0
0.0
0.0
0.0
0.0
0.0
0.0
0.0
0.0
0.0
0.0
0.0
0.0
0.0
0.0
0.0
0.0
0.0
0.0
0.0
0.0
0.0
0.0
0.0
0.0
0.0
0.0
0.0
0.0
0.0
0.0
0.0
0.0
0.0
0.0
0.0
0.0
0.0
0.0
0.0
0.0
0.0
0.0
0.0
0.0
0.0
0.0
0.0
0.0
0.0
0.0
0.0
0.0
0.0
0.0
0.0
0.0
0.0
0.0
0.0
0.0
0.0
0.0
0.0
0.0
0.0
0.0
0.0
0.0
0.0
0.0
0.0
0.0
0.0
0.0
0.0
0.0
0.0
0.0
0.0
0.0
0.0
0.0
0.0
0.0
0.0
0.0
0.0
0.0
0.0
0.0
0.0
0.0
0.0
0.0
0.0
0.0
0.0
0.0
0.0
0.0
0.0
0.0
0.0
0.0
0.0
0.0
0.0
0.0
0.0
0.0
0.0
0.0
0.0
0.0
0.0
0.0
0.0
0.0
0.0
0.0
0.0
0.0
0.0
0.0
0.0
0.0
0.0
0.0
0.0
0.0
0.0
0.0
0.0
0.0
0.0
0.0
0.0
0.0
0.0
0.0
0.0
0.0
0.0
0.0
0.0
0.0
0.0
0.0
0.0
0.0
0.0
0.0
0.0
0.0
0.0
0.0
0.0
0.0
0.0
0.0
0.0
0.0
0.0
0.0
0.0
0.0
0.0
0.0
0.0
0.0
0.0
0.0
0.0
0.0
0.0
0.0
0.0
0.0
0.0
0.0
0.0
0.0
0.0
0.0
0.0
0.0
0.0
0.0
0.0
0.0
0.0
0.0
0.0
0.0
0.0
0.0
0.0
0.0
0.0
0.0
0.0
0.0
0.0
0.0
0.0
0.0
0.0
0.0
0.0
0.0
0.0
0.0
0.0
0.0
0.0
0.0
0.0
0.0
0.0
0.0
0.0
0.0
0.0
0.0
0.0
0.0
0.0
0.0
0.0
0.0
0.0
0.0
0.0
0.0
0.0
0.0
0.0
0.0
0.0
0.0
0.0
0.0
0.0
0.0
0.0
0.0
0.0
0.0
0.0
0.0
0.0
0.0
0.0
0.0
0.0
0.0
0.0
0.0
0.0
0.0
0.0
0.0
0.0
0.0
0.0
0.0
0.0
0.0
0.0
0.0
0.0
0.0
0.0
0.0
0.0
0.0
0.0
0.0
0.0
0.0
0.0
0.0
0.0
0.0
0.0
0.0
0.0
0.0
0.0
0.0
0.0
0.0
0.0
0.0
0.0
0.0
0.0
0.0
0.0
0.0
0.0
0.0
0.0
0.0
0.0
0.0
0.0
0.0
0.0
0.0
0.0
0.0
0.0
0.0
0.0
0.0
0.0
0.0
0.0
0.0
0.0
0.0
0.0
0.0
0.0
0.0
0.0
0.0
0.0
0.0
0.0
0.0
0.0
0.0
0.0
0.0
0.0
0.0
0.0
0.0
0.0
0.0
0.0
0.0
0.0
0.0
0.0
0.0
0.0
0.0
0.0
0.0
0.0
0.0
0.0
0.0
0.0
0.0
0.0
0.0
0.0
0.0
0.0
0.0
0.0
0.0
0.0
0.0
0.0
0.0
0.0
0.0
0.0
0.0
0.0
0.0
0.0
0.0
0.0
0.0
0.0
0.0
0.0
0.0
0.0
0.0
0.0
0.0
0.0
0.0
0.0
0.0
0.0
0.0
0.0
0.0
0.0
0.0
0.0
0.0
0.0
0.0
0.0
0.0
0.0
0.0
0.0
0.0
0.0
0.0
0.0
0.0
0.0
0.0
0.0
0.0
0.0
0.0
0.0
0.0
0.0
0.0
0.0
0.0
0.0
0.0
0.0
0.0
0.0
0.0
0.0
0.0
0.0
0.0
0.0
0.0
0.0
0.0
0.0
0.0
0.0
0.0
0.0
0.0
0.0
0.0
0.0
0.0
0.0
0.0
0.0
0.0
0.0
0.0
0.0
0.0
0.0
0.0
0.0
0.0
0.0
0.0
0.0
0.0
0.0
0.0
0.0
0.0
0.0
0.0
0.0
0.0
0.0
0.0
0.0
0.0
0.0
0.0
0.0
0.0
0.0
0.0
0.0
0.0
0.0
0.0
0.0
0.0
0.0
0.0
0.0
0.0
0.0
0.0
0.0
0.0
0.0
0.0
0.0
0.0
0.0
0.0
0.0
0.0
0.0
0.0
0.0
0.0
0.0
0.0
0.0
0.0
0.0
0.0
0.0
0.0
0.0
0.0
0.0
0.0
0.0
0.0
0.0
0.0
0.0
0.0
0.0
0.0
0.0
0.0
0.0
0.0
0.0
0.0
0.0
0.0
0.0
0.0
0.0
0.0
0.0
0.0
0.0
0.0
0.0
0.0
0.0
0.0
0.0
0.0
0.0
0.0
0.0
0.0
0.0
0.0
0.0
0.0
0.0
0.0
0.0
0.0
0.0
0.0
0.0
0.0
0.0
0.0
0.0
0.0
0.0
0.0
0.0
0.0
0.0
0.0
0.0
0.0
0.0
0.0
0.0
0.0
0.0
0.0
0.0
0.0
0.0
0.0
0.0
0.0
0.0
0.0
0.0
0.0
0.0
0.0
0.0
0.0
0.0
0.0
0.0
0.0
0.0
0.0
0.0
0.0
0.0
0.0
0.0
0.0
0.0
0.0
0.0
0.0
0.0
0.0
0.0
0.0
0.0
0.0
0.0
0.0
0.0
0.0
0.0
0.0
0.0
0.0
0.0
0.0
0.0
0.0
0.0
0.0
0.0
0.0
0.0
0.0
0.0
0.0
0.0
0.0
0.0
0.0
0.0
0.0
0.0
0.0
0.0
0.0
0.0
0.0
0.0
0.0
0.0
0.0
0.0
0.0
0.0
0.0
0.0
0.0
0.0
0.0
0.0
0.0
0.0
0.0
0.0
0.0
0.0
0.0
0.0
0.0
0.0
0.0
0.0
0.0
0.0
0.0
0.0
0.0
0.0
0.0
0.0
0.0
0.0
0.0
0.0
0.0
0.0
0.0
0.0
0.0
0.0
0.0
0.0
0.0
0.0
0.0
0.0
0.0
0.0
0.0
0.0
0.0
0.0
0.0
0.0
0.0
0.0
0.0
0.0
0.0
0.0
0.0
0.0
0.0
0.0
0.0
0.0
0.0
0.0
0.0
0.0
0.0
0.0
0.0
0.0
0.0
0.0
0.0
0.0
0.0
0.0
0.0
0.0
0.0
0.0
0.0
0.0
0.0
0.0
0.0
0.0
0.0
0.0
0.0
0.0
0.0
0.0
0.0
0.0
0.0
0.0
0.0
0.0
0.0
0.0
0.0
0.0
0.0
0.0
0.0
0.0
0.0
0.0
0.0
0.0
0.0
0.0
0.0
0.0
0.0
0.0
0.0
0.0
0.0
0.0
0.0
0.0
0.0
0.0
0.0
0.0
0.0
0.0
0.0
0.0
0.0
0.0
0.0
0.0
0.0
0.0
0.0
0.0
0.0
0.0
0.0
0.0
0.0
0.0
0.0
0.0
0.0
0.0
0.0
0.0
0.0
0.0
0.0
0.0
0.0
0.0
0.0
0.0
0.0
0.0
0.0
0.0
0.0
0.0
0.0
0.0
0.0
0.0
0.0
0.0
0.0
0.0
0.0
0.0
0.0
0.0
0.0
0.0
0.0
0.0
0.0
0.0
0.0
0.0
0.0
0.0
0.0
0.0
0.0
0.0
0.0
0.0
0.0
0.0
0.0
0.0
0.0
0.0
0.0
0.0
0.0
0.0
0.0
0.0
0.0
0.0
0.0
0.0
0.0
0.0
0.0
0.0
0.0
0.0
0.0
0.0
0.0
0.0
0.0
0.0
0.0
0.0
0.0
0.0
0.0
0.0
0.0
0.0
0.0
0.0
0.0
0.0
0.0
