0.28305539
0.075576596
0.55599314
0.36979741
0.0036825542
0.048128072
0.0074399277
-0.24894358
-0.26140648
-0.10708695
-0.075017996
-0.0070786998
0.13348269
0.12129919
0.067449808
0.15931372
0.21043636
0.12769149
0.10514712
0.13572855
0.074467093
0.0064831199
0.011815757
-0.0040653008
-0.032615304
-0.0068798373
-0.011644586
-0.07457532
-0.079419926
-0.035625648
-0.034068502
-0.028323825
0.015277205
0.026081374
0.033863846
0.099777937
0.11280002
0.010776076
-0.054319765
-0.026135849
-0.039063897
-0.106634
-0.11843373
-0.084602997
-0.063081369
-0.031948403
-0.00026898913
-0.0014665722
0.014154451
0.060284518
0.052202899
-0.0024872785
-0.0048212018
0.030376056
0.029065596
0.012823833
0.012400107
0.0042170542
-0.0025538171
9.9971461E-005
-0.031933513
-0.079382822
-0.066277198
-0.02424187
-0.033667993
-0.061889537
-0.055114653
-0.042673755
-0.029743133
0.012938365
0.038282655
0.0074144518
-0.0083685955
0.023887895
0.02483323
-0.019933525
-0.025280634
0.01422016
0.019872729
-0.016119726
-0.038301155
-0.035301141
-0.029061558
-0.021272859
-0.0091866432
0.0013771132
0.017071463
0.043224104
0.058153834
0.046042923
0.031684756
0.041827813
0.059617992
0.051041413
0.014154535
-0.02103544
-0.029948562
-0.019379063
-0.012174094
-0.009815135
0.0036639012
0.022460466
0.026960516
0.022297559
0.026148619
0.04070561
0.059653368
0.068764098
0.051088117
0.024090128
0.022132996
0.027923426
-0.00018363111
-0.045473151
-0.063516937
-0.056389336
-0.047747958
-0.042212531
-0.044336312
-0.053133216
-0.043536283
-0.010184234
0.011673004
0.0074622906
0.0022926906
0.0038077389
-0.0039433115
-0.016936455
-0.023329703
-0.030221421
-0.035865642
-0.026180746
-0.014563059
-0.017103467
-0.0079807788
0.026535157
0.047668975
0.040578492
0.042719949
0.061200317
0.064986229
0.056267649
0.051595956
0.036640529
0.012454071
0.0058854558
0.0015956234
-0.032113265
-0.063236594
-0.050572306
-0.025562899
-0.027151607
-0.034163378
-0.023371112
-0.0082938531
0.0014124978
0.0081593236
0.0084449649
0.005175407
0.0033349295
-0.0076666693
-0.029822167
-0.042356435
-0.03902832
-0.038698439
-0.047690317
-0.052488245
-0.04720857
-0.037018072
-0.025218384
-0.014081012
-0.0044808299
0.0073268246
0.02123639
0.03109845
0.032977924
0.024629559
0.0085695637
-0.0014240514
0.002606727
0.0098949689
0.012212722
0.013536967
0.014217275
0.014089142
0.017370014
0.019347338
0.020362711
0.037816137
0.063575968
0.063422993
0.049161002
0.060950659
0.07653448
0.052620273
0.020474046
0.022753038
0.028008321
0.0063405936
-0.010546938
-0.0070694522
-0.0094662365
-0.016099583
-0.0067709833
0.0017501387
-0.0078269364
-0.014367994
-0.0091489516
-0.014959151
-0.030427817
-0.031961333
-0.02630168
-0.030664574
-0.033100907
-0.026223904
-0.028454889
-0.041481081
-0.044515859
-0.037803531
-0.037837468
-0.038378567
-0.021121947
0.0069208387
0.01879384
0.0065640691
-0.0044396324
0.0073027075
0.021629378
0.010084637
-0.0083759204
-0.0012557888
0.013162199
0.004756052
-0.0078510633
-0.0034192915
-0.0007828073
-0.0065196473
-0.0010831293
0.0089485366
0.0093512209
0.017654881
0.035741452
0.035634458
0.024447411
0.028512666
0.03019058
0.013143259
0.0054693557
0.0094035007
-0.011396904
-0.043472052
-0.041505452
-0.023629736
-0.028938619
-0.031244176
-0.003052369
0.017389087
0.0054009194
-0.0048856875
0.0022935781
0.0065818415
0.0084091974
0.015073045
0.013233448
0.0068507278
0.011411387
0.0068363943
-0.024039852
-0.049145266
-0.044908721
-0.035104193
-0.035334274
-0.028344374
-0.0057612821
0.016893176
0.025352221
0.026175514
0.037895359
0.054958668
0.048427034
0.025705576
0.025017956
0.035201922
0.019693146
0.0017385177
0.011576858
0.015078277
-0.0067888442
-0.015688919
-0.0057646851
-0.0091784196
-0.017379938
-0.0093251429
-0.0021121192
-0.0030847436
0.0037777552
0.0083362535
-0.003238328
-0.010995151
-0.0078810044
-0.017168039
-0.037078112
-0.043333132
-0.038971163
-0.03855646
-0.035085667
-0.021574365
-0.0056345658
0.008354554
0.019027404
0.021916112
0.019520726
0.016873216
0.01134399
0.0049517425
0.0062421011
0.010811661
0.0086881779
0.0063620075
0.010947656
0.012290737
0.0061504687
0.0040669902
0.0076241754
0.007989658
0.0079514487
0.013645973
0.019732099
0.021301171
0.018497562
0.0088766674
-0.0021744943
-0.0021218956
0.0028530976
-0.0034136819
-0.013569905
-0.012659786
-0.0077830194
-0.00516066
0.0064220177
0.024897998
0.032360382
0.030185407
0.032287106
0.034244996
0.025937982
0.011277933
-0.0054699476
-0.022904137
-0.033393759
-0.0376096
-0.043979555
-0.043860823
-0.029985955
-0.023577049
-0.033760231
-0.032824904
-0.013258038
-0.0048260046
-0.01220967
-0.0097341444
0.004323218
0.014003026
0.018077454
0.016328599
0.007607786
0.0041795112
0.0050643981
-0.0084564369
-0.026328318
-0.024643242
-0.019825792
-0.031509366
-0.035500791
-0.019075153
-0.0084542623
-0.0065184855
0.0072812801
0.019842962
0.011488884
0.0014124115
0.007210501
0.016369
0.021536432
0.027938902
0.033230085
0.034570634
0.030644611
0.01597487
-0.00033740298
-0.00071643456
0.0041347393
-0.0057696225
-0.016421894
-0.0091555463
0.0017912305
0.0016655679
-0.0022582135
-0.0040529566
-0.00042393032
0.012801119
0.020046003
0.0062309066
-0.007911887
-0.0057214084
-0.010244886
-0.030867795
-0.038724564
-0.024987627
-0.012193244
-0.0060299258
0.0025689572
0.010813381
0.017455246
0.026482319
0.031146655
0.028858116
0.029939722
0.032726746
0.027775515
0.021018634
0.016251555
0.0054218764
-0.0035958074
0.0032153439
0.011821676
0.0049836226
-0.003931365
-0.0008017646
0.003114044
-0.0017445857
-0.0058274041
-0.00038154516
0.0090055261
0.01199735
0.0055677663
-0.0055062585
-0.01522695
-0.019979769
-0.020909363
-0.024259876
-0.029442918
-0.024550751
-0.011281021
-0.011704655
-0.026814867
-0.02785344
-0.010614187
-0.0036045124
-0.011292972
-0.012083579
-0.0069951341
-0.011019883
-0.018053912
-0.018646881
-0.01845406
-0.01699543
-0.0078277495
0.00052312779
-0.00074755936
-0.0034109498
-0.0011930142
0.0020864233
0.0074858842
0.015881499
0.019745614
0.019054636
0.0214995
0.022462614
0.014853956
0.0083515411
0.012261024
0.019825282
0.022929927
0.020545635
0.01610969
0.018451309
0.028109143
0.028803181
0.016061746
0.0091516795
0.013530905
0.010878615
-0.0016740776
-0.0069876271
-0.0017049866
0.0030826621
0.0010326662
-0.0095187724
-0.021983679
-0.022479279
-0.016096648
-0.021199038
-0.02880287
-0.019309441
-0.0067690266
-0.0084453532
-0.0087578148
-0.0004739523
-0.0012438477
-0.0067898277
0.00088262558
0.0067649279
-0.0076425551
-0.022613846
-0.019613504
-0.013488725
-0.017304383
-0.02275636
-0.021083407
-0.012753901
-0.0052806274
-0.0064787399
-0.0098419255
-0.0044571245
0.0022935914
0.0010616059
0.0012443373
0.010177756
0.02107794
0.030004205
0.0343972
0.028802976
0.021832762
0.024775028
0.024918456
0.011058351
-0.00084160722
-0.0010605411
-0.00070109993
-0.00094136532
0.0037913043
0.0061559109
0.0054493085
0.011531823
0.017156577
0.011682172
0.0079185069
0.014093505
0.015382881
0.0083634239
0.0063543837
0.0071023367
0.00055305363
-0.007733529
-0.013151224
-0.021320652
-0.027493641
-0.023625627
-0.019652355
-0.024223948
-0.027478393
-0.023930613
-0.019201303
-0.011409821
0.00076787442
0.0074345986
0.0072826822
0.0085946228
0.0070759114
-0.0026636089
-0.0095991455
-0.0081199901
-0.0082707889
-0.013157223
-0.017489089
-0.020606045
-0.019286243
-0.0094934925
0.0010243572
0.0078736637
0.020481313
0.036191616
0.037916247
0.027912905
0.023163861
0.02232076
0.016327847
0.012101984
0.014045308
0.010875707
0.00064993533
-0.0042538471
-0.0035417196
-0.0064401375
-0.0088734385
-0.0043274066
-0.0010155528
-0.0043795719
-0.006218011
-0.0038092595
-0.0034285111
-0.0045030559
-0.0032349019
-0.0017508754
-0.0006527545
0.00018126161
-0.0051107509
-0.015567686
-0.020132815
-0.018541481
-0.018344913
-0.014385898
-0.0021833291
0.0073973876
0.010732748
0.016417401
0.019512082
0.0099624302
-0.0027144905
-0.007985957
-0.012144744
-0.017212724
-0.016406266
-0.012101858
-0.0081714047
-0.0013623327
0.0048840409
0.0056742714
0.0089624049
0.017804477
0.020143826
0.013975095
0.011816472
0.016004995
0.018924026
0.018420167
0.015199723
0.011270042
0.010595758
0.0086675528
-0.00069575873
-0.0088528562
-0.0095207095
-0.013318384
-0.020849818
-0.01766583
-0.0078201741
-0.0073074806
-0.011513841
-0.010320571
-0.0099150268
-0.013489213
-0.013647364
-0.009904271
-0.0064075771
-0.0040879119
-0.0065444871
-0.013037923
-0.013297287
-0.0078983288
-0.009373337
-0.014605222
-0.0097424611
0.000663771
0.0024342323
-0.0014430737
0.0015104394
0.011324227
0.01873672
0.021739248
0.02650862
0.033361878
0.033550639
0.025264792
0.018971531
0.018729595
0.015993947
0.0082328469
0.002637065
0.00012168917
-0.0036596362
-0.0060756006
-0.0026016312
0.00332867
0.0055047516
0.0041359789
0.004500824
0.0076307026
0.007165534
-0.00020377949
-0.0077218418
-0.0094266273
-0.0091244867
-0.011544338
-0.014580613
-0.015078048
-0.01453572
-0.016904144
-0.022870565
-0.026124116
-0.020238625
-0.010551428
-0.0076179262
-0.009582934
-0.0077229813
-0.0038393419
-0.003499049
-0.0036370605
-0.0024852566
-0.0048612193
-0.0095140627
-0.010428546
-0.008401053
-0.0053246585
0.00065089238
0.0077151773
0.015000419
0.026022516
0.033726837
0.026545411
0.013750634
0.011016864
0.011990096
0.0082618007
0.0086838976
0.01380693
0.011474038
0.0056150663
0.008406437
0.014506615
0.014146847
0.0093464311
0.0028830513
-0.0037673682
-0.0045563448
-0.00055325701
-0.0015145221
-0.0068766042
-0.007695497
-0.0051652002
-0.005183829
-0.0059452751
-0.0069955862
-0.012951111
-0.020210557
-0.01941365
-0.011144292
-0.0033989532
-0.00017036291
-0.0015981436
-0.0059597185
-0.0094400141
-0.010241692
-0.0094575668
-0.0084246742
-0.010240979
-0.015544375
-0.015869917
-0.0064120125
0.0018587902
0.00077723741
-0.0014301535
0.00050058315
0.00072842598
-0.0014090153
-0.0022401956
-0.0033571261
-0.0036576425
8.7773267E-005
0.0035674095
0.0058015115
0.01254449
0.01799128
0.014260953
0.012305892
0.018201903
0.015790856
0.0014697425
-0.0060112611
-0.0032898786
-0.0032379925
-0.0049060076
-0.0017091727
0.0019856195
0.0032140899
0.0038838382
0.0035822568
0.0055073821
0.010916138
0.010357863
0.0039022709
0.0052250018
0.011644306
0.0096080909
0.0040082568
0.0029775861
-0.0003373363
-0.0075445464
-0.012030589
-0.015405634
-0.017725419
-0.013390737
-0.0077754497
-0.0064001018
-0.00012694472
0.010763032
0.010820833
0.0032584877
0.0060611689
0.016013306
0.0186243
0.016342783
0.015671192
0.012394894
0.0058281077
0.0025789926
0.0035999147
0.0044168979
0.0025125237
-0.0019909092
-0.0056559159
-0.0045004361
-0.001422887
-0.0015186978
-0.0017049857
0.0020038162
0.0036733407
-0.0024474256
-0.010618549
-0.014124572
-0.015600158
-0.01771665
-0.017136279
-0.014396964
-0.014508971
-0.01554531
-0.013109467
-0.011226714
-0.012671941
-0.011390238
-0.0065459055
-0.0045270715
-0.0032009657
0.0028722787
0.00748462
0.0042324523
-0.0011211744
-0.0035189176
-0.005056486
-0.005169353
-0.0027056583
-0.0017096454
-0.0028459935
-0.0011518283
0.0038614026
0.0089177107
0.01365542
0.01704051
0.016328124
0.012798706
0.0087312944
0.0039639608
0.0020815001
0.0069125849
0.011884889
0.0095399944
0.0051548192
0.0050815032
0.0048387293
0.0011926072
-0.0006269773
0.0010935201
0.0024168321
0.0044432334
0.0095781246
0.011910693
0.0069876486
0.0020865614
0.00289128
0.0026536419
-0.0038868054
-0.010515782
-0.011738935
-0.010583934
-0.01031896
-0.010351148
-0.009677629
-0.0073467596
-0.0044998531
-0.0056350357
-0.009719572
-0.0086094467
-0.0026617968
-0.0019745792
-0.0064343233
-0.0057413974
-0.00047370853
0.00045108283
-0.0012841402
0.00055273931
0.0024240343
0.00067517866
0.00046234264
0.0039167148
0.0059985402
0.006145536
0.0084658479
0.012256295
0.014362883
0.014209406
0.010429815
0.0034208174
-7.8640245E-005
0.0021464995
0.001359912
-0.0059014116
-0.010361902
-0.0073278709
-0.0038856259
-0.0041659172
-0.0035284485
0.00037933254
0.0030851015
0.0017868986
4.7447884E-005
0.0011525521
0.0028500378
0.0024019491
0.0016149533
0.0031104025
0.0062821885
0.0087768454
0.0076705907
0.0014476555
-0.0050864085
-0.0053278729
-0.0026830535
-0.004736824
-0.0078810351
-0.0061121904
-0.005673904
-0.010373471
-0.010660733
-0.0049186409
-0.0044149961
-0.0075254175
-0.0027343223
0.0041929521
0.0015438419
-0.0029181435
0.00076796679
0.0050090719
0.0038780079
0.0033477545
0.0042008748
0.0025167286
0.00079816341
-0.00063711999
-0.0050081047
-0.006491093
-0.00067821564
0.0019615318
-0.0038522833
-0.0059581883
0.0011865286
0.0069629233
0.0062545044
0.0049122558
0.0046444405
0.0027293626
0.0010231219
0.0020523996
0.0027354169
-0.00037148557
-0.0042068288
-0.0033758697
0.00049956935
0.0015108167
0.0013219737
0.005708064
0.010642332
0.008601957
0.0037423326
0.0036753428
0.006237749
0.006990395
0.0062113209
0.0046035489
0.0040066121
0.0055439454
0.0028783472
-0.0074298121
-0.015619555
-0.015733188
-0.015310499
-0.016733758
-0.014262979
-0.011052816
-0.012446642
-0.012401978
-0.00793273
-0.0068606264
-0.0088074477
-0.004291323
0.0044060946
0.0073024621
0.0056121647
0.00533592
0.0052645961
0.0050874706
0.0077551184
0.0096461335
0.0072935033
0.0071900841
0.011315905
0.0099773342
0.0029704447
0.0029267909
0.010029682
0.012052394
0.0088603906
0.0091019049
0.010636459
0.006954968
0.00067085668
-0.0038284149
-0.0073451898
-0.0096578719
-0.0088185221
-0.0065580048
-0.0061589596
-0.0079447888
-0.01012461
-0.010832326
-0.009256646
-0.0067403032
-0.0055383989
-0.0056056133
-0.0044978298
-0.0014665601
0.00091496558
0.0008742463
0.00059675245
0.0027395706
0.0053406311
0.004401945
0.0016349305
0.0024237367
0.0045054145
0.00073107105
-0.0043089213
0.0010002286
0.011966436
0.013951471
0.0094868848
0.0098984521
0.010948316
0.005516706
0.00068889174
0.00081479427
-0.00056273321
-0.003297772
-0.0022730392
-0.0010206898
-0.0020542345
-0.00052325474
0.0018015187
-0.00069048424
-0.0032997485
-0.0017519059
-0.0020822289
-0.0048300764
-0.002908373
0.00034019889
-0.0026505941
-0.0061582909
-0.003508501
-0.0011831112
-0.0039268048
-0.0065110037
-0.0078165624
-0.011785307
-0.015722543
-0.014942993
-0.011085601
-0.0062255953
-0.00050698803
0.0031517644
0.0038002154
0.0054589394
0.0073293205
0.004291154
-0.00036859658
0.00020906409
0.0031583712
0.0029548926
0.00093859958
-0.0012276955
-0.0034462146
-0.0028384109
0.00048612771
0.0022796832
0.0032468238
0.005654111
0.0063194544
0.0051614246
0.006963782
0.0097709009
0.008992957
0.0076516229
0.0072845207
0.0034482786
-0.0018069829
-0.0026251238
-0.0018527666
-0.002919663
-0.0018727505
0.0020704055
0.0053809751
0.0085191205
0.01016012
0.0059892894
0.00078720163
0.0015188203
0.0026245399
-0.00096774398
-0.0028606418
-0.0018959159
-0.0046306164
-0.0077819005
-0.0052373232
-0.0031058567
-0.0057073478
-0.0063093677
-0.0039977292
-0.0049785869
-0.0064264829
-0.0026141901
0.0019712094
0.0027488938
0.0030205466
0.0033827242
0.00037829881
-0.0037605539
-0.0051358556
-0.0060141226
-0.0081424834
-0.0081353383
-0.00471952
-0.000760681
0.0019112143
0.0028391355
0.0017857773
0.00087479624
0.0031288334
0.0076276339
0.010065151
0.0079887891
0.0035382458
0.0014812839
0.0032706901
0.0036767232
-0.0012114258
-0.0061823921
-0.0060299705
-0.0047644656
-0.0058183647
-0.0048366752
-0.00030020272
0.0027286741
0.0030128933
0.0031656176
0.0022721922
0.00037670275
0.00085810426
0.0016927114
-0.0016463981
-0.0051260288
-0.0032862327
-0.00037523289
-0.0015482035
-0.0042155082
-0.0053250478
-0.0049066911
-0.0026561187
-0.00072751998
-0.0022642505
-0.003232694
0.0014932649
0.0068158531
0.0062673199
0.0037345244
0.0046392544
0.0064952341
0.00553742
0.002770138
0.00096576818
0.0018111386
0.0048143459
0.0070410999
0.0064486172
0.0046162768
0.0042883758
0.0054458231
0.004533526
-0.00058149121
-0.0047146697
-0.0016857247
0.0037936962
0.0030090311
-0.0012284288
-0.0010707886
0.0020142994
0.0027478188
0.0007144488
-0.0031362888
-0.0066492073
-0.0054970086
-0.0015609212
-0.0023749347
-0.0075943233
-0.0093572792
-0.0058473814
-0.0025314253
-0.0030208123
-0.0058048731
-0.007140385
-0.0059641181
-0.0058333641
-0.0082100499
-0.0082109226
-0.0037566752
-0.00086109794
-0.0031559116
-0.0064227274
-0.007201843
-0.0064520058
-0.0052603995
-0.0043755476
-0.0037201305
-0.00036917737
0.0062525459
0.010336299
0.0082079563
0.0048098047
0.0056705317
0.009151049
0.010753706
0.0096934196
0.0085791582
0.0093437368
0.010753974
0.0095452536
0.0047795931
0.00067273492
0.0017555152
0.0053172004
0.0048271525
0.0012517449
0.0016593648
0.005714837
0.0058097066
0.0019106078
0.0022467994
0.0077435961
0.0098520759
0.004907175
-0.0019185422
-0.0063835806
-0.008445112
-0.0082829027
-0.0068100067
-0.0064207446
-0.0074009239
-0.0080387145
-0.0081824334
-0.0085577592
-0.0091599384
-0.0099148685
-0.0095300814
-0.0064847753
-0.0036044307
-0.0044847527
-0.0059241718
-0.0036988172
-0.001238158
-0.0021189738
-0.0019396446
0.0028611494
0.0071955919
0.0054001738
-0.00018127105
-0.0024743306
0.0017747872
0.0077377278
0.0084571708
0.0051525645
0.0047041951
0.0072331899
0.0071718791
0.0046141827
0.0035224657
0.0035873356
0.0034116309
0.0039334991
0.0043483218
0.0035567139
0.003559046
0.0045362487
0.0043201623
0.0042734551
0.0051213289
0.0028272828
-0.0019660343
-0.0031737634
-0.0024153353
-0.0057708481
-0.0098272553
-0.0086563276
-0.0062955199
-0.0081556244
-0.011258521
-0.011218033
-0.0089297481
-0.0072834841
-0.0068604816
-0.0055391444
-0.0020924138
0.00066305208
0.00047066508
0.00040934497
0.0024226394
0.0024254899
-0.0014022312
-0.0043603419
-0.0035051794
-0.0010366011
0.0008528395
0.0014442554
0.00081899686
0.00084147422
0.0021476522
0.0021895834
0.0011147612
0.0027091398
0.0061443797
0.0070917853
0.0073069711
0.010802602
0.013654403
0.010457483
0.0052258959
0.0041661495
0.0049576955
0.0028456652
-0.00063413451
-0.0022365544
-0.0026794579
-0.0029805803
-0.0016293287
0.0016715368
0.0042673112
0.0042248284
0.0024714202
0.0003765334
-0.0020563514
-0.004773309
-0.0067610736
-0.0069508739
-0.0049334439
-0.0018839699
-0.00032152087
-0.00098553812
-0.002457645
-0.0046374234
-0.0073313545
-0.0071156863
-0.0028206788
0.00057968649
0.0004249
0.00046940197
0.0020111962
0.0022585618
0.0020738048
0.0031337067
0.0023943624
-0.0006406703
-0.0015456122
-0.00067110098
-0.0019487523
-0.0035266343
-0.0020245013
0.00062489475
0.0027552645
0.0054774745
0.0070211436
0.0048820418
0.0016779298
0.0010729465
0.0022456085
0.0024871069
0.0011146087
-0.00045534095
-0.00098414719
-0.0014371654
-0.0028585875
-0.0036513831
-0.0029872912
-0.0028945094
-0.0031967252
-0.0015966763
-0.00024278586
-0.0022613006
-0.0038302573
-0.0011572484
0.00079643069
-0.002198762
-0.0053147255
-0.0048970776
-0.0046573086
-0.0062158438
-0.0062209968
-0.004230537
-0.0028263119
-0.0021859475
-0.0013164988
-0.00021979716
0.001772707
0.0048295595
0.0066403695
0.0060782479
0.0055609606
0.0063743056
0.0067082401
0.0063465578
0.0068717888
0.0070631574
0.0055506304
0.0053276843
0.0073789526
0.0065044174
0.0019296954
0.0010143336
0.005189898
0.0065946509
0.0028384305
-0.00034134119
-0.00092293072
-0.0012754386
-0.0014679123
-0.0014206984
-0.002346932
-0.0027410958
-0.0015295881
-0.0021422878
-0.005584491
-0.0071771005
-0.0054723225
-0.0044999905
-0.0054753502
-0.0062469668
-0.0070833038
-0.0086296275
-0.0088287452
-0.007345824
-0.0066964645
-0.0068714414
-0.0054629236
-0.0027670052
-0.0012702637
-0.0013197509
-0.00094569847
0.00061480229
0.0013120876
-0.0004404987
-0.0022045046
-0.00091490528
0.0019032272
0.0032957778
0.0035456615
0.0034689344
0.0032244942
0.004856782
0.0086543458
0.010554448
0.0093556745
0.0086512286
0.0088106981
0.0073589659
0.0055984408
0.0051641832
0.0044019702
0.0037607166
0.0044759577
0.0029224926
-0.00184833
-0.0032059259
0.00037831059
0.0018727289
1.0836844E-005
-4.7704241E-005
0.00084002077
-0.0010476998
-0.0035572397
-0.0043439092
-0.0049376357
-0.0053045498
-0.0048565012
-0.005501763
-0.0067273891
-0.0059264977
-0.0046818908
-0.0051140273
-0.0050347168
-0.0038120772
-0.0036116745
-0.0030685544
-0.00037981835
0.0014954193
0.00097425713
0.00085102383
0.0018595022
0.0024181758
0.0026848738
0.0023423524
0.00061533245
-0.00016943096
0.00091683445
0.00020058879
-0.0021945576
-0.00098270061
0.0030665887
0.00370354
0.0013087901
0.0011900497
0.0029241317
0.00258427
0.00068370899
0.0001310103
0.0010906175
0.0019606021
0.001977229
0.001456317
0.00091464142
0.00022554828
-0.0007715298
-0.0014497672
-0.0017576672
-0.0023102043
-0.0022240186
-0.00070660515
0.00022395913
-0.00064016343
-0.00085369422
0.00049767341
0.00059790781
-0.0011346614
-0.0020495034
-0.0017362288
-0.0015466635
-0.001213256
-0.00098793628
-0.001900605
-0.0019631579
0.00084962975
0.0032161593
0.0017171766
-0.0006259933
4.7059511E-005
0.0019096922
0.0013610388
-0.0015734319
-0.003762899
-0.0026422644
0.00034196707
0.0013753081
4.914897E-005
-0.00086654269
-0.00054295198
0.0002776052
0.0016152355
0.0028464487
0.0036526651
0.0052131745
0.0059078261
0.0026844884
-0.00088140112
0.00067849527
0.003782965
0.0027819381
0.00070829998
0.0014877683
0.0026189792
0.002224192
0.0013222332
-0.00042384057
-0.0017463713
0.00016666119
0.0023491785
0.00019439553
-0.0029335564
-0.0021606022
-0.0001061586
-0.00052887126
-0.0027661682
-0.005677917
-0.0078337761
-0.0069715194
-0.0049914122
-0.0054903785
-0.006013012
-0.0029087069
0.0006755428
0.00092141918
-0.00010368902
-5.5639037E-005
-4.3766682E-005
-0.0006586971
-0.0013610367
-0.0022469389
-0.0022438644
6.5988759E-005
0.0026903234
0.0028559307
0.001993295
0.0029950999
0.005243645
0.0058708186
0.0039033105
0.0017458206
0.00222563
0.0041949851
0.0042108237
0.0024409296
0.0018632811
0.0028326653
0.0033401696
0.0022114262
-0.0004839545
-0.0029934349
-0.0027990562
-0.00075163489
-0.00013816694
-0.00064697827
0.00033901338
0.0017354708
0.0011444467
3.7120673E-005
0.00049732794
0.0010120041
-0.00057477906
-0.003679892
-0.0058706445
-0.005359346
-0.0033586044
-0.0027298289
-0.0033622133
-0.0033184423
-0.0033832286
-0.0042650155
-0.0040790671
-0.0035157236
-0.0048522763
-0.0050190431
-0.00084950717
0.0029116434
0.0019591888
0.00041285568
0.0018059922
0.0028411569
0.0013117925
-9.2436887E-005
0.00050455873
0.0020992451
0.0031449602
0.002551259
0.0010761954
0.0012419007
0.0032608449
0.0043707108
0.0036678375
0.0029767603
0.0028824655
0.0023713047
0.0016220683
0.0018591373
0.0031902585
0.0044068247
0.0046644872
0.0043447665
0.0036946447
0.0020313198
1.9568135E-005
-0.00013550496
0.00070737646
-0.0010011455
-0.0042881649
-0.0045936806
-0.0026432353
-0.0028555978
-0.0044832625
-0.0039268639
-0.002087418
-0.0016569638
-0.0022217638
-0.0025596828
-0.0023581798
-0.00097809616
0.00082136161
0.00070988486
-0.00084940967
-0.0012074688
-0.00082665082
-0.0016967803
-0.0025647057
-0.0019957002
-0.0020362358
-0.0036183116
-0.0038734595
-0.0015114262
0.00091356027
0.0015437818
0.0013008782
0.0016855597
0.0030905975
0.0043398743
0.0038994437
0.0022802495
0.0012869739
0.0011304053
0.0010397215
0.0012199809
0.0015918186
0.0011235621
7.6443212E-005
-0.00017397916
8.4707441E-005
-0.00063498865
-0.0023046976
-0.0033922081
-0.0028486105
-0.0011919355
-0.00011400931
-0.00034309813
-0.00028553529
0.0011023986
0.0021934712
0.0021708538
0.0024448547
0.0027611079
0.0014377688
-0.00075193401
-0.0020485932
-0.002443512
-0.0018905207
-0.00024966674
0.000605245
-0.00032315619
-0.00071947137
0.0003482881
0.00068905752
0.0001606538
0.00052720244
0.0009850678
0.00070729805
0.0015453206
0.0031351489
0.0025856388
0.0011276277
0.0019942729
0.0031349561
0.0013000728
-0.001257504
-0.0017189578
-0.0016185308
-0.0021743467
-0.0018194746
-0.00010181247
0.0015295591
0.0019537122
0.00063216931
-0.0016180776
-0.0023991757
-0.0013915693
-0.0010322599
-0.0017286123
-0.0019458919
-0.0024762265
-0.0041964143
-0.0048754322
-0.0034776235
-0.0021812445
-0.0015821909
-0.00035658316
0.00063978974
-0.00011259927
-0.0013545388
-0.0010442554
0.000899659
0.0028685001
0.0026954019
0.00026217921
-0.0012713743
-0.00023257615
0.0007311363
0.00021533133
0.00062874105
0.0022702625
0.0019761627
-0.00055271806
-0.0018470569
-0.00056681922
0.0010528049
0.0014573878
0.0016799244
0.002727164
0.0036147744
0.0032052328
0.0021588714
0.0014973403
0.001112149
0.0010689792
0.0019918762
0.003056848
0.0024197127
0.00053901679
0.00010755472
0.0016253272
0.0020857269
-0.00013719627
-0.0023368089
-0.0019780395
-0.00054952072
-0.00026939547
-0.00077737693
-0.0010453846
-0.001144836
-0.0012060014
-0.0010216434
-0.00063183246
-0.00023396507
-0.00025294325
-0.0011927154
-0.0024624488
-0.002793431
-0.0022630373
-0.0018383913
-0.0016304195
-0.0018418217
-0.0033687088
-0.0052232416
-0.0047242539
-0.0023223772
-0.0014613324
-0.0021892102
-0.0012570767
0.0011273491
0.0019156104
0.0013540555
0.0016886987
0.0024520387
0.0022910731
0.0019062066
0.0020937701
0.0024158789
0.0025188315
0.00234487
0.0022032836
0.0028173295
0.0035143141
0.0027906646
0.0015557596
0.0015927383
0.001920198
0.0012746929
0.00089832669
0.0012635023
0.00081453909
-0.00027140949
-0.00024444817
0.00039655576
-0.00032406399
-0.0023144716
-0.0033084066
-0.0017811413
0.0004453609
-5.5354794E-005
-0.0027146558
-0.0032824138
-0.0013947698
-0.00097824074
-0.0022021853
-0.0018632683
-0.00096632191
-0.0021957359
-0.0033402604
-0.0023099289
-0.0018773361
-0.0027722397
-0.0018485596
6.7391511E-006
-0.00054178317
-0.0013875251
0.00041773211
0.00196119
0.00094602531
0.0001940044
0.0010451016
0.0015779106
0.0014367591
0.0011524553
0.00041276412
0.00031797745
0.0018746734
0.003131161
0.002634574
0.001821026
0.0014563091
0.00086185767
0.00049174775
0.00086162408
0.0011065842
0.00072185625
2.4348126E-005
-0.00058576651
-0.00034666108
0.00070946565
0.0012387516
0.0011877068
0.0013887282
0.00067003764
-0.0013141832
-0.0017299936
-0.00032860183
-0.00079146907
-0.0030511227
-0.0032642155
-0.0013926406
3.4553745E-005
0.0011059359
0.0019512
0.0010433637
-0.00068180141
-0.00045871426
0.0013618456
0.0021655711
0.0012846091
0.00021533617
0.00034260718
0.0013909141
0.0015892432
0.00030891006
-0.00067954848
-0.00047963977
-0.00059641036
-0.0014915254
-0.0017053891
-0.0011538282
-0.0011932987
-0.001720586
-0.0013905057
0.00013836531
0.0016826486
0.0017001815
0.00059025781
0.00080857141
0.0023607188
0.0021336603
0.00047709761
0.0011854958
0.0035357946
0.0037652324
0.0028008586
0.0028956863
0.001934037
-0.001048166
-0.0026822307
-0.002059648
-0.0019904822
-0.0031268657
-0.0041433047
-0.0047517684
-0.0045173685
-0.003440903
-0.0033445838
-0.0041118646
-0.0031631198
-0.0013442466
-0.0017944993
-0.0032453667
-0.0028512559
-0.0021146652
-0.0026322419
-0.0023377843
-0.00096944999
-0.0012271643
-0.002662224
-0.0025297976
-0.0013861697
-0.0013213865
-0.0019223356
-0.0016648228
-0.00031445839
0.00069272582
-0.00014689442
-0.0015377472
-0.0017232085
-0.002150601
9.0381262E-005
