-0.0002479917
-0.00022977372
-7.1062423E-005
-0.00011898844
-0.00016733311
-0.00012779067
-6.1445804E-005
-0.0001246038
-9.5125706E-006
-3.0832809E-005
4.2492349E-005
0.00018058685
-5.4883756E-005
-5.135512E-005
4.3483691E-005
3.8343987E-005
0.00014101373
0.00019602268
9.2723545E-005
-2.7657964E-006
-0.00037845748
-0.00053118542
-0.00025085674
-0.0015643452
-0.0094495462
-0.015091985
-0.0094975103
-0.0018525961
-8.8648601E-005
0.0087958416
0.011402762
0.0044127074
0.0010609849
-0.0030907302
2.2501683E-005
0.0018939375
0.0080503197
0.0088873366
0.0073385509
0.0024487223
-0.0029958419
-0.0055595809
-0.0024811099
0.0033432087
0.0027796433
0.00698154
0.0026170711
-0.00017982986
-0.0048439791
-0.0050785085
-0.0013617761
0.0014874669
0.0031581114
0.0030141016
0.00078058906
-0.0017427885
-0.0046640774
-0.0040793964
-0.00018692651
0.0016440328
0.0014583264
0.0017798782
-0.0012328998
-0.0027566613
-0.0042142468
-0.0031214748
0.00075813133
0.00087987696
0.0019858389
0.00028856561
-0.0010842325
-0.0019953547
-0.0035769383
-0.0013047715
0.00051920814
0.0014742183
0.0015471792
0.00050896296
-0.00075101032
-0.0017562176
-0.0025354801
0.00063066534
0.0042028404
0.0050470792
0.0058598914
0.0026621935
0.00069976388
-0.0019925726
-0.0044319229
-0.0035135439
-0.0038830403
-0.0044062571
-0.004497726
-0.0060985601
-0.0057631335
-0.0048702206
-0.0034428812
-0.00017763283
0.0015766738
0.0026203915
0.0031222005
0.00071950868
0.001553372
0.00063250022
0.0012886563
0.0033383423
0.0030130108
0.0030632855
0.0017093645
-0.00020314055
-0.00017243343
-0.0008119226
6.2542713E-005
0.0016192261
0.0008224693
0.0014659737
-0.00022649238
-0.001479677
-0.00059043372
-0.00087310059
0.00048113315
0.0017038886
0.0014539771
0.00091143977
-0.00060309219
-0.00067155645
-0.00062251883
-0.0010083647
0.00087140553
0.00098220981
0.00018700329
0.00028045345
-0.0010946511
-0.00078145985
-0.00046025243
-3.5964582E-005
0.0014661559
0.00093060598
0.00057829032
-5.4047556E-005
-0.00059032865
-0.00020465572
0.0002288213
0.00064421614
0.00083572848
-0.00029744077
-0.0005825336
-0.001244255
-0.0018120026
-0.00014246401
0.00051078945
0.0015082252
0.0015213715
0.00097989652
0.00036035813
-0.0014177655
-0.0022121361
-0.0020339501
-0.0025676354
-0.0027767303
-0.0023596571
-0.0027892843
-0.0024205041
-0.0029792115
-0.0017066519
-0.00019498404
-3.3303462E-005
0.0012629178
0.0014161695
0.0015853168
0.001316234
0.0010172975
0.0014888954
0.0016053242
0.0014651231
0.0017311438
0.0011932258
0.00044114824
0.00042589376
-0.00011863361
-0.00012869405
1.6846543E-005
-0.00024669577
0.00030716488
-0.00057454163
-0.00054406666
-4.202858E-005
-0.00028368755
0.00013259203
9.6941578E-005
0.00017466606
0.00036783708
-0.00027918754
-8.9845344E-005
0.00012428568
-0.00021492712
-0.00014713136
-0.0001679165
-0.00030422077
-5.5826738E-005
-0.0004791861
9.2368129E-005
2.0661188E-005
1.5384363E-005
0.00045387851
0.00015680998
0.00040393625
0.00031470021
0.00038885063
0.0002495177
0.00021430527
0.00029449922
0.00035476068
-0.00036265544
-0.00042479145
-0.00043523105
-0.00059076527
-0.00059158466
-0.00013224922
0.00019922249
0.00033850828
-0.00037152413
-0.00026406266
-0.00038922022
-0.0013517746
-0.0013456134
-0.0015140807
-0.0011601801
-0.001701119
-0.0016836389
-0.0010830809
-0.0010130384
-0.00081718824
-0.00028712649
0.0002640184
0.00086261629
0.00077063451
0.00083085493
0.0015875874
0.0011809797
0.0010597956
0.00072824012
0.00093278097
0.00052048959
0.00014768602
0.0001933442
0.00038815659
0.00024291658
-0.00013076495
-0.00029650025
-0.00035189779
-0.00021006548
-0.00070964062
-0.00050984335
-5.6659654E-005
-0.00011419188
-0.00030664593
-0.0002649024
-0.00012592853
0.00014456712
-0.00020608614
0.00012193779
0.00025086405
0.00033184091
-9.0330635E-005
2.1614333E-005
5.4715809E-005
0.000369177
-9.4458424E-005
-0.00022580243
0.0001327177
-0.00013601672
-0.00024099882
-0.00045269297
0.00021919914
0.00013833666
-5.2485564E-005
-0.00010303861
0.00019252846
-0.00015606356
-0.00042885187
-0.00033186135
-0.00027178967
-0.00036423816
-0.00058835989
-0.00020314142
-0.00020679471
6.0887607E-005
-3.5270814E-006
-6.8231943E-006
1.2198728E-005
-0.00032518036
-0.000588027
-0.00059377868
-0.00075684529
-0.00065441569
-0.00097898871
-0.00081519037
-0.00087521848
-0.00048394367
-0.00023664239
4.9127837E-005
0.00058528973
0.00090934837
0.00065903208
0.00069235818
0.00090330781
0.00079639925
0.00086598279
0.00065305771
0.00054642319
0.00027694265
-4.395338E-005
-0.00016746916
-0.00022233561
-5.1847557E-005
-0.00013708445
-7.6255405E-005
-0.00030229011
-0.00027639873
-0.00078484224
-0.00061361841
-0.00036790679
-0.00017651697
-0.00010555033
-9.0206027E-005
0.00010593378
-0.00026201067
-0.00023161512
-0.00026770824
5.4277076E-005
0.00022863706
0.0004683451
0.00032352135
0.00013207675
-7.5059521E-005
-0.00038754553
-0.00034226826
-0.0001277703
0.00028656702
0.00013141267
-9.6176707E-005
-1.6850196E-005
-0.00062511407
-0.00062269677
-0.00066900818
-0.00032125614
-3.3981385E-005
-0.00043754213
-0.00039799683
-0.00080740772
-0.00069428305
-0.00095302972
-5.9793874E-005
6.9117268E-005
0.00067238853
0.00025205585
0.00017065991
-4.9640661E-005
-0.00023290656
-0.00010643946
-6.3028507E-005
0.00012211179
-0.00017021022
-0.00052419916
-0.0008536909
-0.00068798114
-0.00040634553
-3.2312015E-005
0.00045617428
0.00069699052
0.0010478515
0.00055790815
0.00054760877
0.00051369844
0.00045258287
0.0006654241
0.00040916869
0.00062783755
8.0190657E-005
-0.00027591662
-0.00053752272
-0.00046567377
-0.00016054348
-5.5589782E-005
0.00014487373
-4.9707181E-005
-0.00018958317
-0.00073825597
-0.00057605637
-0.00052644545
-0.0002773554
0.00012682691
-7.0426162E-005
-1.4670186E-005
-5.1731189E-005
-0.00035293668
-0.00037082666
-0.00019450767
0.00010204261
0.00022460197
0.00015477517
0.00025644564
0.00014172975
-5.8717662E-005
9.0522597E-005
2.8326125E-005
0.00028824352
0.00026065056
5.4085458E-006
5.0421375E-005
-0.00034024369
-0.00035206473
-0.00051033252
-0.00062383962
-0.0003116529
-0.00048707865
-0.00061878009
-0.00066924747
-0.00041092609
-0.00054150098
-0.00037837561
-0.0004199355
5.4141285E-005
9.0776361E-005
0.00015124964
0.00014452949
5.6222496E-005
5.7008515E-006
-0.00056440505
-0.00043972596
-0.00028378761
-0.00035621243
-0.00023022031
0.000181143
0.00016661837
0.0003222774
3.5263023E-005
0.00034257086
0.00018995747
0.00029685124
0.00043942471
0.00053301087
0.00064236973
0.00030099138
-2.0294116E-005
-0.00019948519
-0.00026179411
-0.00047963188
-0.0003101133
-4.8264243E-005
-0.00015972425
1.3503916E-005
-0.00026150921
-0.00024416359
-0.00027976505
-0.00022590856
-0.0001627834
-0.00032000418
8.1614919E-005
-8.640033E-005
-7.841277E-005
-0.00013444122
3.5156696E-005
7.5948774E-005
-0.00015828943
3.8642782E-005
-5.7725199E-005
-3.6391662E-005
-0.00020379515
-0.00034080344
-7.2403127E-005
-4.2660689E-005
1.7624439E-005
5.3936663E-005
0.00044861427
1.2534917E-005
-0.00014193926
-0.00017987539
-0.00031177848
-0.00019298324
-0.00013492921
-1.5240087E-005
-4.162643E-005
-8.1481812E-005
-0.00032266244
-0.00067270017
-0.00048437479
-0.00039807902
-0.00016071147
5.9338621E-005
0.00042059174
0.00014681359
-1.9316862E-005
-0.00023776937
-0.00031350373
-0.00027649151
-7.1042545E-005
9.426321E-005
3.7027865E-005
