-0.13301353
-0.14138755
-0.14516795
-0.14385304
-0.13755023
-0.12680653
-0.11161594
-0.092977107
-0.071007997
-0.046805866
-0.021069221
0.0055702655
0.031662527
0.056846507
0.080126211
0.10050785
0.11754134
0.13048553
0.13901214
0.14301482
0.14198452
0.13600531
0.12561336
0.11077669
0.092356145
0.07071507
0.046418898
0.020849014
-0.0056811776
-0.032014575
-0.057182066
-0.080595434
-0.10109873
-0.11829958
-0.1316556
-0.14036168
-0.14453587
-0.14365387
-0.13779794
-0.12748459
-0.1126949
-0.094283067
-0.072622985
-0.048274569
-0.02263945
0.0039934833
0.030461879
0.05580356
0.079427905
0.1001717
0.11765418
0.1313343
0.14040661
0.14471415
0.14424928
0.13882968
0.12895353
0.11460967
0.096198171
0.074851215
0.050747745
0.025028419
-0.0015136944
-0.028215954
-0.053679444
-0.077509895
-0.098544493
-0.11638069
-0.13045904
-0.13995603
-0.1447058
-0.14465369
-0.13963425
-0.13012901
-0.11612898
-0.098032787
-0.076981977
-0.053148471
-0.02767802
-0.0013601137
0.025162667
0.050477717
0.074208111
0.095454499
0.11324628
0.12720302
0.13675958
0.14162385
0.141857
0.1370752
0.12745182
0.1137008
0.095846072
0.074849129
0.051201902
0.025858931
-0.00040063326
-0.026922211
-0.052308664
-0.076171383
-0.097613186
-0.11563872
-0.1298611
-0.1396855
-0.14481981
-0.14529045
-0.1407043
-0.13124156
-0.11760473
-0.099828571
-0.078875899
-0.055245697
-0.029540246
-0.0032048365
0.023437954
0.049263146
0.073277533
0.094934031
0.11319533
0.12769565
0.13804153
0.14352223
0.1440756
0.13989231
0.1308412
0.11760978
0.10020833
0.079582132
0.056204222
0.030672941
0.0044059823
-0.022251766
-0.048191104
-0.072411001
-0.094352446
-0.11297015
-0.12788254
-0.13867515
-0.14461833
-0.14563704
-0.14187706
-0.13323338
-0.12033224
-0.10330518
-0.082618535
-0.059528202
-0.034251537
-0.0079638138
0.018464033
0.04439725
0.068485126
0.090345338
0.10919064
0.12409572
0.13494423
0.1410076
0.14220043
0.13868922
0.13032241
0.11771803
0.10097669
0.080547974
0.057656478
0.032525308
0.0063170926
-0.020104356
-0.046092439
-0.070310876
-0.092359252
-0.11144339
-0.12661181
-0.13755412
-0.1438562
-0.14527422
-0.14199644
-0.13376984
-0.12086403
-0.10415123
-0.083722189
-0.060626358
-0.03547851
-0.0089081656
0.017618533
0.043753423
0.06814757
0.090415493
0.10976003
0.12523998
0.13653374
0.14324191
0.14510021
0.14230749
0.13458288
0.12216453
0.10590519
0.085877165
0.063111752
0.038200371
0.011779376
-0.014703522
-0.040882528
-0.065707341
-0.088160202
-0.10773449
-0.12352666
-0.1351839
-0.14244369
-0.14468485
-0.14192754
-0.13452183
-0.12241665
-0.10636945
-0.086649679
-0.064182222
-0.039563715
-0.013407297
0.012834027
0.03881751
0.063476518
0.085807726
0.10530727
0.12107595
0.13276039
0.14010334
0.14248231
0.13990092
0.13271952
0.12084724
0.10503312
0.085514992
0.062809832
0.038238384
0.012071182
-0.014517513
-0.04059815
-0.065547943
-0.088112876
-0.10789119
-0.12421038
-0.13618648
-0.14359273
-0.14621057
-0.14384148
-0.13681254
-0.12505853
-0.10931753
-0.089838043
-0.067130759
-0.042527433
-0.016283881
0.010424007
0.036674358
0.061848179
0.084672958
0.10476162
0.12143977
0.13382965
0.14169131
0.1448243
0.14300829
0.13659483
0.12543586
0.1098572
0.090864956
0.068590999
0.044135913
0.018195871
-0.0085692946
-0.034724094
-0.059885491
-0.083078496
-0.10328633
-0.12014851
-0.1327652
-0.1408906
-0.14428209
-0.14272507
-0.13654682
-0.12561096
-0.11024364
-0.091452457
-0.069362879
-0.045079108
-0.019301031
0.0073349448
0.033379912
0.058472089
0.081620298
0.10182863
0.1186497
0.13134545
0.13959153
0.14329314
0.1419494
0.13565177
0.12494227
0.10979153
0.091066554
0.069139652
0.044583205
0.018784974
-0.0079363482
-0.034148894
-0.059471995
-0.082927838
-0.10349531
-0.12071845
-0.13383386
-0.14251244
-0.14662707
-0.14565809
-0.13969767
-0.12926945
-0.11436284
-0.095839955
-0.074080259
-0.049649507
-0.023956504
0.0027087636
0.029184109
0.054504089
0.078078061
0.098743692
0.11612406
0.12968367
0.13862282
0.14279038
0.14218728
0.13663624
0.12663692
0.1121833
0.094097614
0.072729662
0.048634592
0.023185842
-0.0033067439
-0.029689863
-0.05499772
-0.078637317
-0.099447772
-0.11703266
-0.13083827
-0.14004673
-0.14449558
-0.14414206
-0.13882688
-0.1290403
-0.11478384
-0.096457668
-0.075207859
-0.051209167
-0.025612958
0.00078908534
0.027352048
0.052660547
0.076337323
0.097481295
0.1151273
0.12890197
0.13824463
0.14286773
0.14275199
0.13770127
0.1281939
0.11420126
0.096108004
0.075033017
0.051150981
0.025596065
-0.00085099606
-0.027529951
-0.053038817
-0.076987483
-0.09848015
-0.11652401
-0.13073488
-0.14052156
-0.14559557
-0.14598984
-0.14131732
-0.13176495
-0.11803912
-0.10018203
-0.07916002
-0.055477984
-0.029741723
-0.0034033924
0.023214601
0.04899079
0.072933525
0.094467573
0.11261857
0.12699315
0.13701373
0.14237341
0.14311558
0.13884056
0.12970367
0.11640277
0.098951705
0.078299418
0.054923363
0.029426357
0.0032305182
-0.023320716
-0.049115919
-0.073157355
-0.094887197
-0.11326408
-0.12791036
-0.13841662
-0.1440599
-0.14477396
-0.14071527
-0.13178332
-0.11861133
-0.10133927
-0.08043918
-0.057174712
-0.031767737
-0.0056573711
0.020843547
0.046611797
0.070656732
0.092427701
0.11088429
0.12565339
0.13632986
0.14218894
0.14315179
0.13939169
0.13076943
0.11791113
0.10092436
0.080269024
0.05717995
0.031882692
0.005542032
-0.020975191
-0.047020871
-0.071259767
-0.093291909
-0.1123272
-0.1274198
-0.13826475
-0.14445475
-0.14574449
-0.14232345
-0.13394406
-0.12128759
-0.10446994
-0.083949566
-0.06096844
-0.03573944
-0.0094323689
0.017093815
0.043204322
0.067548655
0.089739904
0.10897839
0.12433325
0.13548598
0.14204594
0.14375255
0.14081216
0.13295209
0.12041674
0.10406888
0.083983451
0.061195783
0.036301665
0.0099377073
-0.016449952
-0.042493768
-0.067144945
-0.089387067
-0.10875004
-0.1242772
-0.13564771
-0.14244068
-0.14439231
-0.14167166
-0.13401096
-0.12166007
-0.10547652
-0.085539356
-0.062886387
-0.038120314
-0.011860585
0.014435431
0.040426936
0.065048024
0.087295853
0.10666879
0.12227161
0.13375649
0.14087525
0.14300992
0.14017296
0.13272896
0.1205968
0.10453426
0.084788993
0.061884537
0.037146129
0.010846786
-0.015839312
-0.041979916
-0.066829085
-0.089369252
-0.10908881
-0.12507398
-0.1369659
-0.14448494
-0.14699982
-0.14451613
-0.13736531
-0.12549007
-0.10963468
-0.090053082
-0.067264915
-0.042608634
-0.016343184
0.010353155
0.036558568
0.061654553
0.084371276
0.10432266
0.12084064
0.13305306
0.14072654
0.14366788
0.14166075
0.13506299
0.12373963
0.10843392
0.089373156
0.067056611
0.042786647
0.01682882
-0.009653151
-0.035731062
-0.060785152
-0.083562955
-0.1036545
-0.12038036
-0.13284251
-0.14080176
-0.14402345
-0.14229885
-0.13596311
-0.12488657
-0.10940368
-0.090531543
-0.068397313
-0.044108763
-0.018373439
0.0081741456
0.034083053
0.058994472
0.081918433
0.10186319
0.1183915
0.13076749
0.13867655
0.14202753
0.14032775
0.13405526
0.12304698
0.10761715
0.088755898
0.066586986
0.042200416
0.016282063
-0.010514993
-0.036758017
-0.062064204
-0.085455097
-0.10591426
-0.12298733
-0.13591748
-0.14437936
-0.14825067
-0.14701873
-0.14078435
-0.13008049
-0.11490068
-0.096111707
-0.074098885
-0.049435891
-0.023530481
0.0033209051
0.029956141
0.055403575
0.078989595
0.099715427
0.11712672
0.13047755
0.13942909
0.14386803
0.14327815
0.13772976
0.12775238
0.11330078
0.095225781
0.073884688
0.049833842
0.024451587
-0.0019546724
-0.028233889
-0.053414047
-0.076906949
-0.097551003
-0.11495554
-0.12857407
-0.13759023
-0.14185317
-0.14132473
-0.13585067
-0.12592839
-0.111563
-0.093166783
-0.071891747
-0.047914386
-0.022389324
0.0038868641
0.030032866
0.055087183
0.078464657
0.098995984
0.11630082
0.1298345
0.1387879
0.14300145
0.14246334
0.13698889
0.12706843
0.11267723
0.094209924
0.072792798
0.048604771
0.022787124
-0.0038742498
-0.030715762
-0.056336544
-0.080344453
-0.10184635
-0.11985104
-0.13397408
-0.1436291
-0.14853239
-0.14871952
-0.14381388
-0.13439593
-0.12045389
-0.10237353
-0.081285194
-0.057358555
-0.031734988
-0.0052016159
0.021602161
0.047265511
0.071406186
0.093123786
0.11144122
0.12596692
0.13612655
0.14161763
0.14249066
0.13835216
0.12936065
0.11622633
0.098959774
0.078512877
0.055364721
0.030117005
0.0041905134
-0.022071801
-0.047564726
-0.071285203
-0.092683271
-0.11072156
-0.12502861
-0.13519999
-0.14051709
-0.1412214
-0.13690919
-0.12775165
-0.11444549
-0.09701477
-0.076412097
-0.053126998
-0.027754338
-0.0017403987
0.024606768
0.050164431
0.073945969
0.095399283
0.11348374
0.12783472
0.13805383
0.14342833
0.14388815
0.13961437
0.13047576
0.1171054
0.099620558
0.078489229
0.054948565
0.029234461
0.0025163705
-0.024335064
-0.050487705
-0.074941292
-0.09713354
-0.11601423
-0.13119897
-0.14226168
-0.14846906
-0.14973387
-0.14619023
-0.13772795
-0.1249652
-0.10802623
-0.087369457
-0.064240485
-0.038856748
-0.012391769
0.014286716
0.040540949
0.06501621
0.087324813
0.10667384
0.12212863
0.13337925
0.14004201
0.14185697
0.1390346
0.13130273
0.11891219
0.10273464
0.082841977
0.060270619
0.035621636
0.0098374952
-0.016224181
-0.041922059
-0.065924644
-0.087829672
-0.10684238
-0.12200688
-0.13300988
-0.13943259
-0.14102511
-0.13796514
-0.12998863
-0.11735789
-0.10093691
-0.080809101
-0.058018062
-0.033166263
-0.0068810955
0.019376902
0.045262605
0.069709621
0.091720149
0.11079622
0.1260469
0.13712806
0.14379454
0.14544086
0.1424378
0.13449994
0.12185946
0.1053679
0.085091129
0.062054504
0.036846176
0.010097412
-0.016750813
-0.043328658
-0.068583891
-0.091493852
-0.11154348
-0.12782148
-0.13996938
-0.14771152
-0.15041974
-0.14810103
-0.14109492
-0.12934497
-0.11360276
-0.094126813
-0.071433857
-0.046867982
-0.020683702
0.0059417542
0.032079972
0.057115257
0.079781219
0.099692225
0.11618105
0.12837681
0.13628751
0.13927796
0.13734305
0.13082626
0.11962555
0.10447735
0.085608423
0.06352336
0.039528191
0.013887225
-0.012235215
-0.03791111
-0.062522307
-0.084816262
-0.1043933
-0.12058114
-0.13248853
-0.13988534
-0.14254303
-0.14026268
-0.13338733
-0.12179328
-0.1058266
-0.086510703
-0.063981965
-0.039354969
-0.013338033
0.013144039
0.039176431
0.064143553
0.086775407
0.10668465
0.12319183
0.13541847
0.1431179
0.14608048
0.14408472
0.13747624
0.12610364
0.11028595
0.091023155
0.068445072
0.043647438
0.017325664
-0.0098642856
-0.03648226
-0.0621439
-0.0858697
-0.10663834
-0.12399897
-0.13719389
-0.14589971
-0.14999883
-0.14898241
-0.14295265
-0.13244888
-0.11746257
-0.098863132
-0.077040642
-0.052941572
-0.027263779
-0.00063882215
0.025490053
0.050758094
0.074173898
0.094735652
0.11199215
0.12519696
0.13401851
0.13835126
0.13767877
0.1320827
0.12209733
0.10768216
0.089693598
0.06848672
0.044623714
0.019482393
-0.0066283378
-0.032556701
-0.057335623
-0.080377042
-0.10052438
-0.11739144
-0.13043869
-0.13886121
-0.14277771
-0.14166318
-0.13560048
-0.12510383
-0.1101573
-0.091616154
-0.069852024
-0.045421302
-0.019723579
0.0069508739
0.033438385
0.058774836
0.08237122
0.10306211
0.12046611
0.13403848
0.14297904
0.14712977
0.14648533
0.14086361
0.13075784
0.1161565
0.097460523
0.075803742
0.05136884
0.025300909
-0.0016049016
-0.028684195
-0.054535061
-0.078766711
-0.10048452
-0.11869334
-0.1331453
-0.14301032
-0.14811811
-0.14840963
-0.14371626
-0.13451336
-0.12078799
-0.10293424
-0.082083911
-0.058407634
-0.033050429
-0.0068003098
0.019701969
0.045043103
0.068847001
0.090214327
0.10817072
0.12233448
0.13213775
0.13728419
0.13783467
0.13339762
0.12414149
0.11077568
0.093321547
0.072736345
0.049503837
0.024576496
-0.001274999
-0.027398244
-0.052405
-0.075908259
-0.097012699
-0.11472501
-0.12865573
-0.13821338
-0.14310539
-0.14335673
-0.13857043
-0.12892577
-0.11512652
-0.097211361
-0.076141611
-0.052415084
-0.026630716
-0.00023557508
0.077237174
0.05349876
0.02769956
0.0012759811
-0.025422925
-0.051278397
-0.075292468
-0.096887283
-0.1150665
-0.12943572
-0.13939503
-0.14464696
-0.14520827
-0.14068469
-0.13125305
-0.11761335
-0.099803239
-0.078782618
-0.05505456
-0.029222183
-0.0027316201
0.024092656
0.050122663
0.074360996
0.096253686
0.11475803
0.12950625
0.14009781
0.14581731
0.14659467
0.1426127
0.13374072
0.12061206
