6.8381582E-005
2.5127247E-005
-0.00013396055
-0.00018313123
1.732175E-005
0.00013135746
-3.779187E-005
-8.9425484E-005
3.0044934E-005
3.3619315E-005
-1.7626879E-005
2.4365563E-005
6.9561996E-005
3.8417013E-005
1.018032E-005
-4.1046451E-006
1.6642469E-005
5.0338731E-005
1.1013844E-005
-1.7721293E-006
2.893541E-005
6.6344568E-005
8.2770777E-005
-1.6029597E-005
-0.0001078368
-1.60814E-005
6.1759623E-005
2.7517333E-005
2.8663428E-005
5.1626983E-005
-4.55554E-005
-0.00014305589
-1.7185495E-005
9.4162788E-005
-4.8467504E-005
-9.9314137E-005
4.8256312E-005
0.00010640879
6.8365072E-005
0.00016211782
0.00025805717
-0.00056060991
-0.0022126376
-0.0014195369
0.0028298367
0.0052112057
0.0025515936
-0.0020972097
-0.0037287583
-0.00028508919
0.003227782
0.0019299468
-0.0017999789
-0.0041351281
-0.0034445433
7.7890536E-006
0.0020708507
0.00029686993
-0.0013985197
-0.00094850117
-0.00037092299
0.00015871058
0.00081885257
0.00057034066
-0.00018103403
-0.00054950698
-0.00051744457
0.00026541544
0.0011244218
-5.7616789E-006
-0.0016939931
-0.00099019916
0.00062073662
0.0011985097
0.00058193842
-0.00068750809
-0.00063993671
0.00049521652
0.00093257433
0.00062291365
0.00027317973
0.00098831044
0.0013958453
-0.00047823318
-0.0016024497
0.00036208119
0.0019170088
0.0004838637
-0.0013239068
-0.000669781
0.00083365798
0.00062548212
-0.00011382933
0.00029249385
0.00045502442
-0.0003970883
-0.00017187657
0.0012798952
0.0010866805
-0.00066284224
-0.00076838623
0.00078849634
0.001124769
-0.00030541213
-0.0012488813
-0.00013848703
0.0011384082
0.00036425568
-0.00076490629
-0.0005003541
-0.00027644096
-0.00050747395
-0.00039217263
-0.00079321204
-0.0010735113
0.00032645839
0.0016153326
0.00070025661
-0.00089407974
-0.001098403
-0.00057236134
-0.00035813628
-1.4912988E-005
0.00077838782
0.0014849863
0.00066009973
-0.0013915099
-0.0018318222
-0.00082149392
-0.0005811514
-0.00017022964
0.001371677
0.0015838373
-0.00035600111
-0.0014197731
-0.00053564116
0.00019595906
0.00021673687
0.00060614076
0.00092635158
6.2785148E-005
-0.00081996876
-0.00029774616
0.00031518549
-0.00025186894
-0.00099041278
-0.00059612177
0.00071492355
0.0011973962
0.00028101329
-0.00052601931
-0.0006546611
-0.00084014185
-0.00055725925
0.0010000705
0.0019126858
0.00036587377
-0.0011808837
-0.00060106843
-8.1500526E-005
-0.00060055999
-0.00014278381
0.00078639935
0.00043336733
-0.0004131654
-0.00050768803
8.8553505E-005
0.00048462389
0.00023492954
9.1162154E-005
0.00041034244
0.00033912749
-0.00020056778
-0.0003123924
0.0003979622
0.00083271618
5.9840309E-005
-0.00042502183
-0.00017063429
-0.00015905127
0.00010722931
0.00063302321
0.00087497756
0.00066451478
-0.00017445296
-0.00066839863
-0.00032021309
4.7004673E-006
0.00040959558
0.00072890415
-6.7159264E-005
-0.0012799405
-0.0011263116
4.0543153E-005
0.00037199998
-0.00019442345
-0.000284168
0.00040454807
0.00055866415
-0.00034597769
-0.00084833713
-0.00028463895
0.00033362865
0.0002806579
0.00018223825
0.00046116786
-3.2696054E-005
-0.0011255884
-0.00075179921
0.00076070504
0.0007390239
-0.00056626397
-0.00058748544
0.00031490967
0.00026477512
-0.00031434852
-0.00024536237
0.00014281772
0.00019207266
0.00023791326
0.00043997733
0.00044519591
0.00011057509
-0.00034212883
-0.00042254897
-5.8852722E-005
4.5207042E-005
7.0592738E-005
0.00065975217
0.0010606883
0.00044538995
-0.00066095626
-0.0010049836
-0.00033610233
0.00019078086
2.7551398E-006
-0.00017061195
0.00017339185
0.00050420745
8.5882559E-005
-0.00061429577
-0.00057537749
-1.406659E-005
0.00021402702
2.4169389E-005
-0.00018962206
-0.00020160654
2.1936357E-005
0.00031974641
0.00014819526
-0.00032975414
-0.00037098333
-3.5632034E-005
0.0006108284
0.00077513431
-0.00030014652
-0.00094946113
-8.8108914E-005
0.00070148526
0.00010289223
-0.0005354904
0.00014114189
0.00097839884
0.00048627533
-0.00061328046
-0.00061124912
0.0001630615
0.00043260763
0.00051313109
0.0006193865
0.00016178482
-0.00040552916
-0.00029242178
5.4834218E-005
3.2418877E-005
-2.301355E-005
0.00036027032
0.00071557431
0.00020223802
-0.00072402542
-0.00080998335
1.0459498E-005
0.00019279456
-0.00059239811
-0.00025333354
0.00073349703
-0.00015227255
-0.0011465208
0.00015141979
0.0011903024
-8.7265274E-005
-0.0010984213
-0.00027096336
0.00039550127
4.2726118E-005
-0.0002715849
-0.00016919598
-3.4579673E-005
-0.00022145301
-0.00024275073
0.00030404402
0.00035136449
-0.00038298356
-0.00048184031
0.00029122224
0.00051625003
-4.0872772E-005
-0.0004328721
-0.00051593158
-0.00045440867
0.00010158738
0.00078855996
0.00042626748
-0.00059186929
-0.00045335453
0.00050232699
0.00022089423
-0.0009196644
-0.00057632988
0.00085805741
0.00099594018
6.3591157E-005
-0.00051701278
-0.0005560242
-5.0684657E-006
0.00063814904
0.00068798597
0.0002358909
5.6474542E-005
0.0003722088
0.00021175441
-0.00011839753
0.00010969993
-3.8873361E-005
-0.00046869769
-0.00026801569
3.4384942E-005
-2.8562232E-005
-0.00027822162
-0.00015837135
0.00036474073
0.00032491819
-0.00013702099
-0.00012379921
0.00020879827
0.00019559152
0.00012407009
0.00043287015
0.00024825794
-0.00050665496
-0.00029326126
0.00034255732
0.00019065404
0.00012123174
0.00025360871
-4.0459014E-005
-0.000135227
0.00015009413
0.00021113672
0.0001359071
0.00012004732
4.0527855E-005
0.0002066024
0.00025367874
-0.00038086594
-0.00058509514
3.133588E-005
0.0002022039
-5.6559478E-005
6.9745707E-005
-0.0001539998
-0.00096002006
-0.00061054283
0.00068488822
0.00059723976
-0.00048707362
-0.00043743011
0.000126119
-0.00030249599
-0.00069676165
0.00010378705
0.0010086081
0.00035133492
-0.0010021495
-0.00082453561
0.00025950349
0.00046645181
0.00013807397
4.4835109E-005
0.00011933772
6.8756264E-005
1.4903148E-006
-7.9237405E-005
-0.00035216616
-0.00040187966
-0.00016892882
3.4160937E-006
6.2831539E-005
9.8577257E-005
-7.8507306E-005
-0.00047225947
-0.00037950306
9.8616092E-006
5.0065577E-005
0.00024279788
0.00049976271
0.0001716948
-0.00015880304
0.00012610739
0.00052248815
0.00036269621
-4.0258041E-005
0.00019033553
0.0005264685
-4.7681588E-005
-0.00046238292
9.0753936E-005
8.2606704E-005
-0.0005337093
-0.00028320018
4.8781898E-005
-0.00034582429
-0.00033702576
0.00033996231
0.00054100191
0.0001589825
9.0003661E-005
0.00033400473
0.00026561719
-9.166271E-005
1.2075063E-005
0.00038575535
-2.9072142E-005
-0.00045288913
9.009763E-005
0.00048164674
5.6175082E-005
-0.00051200221
-0.00064586761
-0.00027033308
0.00024244511
0.00033199377
0.00010496646
2.9788207E-005
-0.00027724745
-0.00068806374
-8.3475221E-005
0.0008069849
0.00040669137
-0.00027718046
-5.4610522E-005
-3.8530809E-005
-0.00055440766
-0.00034305107
0.00040129182
0.0004531173
4.2309384E-005
-0.00017499918
-0.00039888377
-0.0003135968
0.00022610631
0.0004904985
0.00024216267
-0.00017941231
-0.0003647464
-5.6060871E-006
0.0003185742
0.00013284433
-0.00011200178
-0.00035469656
-0.00037152114
0.0002431132
0.00061625411
0.00028819259
0.00016217823
0.00035494476
-7.7006262E-005
-0.0009519197
-0.00084071292
0.00026136762
0.0007738602
0.00047719845
0.00018451668
-0.00011633873
-0.00051110931
-0.00046310842
0.00010189644
0.00044214839
0.00026179804
-3.1789899E-005
-0.00013750247
-0.00013480963
-0.00014908866
-0.0001742522
-3.0065054E-005
0.00054128736
0.00071346498
-0.00019453888
-0.00073641184
-0.00015262589
