-0.0138120116843402,
-0.0278915650661487,
0.321361594689442,
-0.847761951135346,
1.84049312029686,
-2.83616598630143,
4.11282617998750,
-4.63399436680408,
5.01558277604208,
-3.74331730743337,
2.15136977005864,
1.65207985640190,
-5.28501771060238,
10.6978551565043,
-14.2394942679099,
18.2541171530111,
-18.3477501018801,
17.4197704252848,
-10.7549021391025,
2.33799233538712,
11.8846350623490,
-25.9595619367889,
43.8805239479583,
-58.0917867529711,
73.7281641046200,
-80.7372838010770,
86.6723286461675,
-79.5642444344689,
71.5935965058564,
-55.5721677859524,
41.3399564404035,
-24.0740555317716,
10.8424469502511,
2.09671193790651,
-9.47191375100952,
15.0484259010610,
-15.5241990703033,
15.0999070144241,
-11.4898041542109,
8.39630810474066,
-4.02023018641806,
1.21238059802972,
1.51387156565985,
-2.50524163692953,
3.15656517286130,
-2.69808904799332,
2.16113255593527,
-1.29176782552589,
0.675656820053946,
-0.215065189555539,
0.0360565154087356,
