0.018493978
0.014969587
0.009537451
0.0031121033
-0.0028939843
-0.0080367569
-0.012652705
-0.016235862
-0.017696751
-0.016828548
-0.014425455
-0.011070077
-0.0065818918
-0.0010040666
0.0049268249
0.01039143
0.014777924
0.017547587
0.018317807
0.017372981
0.015318869
0.012026251
0.0069361627
0.000442435
-0.0059198197
-0.011139642
-0.015484398
-0.018927783
-0.020547261
-0.019722443
-0.016928978
-0.013217098
-0.0088711902
-0.0035495628
0.0024098498
0.0080238646
0.012431394
0.015142589
0.01588374
0.014754359
0.012406725
0.0091250762
0.004487277
-0.0014584209
-0.0075950334
-0.012581037
-0.016120683
-0.018663
-0.019973477
-0.019239523
-0.016332472
-0.012199862
-0.0075987168
-0.0022452972
0.0038265723
0.0095553501
0.013917089
0.016544715
0.017547946
0.01705868
0.015151073
0.012042801
0.0078237783
0.0024826303
-0.0034042099
-0.008515168
-0.011943175
-0.014023786
-0.015141159
-0.014705027
-0.012118533
-0.007920756
-0.0032233531
0.0016935813
0.0071290396
0.012636706
0.017116629
0.019745298
0.020475645
0.019655393
0.01740939
0.013961129
0.0096755372
0.0045791846
-0.0011631442
-0.0066112317
-0.010608907
-0.01291929
-0.014103175
-0.014197808
-0.012557314
-0.0090574445
-0.0045882221
4.7018216E-006
0.0047957874
0.009838297
0.014239528
0.016891612
0.017529741
0.016671222
0.014643511
0.011376953
0.0069765481
0.0016891324
-0.0041173422
-0.009715776
-0.014077332
-0.016448598
-0.017185641
-0.017043907
-0.015732463
-0.012556045
-0.0078632208
-0.0028200233
0.0019955921
0.0067458148
0.011067956
0.013907734
0.014655081
0.013714162
0.011743908
0.0087275961
0.0044655092
-0.00064702862
-0.0059349597
-0.010871344
-0.014841145
-0.017082404
-0.017538795
-0.0169017
-0.015272219
-0.012015743
-0.007041852
-0.0014143247
0.0037078985
0.0083087245
0.012603033
0.015818805
0.016971532
0.016049616
0.013948104
0.011175686
0.0073531144
0.0025046046
-0.0025793479
-0.0072061261
-0.01089869
-0.013085371
-0.013457601
-0.01246203
-0.01062311
-0.0077097435
-0.0032810669
0.0022099302
0.007439089
0.011712472
0.01537556
0.018250074
0.019382998
0.018360686
0.015807219
0.012577951
0.0087198084
0.0039590136
-0.0012169649
-0.0059038969
-0.0095538683
-0.011904398
-0.012630317
-0.011826876
-0.010174037
-0.0077863024
-0.0041361055
0.00071079802
0.005719258
0.0097131906
0.012543264
0.014707386
0.015901722
0.015265975
0.012814578
0.0095140971
0.0058222464
0.0013473752
-0.0038145564
-0.008816367
-0.012778562
-0.015200723
-0.016071182
-0.015496866
-0.013724441
-0.011147273
-0.0076364623
-0.0029246367
0.0023228049
0.0067457347
0.0096936608
0.011653516
0.012854248
0.012591816
0.01037511
0.0068236254
0.0029167747
-0.0012506117
-0.0059686229
-0.010690581
-0.014343243
-0.016319897
-0.016776245
-0.016008981
-0.01406809
-0.011156164
-0.0074480027
-0.0028514178
0.0023838386
0.0072486037
0.010676987
0.012725079
0.014062499
0.014466602
0.013147268
0.010111891
0.0063628601
0.0026024834
-0.0014613268
-0.0058668917
-0.0096420692
-0.011803051
-0.012289525
-0.011609624
-0.0099296421
-0.0071544503
-0.0034420276
0.00094080885
0.0057388842
0.010402803
0.013901017
0.015644571
0.016252771
0.016186275
0.014822536
0.01168609
0.0074014049
0.0030828321
-0.0009762948
-0.0051581138
-0.0090524666
-0.011516322
-0.012030576
-0.011128377
-0.0094233369
-0.0068237884
-0.0032535084
0.00088261964
0.0052258479
0.0093871886
0.012587145
0.014099467
0.014117095
0.01345489
0.012140397
0.0093847122
0.0051220818
0.00045775503
-0.0037338019
-0.0076346984
-0.011369763
-0.014157674
-0.015129178
-0.014420719
-0.012900518
-0.010806478
-0.0077029443
-0.0036671909
0.00067365635
0.004777668
0.0081460429
0.010121414
0.010445106
0.00974066
0.0084926691
0.0062183226
0.0024490312
-0.0021617881
-0.0063507152
-0.0097428206
-0.012813679
-0.015328985
-0.016258214
-0.015231839
-0.013032003
-0.010384941
-0.0070941625
-0.002936519
0.0015854968
0.0057068542
0.0088988682
0.010881567
0.011489606
0.010920021
0.0097300308
0.0079758307
0.005047394
0.00092667819
-0.0031812317
-0.0062848898
-0.0086664045
-0.010609221
-0.01150758
-0.010756788
-0.0086329225
-0.0060585882
-0.0032895093
0.00026361662
0.004559977
0.0086552445
0.01174491
0.013626235
0.014272731
0.013632795
0.012074153
0.0099383499
0.0068866177
0.0027421324
-0.0017335636
-0.0053744814
-0.0077706939
-0.0094880397
-0.010685267
-0.010571946
-0.0087853083
-0.006103524
-0.0032427148
9.4899212E-007
0.0038030234
0.0075477958
0.010363786
0.011844391
0.012173471
0.011512637
0.0098567344
0.0074986676
0.004564371
0.00073952833
-0.0037643244
-0.0078310929
-0.010548167
-0.012177003
-0.013278578
-0.013548945
-0.012349702
-0.0098426379
-0.0069232634
-0.003950913
-0.00052442437
0.0032105225
0.0062716533
0.0078959009
0.0081991451
0.0076388386
0.006271482
0.0040822481
0.0012310442
-0.0022338161
-0.0061602201
-0.0098931119
-0.012391767
-0.013353143
-0.013566541
-0.013320332
-0.011909991
-0.0089917183
-0.0052663819
-0.0016754402
0.0017461664
0.0053516314
0.0086072795
0.010520395
0.010883398
0.01030615
0.0091218548
0.0071442523
0.0044442695
0.0013005501
-0.0021265652
-0.0054810317
-0.0079789385
-0.0089942031
-0.0089281667
-0.0085380245
-0.00757627
-0.0053150593
-0.001929632
0.0015793587
0.0047051795
0.0077757682
0.01079467
0.012892314
0.013292884
0.012357033
0.010957118
0.0091405688
0.0065494487
0.0033158567
-0.00021394997
-0.0036805286
-0.0065061278
-0.0080368388
-0.0082426192
-0.0078354422
-0.0071003227
-0.0054638833
-0.0025344065
0.0010205706
0.0040646694
0.0064416798
0.0086570261
0.010366278
0.010717387
0.0096752876
0.0080056991
0.0061098821
0.0036142401
0.00031732407
-0.0033195037
-0.0066467985
-0.009272879
-0.010948619
-0.011400311
-0.010925871
-0.010193568
-0.0089779822
-0.0065581496
-0.0031763259
3.4466528E-005
0.0024514224
0.0045036841
0.0064579756
0.0076068789
0.0071968385
0.0055850074
0.0037376327
0.0016990575
-0.001086254
-0.0044004773
-0.0075093322
-0.0099017955
-0.011320259
-0.011602786
-0.01082857
-0.0094786538
-0.0077536562
-0.0052101975
-0.0016354953
0.0022166567
0.0051907841
0.0071443017
0.0087868599
0.010011615
0.0099788504
0.0085828425
0.0066222497
0.0045877327
0.0021299145
-0.00095961435
-0.0040796078
-0.0063334089
-0.0073924321
-0.0075581623
-0.0069565158
-0.0056621809
-0.0040156678
-0.0018782341
0.0011771906
0.0047794902
0.0078254631
0.0096757915
0.01078289
0.011631408
0.011741698
0.010418129
0.0079936311
0.0054765986
0.0030300752
0.00013231156
-0.0030081689
-0.005511913
-0.0067964494
-0.0069996631
-0.006497242
-0.0053461348
-0.0036912246
-0.0017220767
0.00079590181
0.0038878948
0.0067740441
0.0084976554
0.0090285391
0.009124686
0.0089399042
0.0077973604
0.0054301252
0.0025982829
3.452184E-005
-0.0025891813
-0.0055898703
-0.0082216794
-0.009603261
-0.0097179739
-0.0091838771
-0.0083190696
-0.0069583529
-0.0050943992
-0.0028046558
-8.4637904E-005
0.0026661046
0.0046250802
0.0053890753
0.0054959622
0.0055034584
0.0050216625
0.0033473726
0.00070632069
-0.0018615916
-0.0040302235
-0.0063483468
-0.0087037571
-0.010169945
-0.010235953
-0.0093808984
-0.0082521057
-0.0067428695
-0.0045585278
-0.0018668219
0.0010251632
0.0038324348
0.0061143623
0.0073189619
0.0074924328
0.007369516
0.0070763016
0.0058757802
0.0034913321
0.0007476905
-0.0014746687
-0.0033368545
-0.005239801
-0.0066937516
-0.00688976
-0.0059189
-0.0047030351
-0.0035265752
-0.0018130181
0.00057679066
0.0032408272
0.005810502
0.0079200203
0.0091639804
0.0093600051
0.0089423321
0.0084494362
0.0075474177
0.0055330116
0.0026807713
0.0001244249
-0.0017160733
-0.003420616
-0.0050781611
-0.0058966666
-0.0054167472
-0.0042063589
-0.0029864332
-0.001544034
0.00060763222
0.0032020235
0.0055465666
0.0071813478
0.0079719331
0.0078481603
0.0069895121
0.0059289713
0.0047084279
0.0026898277
-0.00030922375
-0.0033847196
-0.0055510113
-0.0069959029
-0.0083341636
-0.009268784
-0.0090949181
-0.0078926785
-0.0065060798
-0.0052666371
-0.003586022
-0.0012249225
0.0011894113
0.0029549906
0.003880668
0.0041171843
0.0037385086
0.00294255
0.0019957819
0.00062475342
-0.0016030516
-0.0042946669
-0.0063482933
-0.007340617
-0.0079635074
-0.0085650543
-0.0085092494
-0.0072826492
-0.0053760963
-0.003625406
-0.0019012073
0.00041413825
0.0030107908
0.0049718171
0.0059107002
0.0061030178
0.0057896874
0.0050101709
0.0039565032
0.002645737
0.00079308997
-0.0015442176
-0.0036404443
-0.0046855058
-0.0048710159
-0.0050279051
-0.0050885086
-0.0042597591
-0.0024697173
-0.00055467192
0.0010441585
0.0028405318
0.0050898022
0.0070924601
0.0080693597
0.0080790957
0.0077172727
0.0071357298
0.0061449315
0.0047853994
0.0030474977
0.00082896627
-0.0015124088
-0.0031579013
-0.0037867229
-0.0040303534
-0.0043229163
-0.0041542063
-0.0029264707
-0.001000035
0.00068703952
0.0020873151
0.0038164128
0.0056074662
0.0065392074
0.0063200723
0.0055235871
0.0046721189
0.0035793588
0.001957577
-0.00010027023
-0.0024272627
-0.0048027327
-0.0066672252
-0.0074386555
-0.0074080774
-0.0073823701
-0.0073134159
-0.0064520203
-0.0046664574
-0.0027757313
-0.0013861764
-7.1072573E-005
0.0015426163
0.0028254036
0.0029945637
0.0022816518
0.0015620396
0.00091988983
-0.00020083204
-0.0018389317
-0.0036833759
-0.0054774112
-0.0068785362
-0.0074749878
-0.0072199325
-0.0067275688
-0.0063768523
-0.0056139575
-0.0038395685
-0.0014149178
0.00063833321
0.0020822072
0.0035728768
0.0050462997
0.0056657013
0.0052099363
0.0043639839
0.003678567
0.00280541
0.0012857094
-0.00060643576
-0.0023036166
-0.003485661
-0.0040014675
-0.0037517485
-0.0030233744
-0.0023777224
-0.0017519223
-0.00044334191
0.0017080321
0.0037872789
0.0050535658
0.0059461142
0.0069623017
0.0076633887
0.0073880372
0.0063255513
0.0053687966
0.0046534557
0.0034516167
0.0016462759
-0.00015213041
-0.0014427335
-0.0021365038
-0.0023367363
-0.0021057641
-0.0017277874
-0.0014204552
-0.0007183167
0.00085716636
0.0028073604
0.0040766499
0.0044915979
0.004829458
0.0052602296
0.0050940593
0.0040219217
0.0026220367
0.0014687692
0.00021310778
-0.001671453
-0.003763034
-0.0051987222
-0.005759404
-0.0058201635
-0.0055511128
-0.0050012404
-0.0044270647
-0.003712872
-0.0023913349
-0.00051699171
0.0011117839
0.001812794
0.0019885837
0.0023879888
0.0027354711
0.0022429843
0.00099407358
-0.00012337716
-0.0008809701
-0.001978484
-0.0035893503
-0.0049529811
-0.0054422021
-0.0052549937
-0.0048925411
-0.0043902164
-0.0036433849
-0.0026769815
-0.0012991307
0.00061728759
0.0026087451
0.0038371738
0.0041589914
0.004402156
0.0049004359
0.0049316664
0.0039950432
0.002643557
0.0016461906
0.00079437986
-0.00050040166
-0.0018988169
-0.002506909
-0.0021485661
-0.0015033777
-0.00096628472
-0.00029201197
0.00067094335
0.0019346356
0.0035371773
0.005235821
0.0064313184
0.0066944701
0.0064658062
0.0064805783
0.0065439078
0.0058569219
0.0043843524
0.0030386231
0.0021924165
0.0011800384
-0.00019953425
-0.0011968508
-0.0012738627
-0.00080602354
-0.00047708279
-0.00024772025
0.0003790246
0.0014716653
0.0027715282
0.0040467875
0.0049862918
0.0051675672
0.004657852
0.0041932454
0.0040152427
0.0034122353
0.0018718466
-6.0700415E-005
-0.0015000394
-0.0025165896
-0.0037212574
-0.0048840563
-0.0052162344
-0.00465674
-0.0039970065
-0.0036473903
-0.0031253938
-0.0020567507
-0.00069512601
0.00052814744
0.0013974048
0.001792793
0.0015518459
0.001014763
0.00078479812
0.00063239702
-0.00015367249
-0.0015675375
-0.0027636243
-0.003252357
-0.0036237461
-0.0043175472
-0.0047383397
-0.0043077799
-0.0034325677
-0.0028592807
-0.0024718391
-0.0015998119
-0.00017530567
0.0012616427
0.0022932712
0.0028914711
0.0030519525
0.0028503169
0.0027547686
0.0028549659
0.0024940809
0.0012917122
-0.00016889679
-0.00096857292
-0.0011273554
-0.0014035823
-0.0018038844
-0.0016136138
-0.00067768374
0.00027935675
0.00082447508
0.0015481585
0.002889921
0.0043490981
0.0052790362
0.0055562006
0.005436481
0.0050916141
0.0046418132
0.0042890171
0.0038519686
0.0028300832
0.0012841302
7.8687845E-005
-0.00027996831
-0.00045154063
-0.0010200927
-0.0014882667
-0.001209856
-0.00046077493
-3.2194395E-005
0.00012863231
0.00079336052
0.0019620827
0.0028394975
0.0029719588
0.0026499003
0.0022931946
0.0019095619
0.0014360773
0.00082139863
-0.00024944736
-0.0019133687
-0.0035853961
-0.004416998
-0.0044889562
-0.0046783625
-0.0051214029
-0.0050786017
-0.0042574727
-0.003316012
-0.0028121201
-0.0022812597
-0.0012133672
-0.00010637996
0.00026001135
-8.1550694E-005
-0.00045541013
-0.00063719315
-0.00093160407
-0.0014111057
-0.0020659524
-0.0030334273
-0.0041390676
-0.0047446331
-0.0045190952
-0.0041034361
-0.0041455249
-0.0042128684
-0.0035497937
-0.0023415191
-0.0014685739
-0.0010290242
-0.00026543799
0.00090088602
0.0016610905
0.0015732091
0.0011784051
0.0011103073
0.0011604367
0.00092852174
0.00040964113
-0.00036533148
-0.0012851552
-0.0019376915
-0.0018579512
-0.0012045484
-0.00078138703
-0.00078768365
-0.00044515706
0.000691947
0.0019506749
0.0026114727
0.0030701398
0.0039109904
0.0047075502
0.0047219358
0.0040694317
0.0035558646
0.0034358432
0.0031453918
0.0023682392
0.0013722359
0.00045212841
-0.00027078204
-0.00056276005
-0.00030222681
-7.4838419E-005
-0.00040874223
-0.00079495553
-0.00046308307
0.00045229684
0.0010501281
0.0010349762
0.0011281779
0.0016115451
0.001811712
0.0013086867
0.00065020315
0.0004520748
0.00032360177
-0.00039510598
-0.001579988
-0.0027206847
-0.0035185544
-0.0039052428
-0.0038611132
-0.0035912609
-0.0035880147
-0.0038416637
-0.0036552704
-0.0026950068
-0.0016207253
-0.0012058845
-0.0011483059
-0.00073956553
-0.00022502021
-0.0003582369
-0.0010890589
-0.0015756646
-0.0015778861
-0.0018066346
-0.0026169899
-0.0035413781
-0.0040277261
-0.0040033897
-0.003717395
-0.0032851249
-0.0028978945
-0.0028008036
-0.0026386008
-0.0018062732
-0.00048802892
0.00040328127
0.00057071238
0.00076882256
0.0014059851
0.0018997522
0.0017214348
0.0012605273
0.0011811624
0.0012053056
0.00064745889
-0.0003104237
-0.00092039851
-0.0008611611
-0.00048750354
-0.00013631971
0.00021338214
0.0004781032
0.0007132428
0.0013699436
0.0025821284
0.0037137647
0.0040358002
0.0038363929
0.0039616106
0.0043421458
0.004200852
0.0034055857
0.0027343072
0.0025920419
0.0023014685
0.0014095048
0.00052213814
0.00030608001
0.00057164597
0.00070750999
0.0006039986
0.0004901184
0.00044427282
0.00062150689
0.0011916133
0.0018956449
0.0020632893
0.0014938161
0.0010064879
0.0011744285
0.0013570876
0.00082840899
-6.4327302E-005
-0.00055620651
-0.00080535864
-0.001510635
-0.0025369641
-0.0030771072
-0.0028580762
-0.00250916
-0.0025585394
-0.0027228864
-0.0026533101
-0.0023406092
-0.0017558837
-0.00094741967
-0.00032982911
-0.00038361075
-0.00081507833
-0.00082343933
-0.00044776872
-0.0005004378
-0.0012445507
-0.0019460396
-0.0020612974
-0.0021768613
-0.0027918976
-0.0033159747
-0.0031017181
-0.0024493507
-0.0021321669
-0.0022260088
-0.0021433267
-0.0016552573
-0.00095476001
-0.00018363132
0.00050908246
0.00080138724
0.00066131342
0.00073301396
0.001401639
0.0020357529
0.0018944568
0.0012601441
0.0010197461
0.0011851735
0.0010072641
0.00047661588
0.00032923787
0.00083096192
0.001337798
0.0013188904
0.0012430164
0.0016833483
0.0025205996
0.0033794323
0.0040102624
0.0042820317
0.0041077971
0.0037609932
0.0037949828
0.0040724771
0.003821206
0.0028450573
0.0019294054
0.0017264265
0.0017250173
0.0012548181
0.00071292429
0.00078587816
0.0012460111
0.0013017225
0.0009244979
0.0008483149
0.0013126773
0.0018320265
0.0019546987
0.0017203647
0.001343219
0.00090677739
0.00068887509
0.00083254196
0.00079207495
3.4820659E-005
-0.0010852595
-0.0016837488
-0.001659299
-0.0018241559
-0.0024090044
-0.0027474468
-0.0024892653
-0.0022003208
-0.0024343368
-0.0026752725
-0.0022252891
-0.0013937778
-0.00088154129
-0.00086672476
-0.0010490322
-0.0012118882
-0.0013135879
-0.0012362304
-0.0011252782
-0.0014520267
-0.0022879175
-0.0029471919
-0.0028214327
-0.0023873667
-0.0024175833
-0.002677022
-0.0024533616
-0.001793236
-0.0014444867
-0.001536906
-0.0012940292
-0.00044886785
0.00030216062
0.00042666029
0.00025360635
0.00031175648
0.00060842588
0.0010148191
0.0014356321
0.0015411745
0.0011412185
0.00060151075
0.00063144392
0.0012881407
0.0016589008
0.0013412752
0.0010812692
0.0014579132
0.0020023028
0.0020828873
0.00206427
0.0026055833
0.0034376362
0.0037899965
0.0035089925
0.0032135916
0.0032665518
0.0033505613
0.0032503032
0.0029638908
0.0023709179
0.001540715
0.00099581096
0.0011334051
0.0014209435
0.0010858794
0.0003960343
0.00021761356
0.00066183368
0.00091894413
0.00064637809
0.00056643219
0.0010374284
0.0013714082
0.0010039236
0.00038624046
0.00025303365
0.00047220776
0.00047295645
0.00010951663
-0.00052830292
-0.0013129411
-0.0019688883
-0.0021289645
-0.001888427
-0.0020068609
-0.0027396078
-0.0033085358
-0.0030928475
-0.0025381299
-0.0024251044
-0.0025388852
-0.0021503642
-0.0014649199
-0.0012808443
-0.0016983498
-0.0019771652
-0.0017376418
-0.0015290302
-0.0017831466
-0.0023039191
-0.0027943177
-0.0031012269
-0.0030849662
-0.0026503934
-0.0021912318
-0.0022526889
-0.0025305382
-0.0022351632
-0.0013041826
-0.00057989371
-0.00054088695
-0.00050783349
4.846209E-005
0.00056616118
0.0004901202
0.00023983675
0.00051466294
0.0011114847
0.0012914084
0.00093773426
0.00053770776
0.00045724795
0.00064691977
0.00099852099
0.0013974677
0.001425154
0.0010148999
0.00086657517
0.0014665046
0.0023117187
0.0025767926
0.0023983286
0.0025730811
0.0031136032
0.0032977776
0.002908871
0.0026319255
0.0028908232
0.0030366764
0.0025257801
0.0017539839
0.0013045552
0.001250967
0.0012826791
0.0012507419
0.0010912837
0.00064508704
0.00019132619
0.00029066767
0.00088072027
0.0011556955
0.0006617959
9.8641525E-005
0.00016752054
0.00042969649
0.00020780976
-0.00025543012
-0.00027271133
8.3783016E-006
-0.00019479512
-0.00096752541
-0.0016194229
-0.0017254433
-0.0016262184
-0.0017523332
-0.0020669103
-0.0025279378
-0.0030711195
-0.0032588239
-0.0028156741
-0.0021920775
-0.0021208038
-0.0024789451
-0.002419159
-0.0018410018
-0.0015049572
-0.0017723977
-0.0020577796
-0.0018500559
-0.0017133204
-0.0022358494
-0.0029203966
-0.0030184519
-0.0025866616
-0.0022585585
-0.0022532321
-0.0022810833
-0.0021870127
-0.0018790526
-0.0012016919
-0.00029991561
0.00024162265
8.7197397E-005
-8.7872933E-005
0.00045480335
0.001254989
0.0014419307
0.0011221466
0.0011122292
0.0014904249
0.0015075238
0.0010256659
0.00079029746
0.0012086958
0.0017068126
0.0016820593
0.0013902809
0.0012704933
0.0014089402
0.0018211101
0.0024461166
0.0029719914
0.0029666086
0.0025959215
0.0026598626
0.003260846
0.0035504047
0.0030782076
0.0024861628
0.002449655
0.0025174143
0.0020319535
0.0013653943
0.0012391603
0.0015699764
0.001591377
0.0010852215
0.0006662886
0.00067964912
0.00091270986
0.0011317196
0.0012072134
0.00094651832
0.00029230161
-0.00020703433
-3.1983403E-005
0.0003398429
9.5929732E-005
-0.00068328698
-0.00114747
-0.0010595546
-0.0011498344
-0.0017085975
-0.0020965086
-0.001899594
-0.0016811445
-0.0021010633
-0.0027691154
-0.002954385
-0.0026581688
-0.0022713214
-0.0020337778
-0.0019764164
-0.0021062861
-0.0022775012
-0.0020263207
-0.0013517713
-0.0010219187
-0.0014707918
-0.0020763986
-0.0020773381
-0.0018029327
-0.0019976487
-0.0024633636
-0.0024736037
-0.0020157967
-0.0018402397
-0.0021471416
-0.0021910968
-0.0015868347
-0.00079351856
-0.00031945357
-0.0001691863
-8.485424E-005
1.1895208E-005
0.00029079826
0.00094318594
0.0015494932
0.0015183032
0.0010185161
0.00089533173
0.0014459018
0.0018750231
0.0016767198
0.0014355171
0.0016845519
0.0019916249
0.0017399921
0.0013060597
0.0014634073
0.002133246
0.0026419812
0.00267208
0.0025363888
0.0025438878
0.0026630971
0.0029395144
0.0032866923
0.0032275764
0.0025548476
0.0018391493
0.0017738807
0.0020394528
0.0017858772
0.0010923765
0.00077095017
0.0010363131
0.0011780517
0.00082987908
0.00068610103
0.0011697406
0.0016536495
0.0014954552
0.00091542571
0.00054746977
0.00050675141
0.00053712481
0.00052279199
0.00028391078
-0.00037418524
-0.0012175061
-0.0015767916
-0.0012569809
-0.0010881366
-0.0016408918
-0.0023085973
-0.0023922625
-0.0022019034
-0.0024564269
-0.0029378189
-0.0028613326
-0.0022990245
-0.0020430184
-0.0023741275
-0.0026635451
-0.0024129448
-0.0019419402
-0.0016045044
-0.0014709695
-0.0016425285
-0.0020564077
-0.0023051412
-0.0019805704
-0.001415911
-0.0014268906
-0.0019665777
-0.0021290111
-0.0015788666
-0.0010608096
-0.0010880365
-0.0010380561
-0.00041032652
0.00025005717
0.00031143008
5.1164119E-005
0.00023755615
0.000885216
0.0013485595
0.0014146096
0.0012793805
0.0010888281
0.0010013094
0.0013000786
0.001979901
0.0023558999
0.0019878095
0.0014949992
0.0016154228
0.0020971533
0.0021562674
0.0018423547
0.0019345601
0.002492042
0.002765341
0.0024781604
0.0023052082
0.002735093
0.0032518567
0.003283819
0.0029207934
0.0024872494
0.002149391
0.001947043
0.0019651775
0.0019821748
0.0014900847
0.00066576147
0.00032182407
0.00070909871
0.0010888026
0.00083325367
0.00045385963
0.00060466822
0.00090927375
0.00070803514
0.00019968652
0.00014174514
0.00051914755
0.00051804393
-0.00011280915
-0.00085005973
-0.0012689559
-0.0014013733
-0.0013926673
-0.0013507924
-0.0016168047
-0.002333011
-0.0029335306
-0.0028370982
-0.002337645
-0.0022904561
-0.0027614669
-0.0029004102
-0.0024635457
-0.0021295028
-0.0022706923
-0.0023579928
-0.0018967817
-0.0013914852
-0.0015053739
-0.0020207786
-0.0022906594
-0.0021081557
-0.0018335967
-0.0016880376
-0.0016354639
-0.0018106027
-0.002042901
-0.0017566808
-0.00088557322
-0.00014618556
-0.00010322638
-0.00026982694
0.00011453919
0.00080998277
0.0010413972
0.00080376922
0.00086014747
0.0013449175
0.0014847071
0.0010333055
0.00067122781
0.00093353557
0.0015294886
0.0018802956
0.0019152361
0.0017827572
0.0015360328
0.0014830455
0.0019367271
0.0025774012
0.0026699158
0.0022033835
0.0020564734
0.0025421141
0.0029653553
0.002824286
0.0025630731
0.0027932981
0.003124255
0.002813916
0.0021267855
0.0018625518
0.0020921975
0.0021411935
0.0017048826
0.0011504096
0.00074233953
0.00055296882
0.00068382162
0.0010210047
0.0011106126
0.00059559318
-3.1122228E-005
2.5404104E-005
0.00049888983
0.00047433979
-0.00014407044
-0.00056004402
-0.00050002278
-0.00067146309
-0.0013717564
-0.0019255943
-0.0018133236
-0.001486601
-0.0016843176
-0.0023083254
-0.0027953233
-0.0029922801
-0.0029714529
-0.0027772123
-0.0025965977
-0.002798018
-0.0033188327
-0.0033936959
-0.0027557905
-0.0021701299
-0.0022417235
-0.002547595
-0.0023508624
-0.0019029947
-0.0019691871
-0.0023811804
-0.0023974634
-0.001966465
-0.0017891763
-0.0021707378
-0.002524469
-0.0023609791
-0.001829571
-0.0012358978
-0.00070213439
-0.00034250499
-0.00030029772
-0.00019076437
0.00052099786
0.0014500452
0.0017490439
0.0013311761
0.0010234076
0.0013147653
0.0015623502
0.0012666206
0.00096817326
0.0012339341
0.0016833424
0.0015664576
0.001068346
0.00097539858
0.0013926745
0.0018696155
0.0021124966
0.0021224648
0.0019554112
0.0017480332
0.0019144635
0.0025287035
0.0029419356
0.0026628354
0.0021448911
0.0021826404
0.0025945576
0.0025243238
0.0019458607
0.0016038616
0.001698113
0.0015535927
0.00085425418
0.00028807059
0.00037180757
0.00074476004
0.00082383479
0.00051653449
0.00016642033
-8.3217506E-005
-0.0001925699
-1.0348846E-006
0.00019639466
-0.00019036274
-0.0011229233
-0.0017922501
-0.0017089627
-0.0015301924
-0.0019291522
-0.0024735904
-0.0025073548
-0.002300506
-0.0025773754
-0.0031678809
-0.0032407688
-0.0027412316
-0.0023740265
-0.0025249843
-0.0028755607
-0.0029914717
-0.0028396954
-0.0024628243
-0.0019338161
-0.0016508643
-0.0018999429
-0.0022634992
-0.0020180282
-0.0013228965
-0.0011143754
-0.0015578539
-0.0018553586
-0.0016072158
-0.0013978191
-0.0016927775
-0.0019182964
-0.0014844338
-0.00079381419
-0.00054628891
-0.00069562625
-0.00058498321
-3.4895274E-005
0.00058399094
0.0011094105
0.0014366952
0.0013579223
0.0010046408
0.00095106097
0.0015047728
0.0020096898
0.0017796223
0.0012724025
0.0012917418
0.0017155764
0.0017858626
0.0014781065
0.0015821951
0.0022290247
0.0026378727
0.002396255
0.0020530261
0.0022122159
0.0026678236
0.0029844635
0.003069378
0.0029127286
0.0025417167
0.0022192376
0.0023407007
0.0026945157
0.0024490841
0.0015399083
0.00086635794
0.00090117147
0.0010663263
0.00073470455
0.0003294998
0.00049681327
0.00089273026
0.00079381547
0.00027993356
0.0001467309
0.00056787435
0.00083126547
0.00057656708
9.5289543E-006
-0.00065004017
-0.0012086671
-0.0014353096
-0.0012890861
-0.0012973882
-0.0019551408
-0.0027965785
-0.002998004
-0.0026034568
-0.0024751148
-0.0028426177
-0.0029100953
-0.0024227682
-0.0020989527
-0.0023269183
-0.0025528944
-0.0021661755
-0.0015013039
-0.0012512462
-0.0014517022
-0.0016830458
-0.0016933349
-0.0015206776
-0.0011714319
-0.00081112637
-0.00095074141
-0.0015322048
-0.0017622019
-0.0012735663
-0.00066856592
-0.0006573046
-0.00089283288
-0.00058100955
0.00010049953
0.00040835631
0.00032890993
0.00058739603
0.0013534008
0.0018556468
0.0016760677
0.0012834596
0.0011980408
0.0014178299
0.0016993668
0.0019485219
0.0019753042
0.0016007731
0.0012241368
0.0014456764
0.0021477093
0.0024834878
0.0021661306
0.0019979826
0.002417091
0.0028163712
0.0026837315
0.0024535845
0.0027946457
0.003355874
0.0033199657
0.0027752283
0.0023977405
0.0024401075
0.0025477207
0.0023847641
0.0019832784
0.0013551167
0.00062597787
0.00028227782
0.00052345515
0.00078106049
0.00041623745
-0.00021936842
-0.000274319
0.0001974756
0.00038489563
6.0149228E-005
-9.7955344E-005
0.00019245708
0.00020513557
-0.00047992633
-0.0012794724
-0.0015244186
-0.0013761335
-0.0014992593
-0.0019947363
-0.002549672
-0.0030675705
-0.0033527515
-0.0031390905
-0.0026368995
-0.0025107514
-0.0029609515
-0.0032036828
-0.0027167529
-0.0021023832
-0.0020400051
-0.00225068
-0.0020058532
-0.001483157
-0.0015019735
-0.0019886307
-0.002132046
-0.0017114381
-0.0013590353
-0.0015217562
-0.0018763491
-0.0020781392
-0.0020699778
-0.0017635708
-0.0012045084
-0.00076355517
-0.00082784734
-0.0010588052
-0.00064365455
0.00033569415
0.00095884904
0.00089514931
0.00082809554
0.0012423284
0.0015552805
0.0012356252
0.00081220211
0.00099459814
0.0015107376
0.0015458189
0.0010978248
0.00080279715
0.00088983041
0.0012541001
0.0017596907
0.0022092282
0.002309731
0.0020046344
0.0019271995
0.0025186515
0.0031410821
0.0030561825
0.0025690538
0.0025320074
0.0029040796
0.0028599449
0.0023432143
0.0020738023
0.0022555068
0.0022550661
0.0016185141
0.0008385377
0.00052447169
0.00056899281
0.00059349858
0.00047710727
0.00021868253
-0.00025737443
-0.0006596506
-0.00044203701
0.00015587659
0.00027398189
-0.00033120121
-0.00094003865
-0.00095230225
-0.00086519256
-0.0013112238
-0.00192005
-0.0020372514
-0.0018492978
-0.0021352759
-0.0029021611
-0.0033075167
-0.0030716418
-0.0026824367
-0.0025389432
-0.0026138215
-0.0027494149
-0.0028675895
-0.0026766832
-0.0020263707
-0.0014773336
-0.0016008219
-0.0020841034
-0.0020838622
-0.0015369236
-0.0013080667
-0.0016648063
-0.0019100488
-0.0016539178
-0.0014421239
-0.0017964274
-0.0022185228
-0.0020199055
-0.0013943606
-0.00096136151
-0.00090710045
-0.00088285515
-0.00064364326
-0.00019056119
0.00054919499
0.0013530069
0.0016568162
0.0013383307
0.0010761623
0.0014718174
0.0020091143
0.0018991643
0.0014073134
0.0012914566
0.0015489553
0.0014733286
0.00099808152
0.00093871675
0.0015664925
0.0022170611
0.0023332369
0.0021495549
0.0021853899
