0.045409936
0.038698435
0.030391926
0.020561701
0.011525225
0.0028982237
-0.0042533637
-0.0098706884
-0.012748654
-0.012800146
-0.010628801
-0.0066587231
-0.0014657824
0.0048834318
0.011232187
0.01694042
0.020909742
0.022686282
0.021880258
0.01866412
0.013517401
0.0063968073
-0.0024534038
-0.012372284
-0.02195636
-0.030285273
-0.03708354
-0.042096183
-0.044570904
-0.044058837
-0.04088774
-0.035911519
-0.029672144
-0.022390913
-0.014762173
-0.007708163
-0.0022056845
0.0011971088
0.0022273499
0.00092471618
-0.0022905532
-0.0071177534
-0.013430428
-0.020727836
-0.027881762
-0.033730183
-0.037737586
-0.039945625
-0.039943743
-0.037187673
-0.031718906
-0.024313997
-0.015872914
-0.0066637942
0.0028581866
0.011834446
0.019247502
0.024414629
0.027202362
0.027609581
0.025872387
0.022373134
0.017386448
0.01125903
0.0048497673
-0.00065088581
-0.004410489
-0.0063831173
-0.0066137621
-0.0046180929
-0.00018687357
0.0061758459
0.013430419
0.020938301
0.028537864
0.035548288
0.041011736
0.044092242
0.044606753
0.042763524
0.038744763
0.032914162
0.025656363
0.017377267
0.0087471688
0.00081891852
-0.0054255729
-0.0096758632
-0.012145837
-0.012691741
-0.010926289
-0.0070146895
-0.0018419652
0.0035981014
0.009002992
0.014098961
0.018028347
0.019910717
0.019357109
0.016662039
0.0121194
0.0058938041
-0.0015942558
-0.0098993285
-0.018379718
-0.026176265
-0.032306891
-0.036172617
-0.037915681
-0.037776329
-0.035523396
-0.031026281
-0.024917029
-0.018305484
-0.011909313
-0.0058717085
-0.00070311915
0.0026623979
0.0036575585
0.002427619
-0.00049129408
-0.0048583071
-0.010426412
-0.016666789
-0.022995956
-0.028584756
-0.032653473
-0.034536798
-0.034162931
-0.031912182
-0.027840927
-0.021788036
-0.014028316
-0.0056158188
0.0024261726
0.0097513162
0.016229734
0.021133756
0.023730753
0.023909468
0.022201113
0.019122731
0.014750994
0.0094933212
0.0039743958
-0.0010084525
-0.0047116694
-0.0065948688
-0.0063673607
-0.0043363278
-0.00081429176
0.00425222
0.010811301
0.018135423
0.025076704
0.030939884
0.035670407
0.038964033
0.04008016
0.038666327
0.035108771
0.030166524
0.024149699
0.01722916
0.010003688
0.0032628151
-0.0022102725
-0.0059423754
-0.0077050724
-0.0075640706
-0.0059265094
-0.0029214215
0.0014581474
0.0067675263
0.012004853
0.016162153
0.01902291
0.020627555
0.020536307
0.018199891
0.01371453
0.0078347363
0.001189638
-0.0061056898
-0.013728953
-0.020835988
-0.02658949
-0.030433116
-0.032278851
-0.032138843
-0.030278647
-0.027037505
-0.022471067
-0.016855527
-0.010926675
-0.0058060731
-0.0020923687
0.00031964004
0.0013862597
0.00060424639
-0.0022387158
-0.0065921112
-0.011583653
-0.016814638
-0.022227556
-0.027197329
-0.030892385
-0.032642946
-0.03235168
-0.030217228
-0.026356921
-0.021153282
-0.014820789
-0.00761098
-6.0157621E-005
0.0068887952
0.012373985
0.016297467
0.018844768
0.019815575
0.018758662
0.015889883
0.012033923
0.0079249768
0.0036587196
-0.00053343212
-0.0038223185
-0.0054658297
-0.0051937317
-0.0033380038
-9.1845024E-005
0.0044069435
0.0098368376
0.015931681
0.022191232
0.027892482
0.032164574
0.034591526
0.035431046
0.034811087
0.03237804
0.028020911
0.022393225
0.016472161
0.010686914
0.0050294963
3.9715247E-005
-0.0034723554
-0.0050416556
-0.0048881522
-0.0034499525
-0.00082829158
0.0027648476
0.0069821207
0.011352248
0.015252774
0.01796156
0.018943358
0.018257868
0.016277716
0.012942466
0.0079562999
0.0016080211
-0.0051786811
-0.011560536
-0.017460277
-0.022727719
-0.026651172
-0.028617496
-0.028602969
-0.027180336
-0.024624337
-0.020959806
-0.016472537
-0.011649672
-0.0071471301
-0.0035767662
-0.0014754556
-0.00099734287
-0.0018232544
-0.0036955767
-0.0068531008
-0.011272727
-0.016248045
-0.020807728
-0.024508039
-0.027472302
-0.029326389
-0.029408097
-0.02744896
-0.023887902
-0.019361254
-0.013953179
-0.0078198379
-0.0013870974
0.0046786689
0.0097457422
0.013422684
0.015472641
0.016079869
0.015546025
0.013917156
0.011009954
0.0072213397
0.0034564582
0.00050436269
-0.0016082532
-0.0029755267
-0.0030535208
-0.0014161791
0.0018209814
0.0059211468
0.010484622
0.015570945
0.020889321
0.025812259
0.029617883
0.031936314
0.032649845
0.031796321
0.029653352
0.026451183
0.022127088
0.016847715
0.011335917
0.0065146573
0.0027460891
-0.0002011961
-0.0021908511
-0.0026788481
-0.001523186
0.00074934651
0.0034264221
0.0064001088
0.0096666301
0.012686813
0.014767664
0.015389235
0.014560406
0.012389898
0.0090064211
0.004680227
-0.00050170225
-0.0064293649
-0.012649066
-0.018294614
-0.022685094
-0.025884964
-0.028119173
-0.029038643
-0.028243812
-0.025950525
-0.022925451
-0.019621288
-0.015953919
-0.012136495
-0.0089107538
-0.006919316
-0.0062836157
-0.0067717498
-0.008222118
-0.010536598
-0.013474711
-0.016955804
-0.020607799
-0.023775144
-0.025725406
-0.026213014
-0.025638597
-0.024014618
-0.020962486
-0.016400931
-0.010955044
-0.0054497072
-1.306969E-005
0.005391195
0.010268221
0.013894041
0.015941055
0.01669489
0.016454456
0.015250294
0.013192841
0.010508097
0.0074904636
0.0046570795
0.0026582472
0.0019132099
0.0022430439
0.0032729588
0.0052218675
0.0084075481
0.012549656
0.016825221
0.020681806
0.024260961
0.027425073
0.029504159
0.029960996
0.028906764
0.026851501
0.023959452
0.020194711
0.015785376
0.01103712
0.0064578271
0.0025696708
-0.00017698952
-0.0017067901
-0.0024415737
-0.002446
-0.0014016699
0.00072407187
0.0032719122
0.0054541929
0.0071230219
0.0084625585
0.0091246245
0.0084890593
0.0064350232
0.0034038494
-0.00014547775
-0.0042974772
-0.0090086563
-0.013904667
-0.018512325
-0.022306129
-0.024977962
-0.026345374
-0.026648248
-0.026190916
-0.024800057
-0.022257747
-0.018863918
-0.015464207
-0.012572856
-0.010041785
-0.0078374585
-0.0065192073
-0.0065002991
-0.007565022
-0.0091141779
-0.010971081
-0.013311276
-0.015888734
-0.018235488
-0.019784823
-0.020260064
-0.019573566
-0.017784743
-0.015216225
-0.011957787
-0.0078202095
-0.0029061297
0.0021058694
0.0064438921
0.0099795042
0.013000552
0.01528041
0.016282694
0.0159261
0.014736169
0.013212909
0.011257234
0.0088209668
0.0063826647
0.0045366436
0.0036537889
0.0037022196
0.0045834007
0.0061859917
0.0082729366
0.010947946
0.014224555
0.017732032
0.02071281
0.022667397
0.023878407
0.024497129
0.02414321
0.0224209
0.019629538
0.01645573
0.013129901
0.0094559994
0.0056314268
0.0023094353
-3.6901096E-005
-0.001359767
-0.0018894795
-0.0017048029
-0.00090871431
0.00038218297
0.002232552
0.0043781716
0.0062317248
0.0071889334
0.0072148405
0.0067495964
0.0057019368
0.0036405115
0.00050944381
-0.0031087757
-0.0066088377
-0.010110674
-0.013703823
-0.016909407
-0.019105939
-0.020122526
-0.020279683
-0.019789936
-0.018621344
-0.016835188
-0.014500719
-0.011767006
-0.0090556387
-0.0069321613
-0.0057011079
-0.0050573051
-0.0047136126
-0.0050333636
-0.0063381819
-0.0083435886
-0.010334719
-0.012019673
-0.013698742
-0.015199546
-0.015926674
-0.015483741
-0.014057883
-0.012092869
-0.0096055111
-0.0065585538
-0.0030608755
0.00068971957
0.0043388805
0.0074457638
0.0096280472
0.010973237
0.011870839
0.012304441
0.01183345
0.010430734
0.0087016365
0.0072561782
0.0060142917
0.0047551659
0.0038943009
0.0039600437
0.0049754484
0.006459604
0.0081264386
0.010215569
0.012728143
0.015441697
0.018002778
0.020025926
0.021246012
0.021532431
0.021207076
0.02048187
0.019083058
0.016716063
0.01374813
0.010882434
0.0084239338
0.0060519879
0.0037799459
0.0021875906
0.0015768853
0.0016886785
0.0019818509
0.002499484
0.0034401733
0.0046495935
0.0057453904
0.0063194893
0.0061855791
0.0052764313
0.0037233504
0.0018411557
-0.0003992033
-0.0033148581
-0.0068337256
-0.010332681
-0.013200513
-0.015512437
-0.017610945
-0.019187206
-0.019781886
-0.019404609
-0.018581087
-0.017622789
-0.016212692
-0.014293821
-0.012214907
-0.010480895
-0.0093087796
-0.0086719049
-0.0084986296
-0.0086422879
-0.0089782793
-0.0097205034
-0.011015229
-0.012480627
-0.013495527
-0.013773501
-0.013734069
-0.013485681
-0.012562688
-0.010679859
-0.0081674056
-0.0056235348
-0.003016691
-5.3047886E-005
0.0030697263
0.0058273096
0.007832556
0.0091440454
0.0099558774
0.010317422
0.01033358
0.0099626603
0.0090535097
0.0077710631
0.0066635022
0.0062049292
0.006251445
0.0063615511
0.0067137037
0.0077667967
0.0095135728
0.011408436
0.013065613
0.014818895
0.01678515
0.018525321
0.019518578
0.019703018
0.019378234
0.018675808
0.017530687
0.015962072
0.013926847
0.01147143
0.0089593427
0.0068794764
0.0054177027
0.0041340562
0.0028766491
0.0020831777
0.0020457446
0.0024480461
0.0026817964
0.0027504175
0.0030028007
0.0032864653
0.0030359775
0.0019839827
0.00040410814
-0.0013557872
-0.0033606142
-0.0057155127
-0.0083563561
-0.011213329
-0.014004895
-0.016312355
-0.017866088
-0.018838219
-0.019682691
-0.020205723
-0.019958613
-0.018929183
-0.017672898
-0.01663872
-0.015483794
-0.014055815
-0.012741919
-0.012066179
-0.011946104
-0.011928994
-0.011903158
-0.012103124
-0.012635782
-0.013317872
-0.013962387
-0.014229623
-0.013905671
-0.012955143
-0.011748584
-0.010492396
-0.0087299831
-0.0062890309
-0.0034450113
-0.00088953285
0.0013461087
0.0036486674
0.0058901091
0.0075721974
0.0084331492
0.0088880649
0.0092779407
0.0094954241
0.0092639215
0.0087298406
0.0081671113
0.0078675207
0.0080047352
0.0085561723
0.009373894
0.010094578
0.010910427
0.012179441
0.013849555
0.015381394
0.016319513
0.017017471
0.017721966
0.018120376
0.017751329
0.016718745
0.015573064
0.014415653
0.012924587
0.010950114
0.0088473232
0.0069217398
0.0053513101
0.0040909094
0.0030481052
0.0020991347
0.0011182652
0.00053671788
0.0004324464
0.00050603115
0.0001686601
-0.00062320847
-0.0013537708
-0.0020515157
-0.0031301433
-0.004857033
-0.0068040546
-0.0085727563
-0.010306614
-0.012348045
-0.014476819
-0.016235778
-0.017410522
-0.018072085
-0.018445382
-0.01852146
-0.018456213
-0.018055579
-0.017117847
-0.015778122
-0.014518122
-0.013737075
-0.013072434
-0.012198634
-0.011364382
-0.011051746
-0.011156572
-0.01117135
-0.010922856
-0.010838661
-0.011055949
-0.011114186
-0.010664725
-0.0096940231
-0.0085390266
-0.007266209
-0.0058312095
-0.0042315111
-0.0022637753
2.0572948E-005
0.0022947758
0.004078662
0.0053815483
0.0066927425
0.0080791954
0.009057695
0.0093635852
0.0093928482
0.0095942784
0.0098380707
0.0097115887
0.0094610834
0.0095526353
0.010148694
0.010934907
0.011599684
0.012301194
0.013084932
0.014051745
0.015178978
0.016281674
0.01699866
0.017102074
0.016931549
0.01685112
0.016631752
0.015776053
0.014400764
0.013017859
0.011872242
0.010523795
0.0087937284
0.0071650459
0.0060017556
0.0051975613
0.0042997296
0.0033067411
0.0024825009
0.0018924159
0.0015217069
0.001192903
0.0006504691
-0.00030686584
-0.0016166408
-0.0027992052
-0.0038393815
-0.005180575
-0.0070546186
-0.0090479506
-0.010635557
-0.011948728
-0.013372228
-0.01477499
-0.015628394
-0.015878422
-0.015896907
-0.01601374
-0.015945407
-0.015469583
-0.014677674
-0.013747267
-0.012941766
-0.012352223
-0.012026805
-0.011693588
-0.011064689
-0.01042233
-0.01016482
-0.010220665
-0.010034689
-0.0093845222
-0.0087025817
-0.0082368199
-0.0075823227
-0.0063565793
-0.0048039192
-0.0033738129
-0.0020911172
-0.0005280461
0.0013591317
0.0033365283
0.0051205494
0.0065800785
0.007779791
0.0087997522
0.0099006388
0.011030309
0.011758743
0.011957368
0.011997688
0.012384221
0.012985487
0.013305052
0.013447958
0.013848764
0.014642118
0.015362751
0.015715897
0.016015822
0.016595678
0.017252576
0.017610518
0.017533451
0.017105887
0.016511329
0.015804388
0.015126296
0.014227579
0.012845905
0.011140166
0.0095763123
0.008419117
0.0071903323
0.0056296955
0.0040976447
0.0030200682
0.002233122
0.0012281778
4.3479515E-005
-0.00087618816
-0.001435523
-0.0020562178
-0.0030173701
-0.0042346255
-0.0054289829
-0.0065410277
-0.0076009315
-0.0086559011
-0.0099927764
-0.011557167
-0.012993966
-0.013891914
-0.014385405
-0.014998151
-0.015690207
-0.015986826
-0.01571404
-0.0153089
-0.015119295
-0.014835794
-0.014089645
-0.013173379
-0.012540587
-0.012231611
-0.011925043
-0.011381839
-0.010771813
-0.010152332
-0.009669085
-0.0093897125
-0.0091183037
-0.0085240966
-0.0074555064
-0.0063727908
-0.0055810879
-0.0047503924
-0.0034398572
-0.001828594
-0.00043814525
0.00068147288
0.002023746
0.0036619389
0.0051178257
0.0061219404
0.0068763182
0.0077926284
0.0087890364
0.0096149994
0.010207387
0.010536528
0.010738278
0.011075052
0.01174231
0.012551706
0.013033434
0.013225346
0.013631948
0.014399969
0.015102961
0.01532934
0.015383096
0.015660977
0.015899509
0.01565389
0.014928743
0.014197625
0.013648619
0.012970557
0.011971363
0.010701952
0.0093098274
0.0079708686
0.006829299
0.0058707204
0.0047816816
0.0033224246
0.001884661
0.00087093102
0.00010952294
-0.00088450935
-0.0022397158
-0.0033920128
-0.0042285058
-0.0051710084
-0.0064737084
-0.0078815734
-0.0089344168
-0.0098257735
-0.010888679
-0.01218398
-0.013464364
-0.01450056
-0.015213209
-0.015621343
-0.015914069
-0.016339768
-0.016825959
-0.016883701
-0.016435334
-0.015887365
-0.015664164
-0.015510241
-0.014966462
-0.014243557
-0.013784168
-0.013590297
-0.013193254
-0.012393211
-0.011610911
-0.011119075
-0.010696676
-0.010059942
-0.0090728095
-0.0078864824
-0.0066328393
-0.005440278
-0.0044359756
-0.0032678633
-0.0017131114
5.5254077E-005
0.0015328693
0.0026132546
0.0038224522
0.0053260969
0.0067225443
0.0076473318
0.008392958
0.0093632424
0.010422498
0.011091491
0.011410511
0.011778519
0.012408939
0.013187341
0.013837044
0.014318775
0.01458049
0.014740896
0.015109316
0.015649123
0.015994839
0.015782574
0.015288524
0.015014631
0.014790348
0.014184012
0.013119466
0.012114831
0.011381619
0.010508654
0.0091779642
0.0077355611
0.0065644048
0.0056391978
0.0046409247
0.0033983339
0.0020911396
0.00073430617
-0.00043634154
-0.0013607412
-0.0022226674
-0.0033678315
-0.0048430436
-0.0060854713
-0.0068983068
-0.0076888655
-0.0088459989
-0.010112769
-0.011011153
-0.011646492
-0.012502501
-0.013541688
-0.014285616
-0.014572239
-0.014666229
-0.014932975
-0.015250257
-0.01541574
-0.015361995
-0.014986061
-0.014455115
-0.014016146
-0.013875354
-0.013768469
-0.013226763
-0.012419578
-0.011848699
-0.011598453
-0.011199498
-0.010347027
-0.0094819404
-0.0089250263
-0.008348654
-0.0073446697
-0.0060271947
-0.0048646005
-0.0039648497
-0.003013704
-0.0018341159
-0.0004694087
0.0010053219
0.0023648392
0.0034833301
0.0044073141
0.0055144173
0.0069820043
0.0082873898
0.0091381557
0.0097207818
0.010576858
0.011630777
0.012348699
0.012757005
0.013265808
0.01409362
0.014831068
0.015157533
0.015270133
0.015533245
0.015932154
0.016299699
0.016447952
0.016260365
0.015792798
0.01520907
0.01484303
0.014491963
0.013717022
0.012523878
0.011352317
0.010551147
0.0097188605
0.0084754741
0.0071317977
0.0060813348
0.0052560358
0.0041454132
0.0027053417
0.0013696605
0.00034314464
-0.00057600695
-0.001638919
-0.0028886041
-0.0042305272
-0.005513031
-0.0065676956
-0.0073358892
-0.0082386909
-0.0094755627
-0.010772337
-0.011649586
-0.012118706
-0.012750904
-0.013613332
-0.014264868
-0.014485594
-0.014620204
-0.015027821
-0.015439915
-0.015416523
-0.015070757
-0.014741614
-0.014605039
-0.014540844
-0.014325956
-0.013925297
-0.013251876
-0.012505024
-0.011993759
-0.01164099
-0.011063796
-0.009954446
-0.0087425904
-0.0078429477
-0.0070311767
-0.0058586695
-0.0043911212
-0.003141843
-0.0021950603
-0.0010786211
0.00045089042
0.0019953093
0.0032610181
0.0043006358
0.0054337936
0.0067411498
0.0081141535
0.0095084002
0.010618582
0.01140125
0.012102047
0.013075382
0.014258843
0.015063088
0.015396356
0.015723616
0.016313866
0.016846284
0.016915655
0.016776718
0.01687903
0.01710153
0.016978303
0.016407365
0.015702594
0.015154876
0.014626024
0.01398752
0.013157329
0.012012299
0.010720247
0.0095511666
0.008680271
0.0077534607
0.0063518528
0.0047620288
0.0034641039
0.0024478552
0.0012372294
-0.00033148695
-0.0017250619
-0.0027269004
-0.0037179557
-0.0050131069
-0.0064410712
-0.0075475466
-0.0083579328
-0.0091516348
-0.010066428
-0.011120381
-0.012211002
-0.013127998
-0.013706092
-0.014082167
-0.014680937
-0.015577343
-0.016229633
-0.016378623
-0.016326968
-0.016522741
-0.016766826
-0.016551513
-0.016032197
-0.01563826
-0.015500103
-0.015176132
-0.01441325
-0.013499097
-0.012725056
-0.012078232
-0.011406604
-0.010572464
-0.0094506871
-0.0081138071
-0.0067987242
-0.0058341916
-0.0049170828
-0.0036056489
-0.0019912706
-0.00052514579
0.00052982662
0.0016993445
0.0032241123
0.0047570937
0.0059235739
0.0069123856
0.0081803501
0.0096491324
0.010904587
0.011794137
0.012536631
0.013311608
0.014201285
0.015102143
0.015863692
0.016253039
0.016271695
0.016421417
0.016858609
0.017267523
0.017200001
0.016825512
0.016667046
0.016644556
0.01633149
0.015576597
0.014825865
0.014358516
0.013826218
0.012857243
0.01160476
0.010406456
0.0093632573
0.0083732884
0.0072423196
0.0059354119
0.004344115
0.0027325561
0.0014536105
0.00035068125
-0.00094546517
-0.0026665395
-0.0042685391
-0.0054192534
-0.0064568925
-0.0077445977
-0.0091764592
-0.010229426
-0.010979656
-0.011887897
-0.013063744
-0.014162015
-0.014890996
-0.01540195
-0.015929447
-0.01654877
-0.017211752
-0.017823277
-0.018070985
-0.01789286
-0.017612714
-0.017562905
-0.017598769
-0.017164189
-0.01630519
-0.015520893
-0.014975898
-0.014299816
-0.013160736
-0.011941186
-0.01104318
-0.010229504
-0.0091100307
-0.0076345401
-0.0061608637
-0.0048944466
-0.0036936225
-0.0024776459
-0.001105855
0.00051327108
0.0022191666
0.0036770778
0.004773255
0.0059513906
0.0075374618
0.0091578299
0.010359009
0.011263609
0.012350119
0.013643569
0.014612093
0.015144673
0.015662801
0.016403709
0.017124124
0.017426748
0.017390512
0.017262639
0.017162325
0.017158207
0.017154412
0.016931064
0.016314253
0.01549174
0.014929587
0.014605483
0.013984176
0.01291179
0.011780499
0.010962845
0.010148465
0.0088903373
0.0074440045
0.0062424704
0.005281989
0.0041356836
0.0026043437
0.0010539639
-0.00031848674
-0.0015127045
-0.0026388697
-0.0038329675
-0.0051954631
-0.006685257
-0.0079316637
-0.0087023666
-0.0093565816
-0.010326436
-0.011458517
-0.012262298
-0.012644473
-0.013152964
-0.013943421
-0.014587177
-0.014837965
-0.014960813
-0.015370397
-0.015883768
-0.01609833
-0.015947437
-0.01560087
-0.015249802
-0.014968414
-0.014702999
-0.014300343
-0.013487384
-0.012374385
-0.011464146
-0.0108621
-0.01021304
-0.0091237267
-0.0078994771
-0.0070052487
-0.0062547931
-0.0052211639
-0.0038876347
-0.002737913
-0.001931436
-0.0010686321
0.00015327518
0.0015144704
0.0027552084
0.003770909
0.0047136471
0.0056973696
0.0068247928
0.0082044443
0.0094332071
0.010267987
0.010843293
0.011638519
0.012716336
0.013529109
0.01385624
0.014076982
0.014523789
0.014915199
0.014857516
0.014511269
0.014395207
0.014502172
0.014481831
0.01414447
0.013596719
0.0131122
0.012701739
0.012412873
0.012105067
0.011432664
0.010416355
0.0093747424
0.0086785825
0.0080201346
0.006934281
0.0055716508
0.0044110422
0.0035558066
0.002509007
0.0011067103
-0.00025198734
-0.0012047363
-0.002080054
-0.0032227675
-0.004578481
-0.005838572
-0.0068001971
-0.0076766466
-0.008439973
-0.0093599698
-0.010473463
-0.011591434
-0.012371404
-0.012735944
-0.013266249
-0.014130278
-0.01495817
-0.015318256
-0.015485205
-0.015868358
-0.016336683
-0.016386898
-0.01601113
-0.015684687
-0.015551778
-0.015350733
-0.014733232
-0.013838407
-0.012876163
-0.011934164
-0.011147913
-0.010395226
-0.0094453832
-0.0081249718
-0.0067018662
-0.0056670038
-0.0048432457
-0.0037620252
-0.0023170221
-0.00098080921
-3.2983131E-005
0.00095766422
0.0023110311
0.0037304757
0.0047980361
0.0056383023
0.0066806078
0.0080162119
0.0092881173
0.010326746
0.011152823
0.011827136
0.012525462
0.013350444
0.014244942
0.014772967
0.014776147
0.014693452
0.014876329
0.015112198
0.01494384
0.014475368
0.014236931
0.01425298
0.014057091
0.013500119
0.012914049
0.012665558
0.01248808
0.012029663
0.011262378
0.010317141
0.0093713962
0.0084776431
0.0076520303
0.0066783447
0.0052985833
0.0037090792
0.0024050151
0.0014293279
0.000347272
-0.001117958
-0.002577432
-0.0035938702
-0.0044879457
-0.0056117033
-0.0069015687
-0.007886298
-0.0084979255
-0.0092142709
-0.010187289
-0.011241866
-0.012088838
-0.01270735
-0.013191136
-0.013655607
-0.014308896
-0.015142501
-0.015770555
-0.015899153
-0.015802763
-0.015902389
-0.016159998
-0.016026391
-0.015401873
-0.014786581
-0.014343947
-0.01380317
-0.012773124
-0.011583257
-0.010674625
-0.0099555878
-0.0091369385
-0.0080035347
-0.0067510526
-0.0055439104
-0.0044698487
-0.0035765322
-0.0026855376
-0.0014837255
2.7801434E-007
0.0013467227
0.0023092499
0.0032275452
0.0045640436
0.0060356045
0.0071913847
0.0080806501
0.0091310302
0.010467949
0.011562365
0.012232626
0.012809424
0.013602241
0.014519044
0.015199674
0.015583286
0.015709406
0.01566744
0.01571136
0.015941078
0.016106471
0.015875347
0.015311913
0.014961112
0.014939588
0.014758414
0.014176725
0.013488471
0.013096954
0.012712593
0.011861975
0.010685059
0.0096012847
0.0087431828
0.0077796858
0.006465849
0.0049592699
0.0034152027
0.0019631947
0.00071426219
-0.00042330398
-0.00174063
-0.0033463566
-0.0048908405
-0.005943941
-0.0067690141
-0.007876236
-0.00920559
-0.010308152
-0.010980551
-0.01175414
-0.012816973
-0.013781399
-0.014342656
-0.014660977
-0.01520807
-0.015936432
-0.01656018
-0.016941581
-0.017019266
-0.016897371
-0.016733279
-0.016697288
-0.0166505
-0.016161893
-0.0151714
-0.014185524
-0.013492257
-0.012765139
-0.011621914
-0.010256266
-0.009200098
-0.0083110612
-0.0071661137
-0.0056993486
-0.0043002279
-0.0032776706
-0.0022970515
-0.0010940278
0.00032404924
0.0018262622
0.0032348437
0.0044851974
0.0055520511
0.0067160768
0.0082293628
0.0097752316
0.010903626
0.011637785
0.012476742
0.013594761
0.014515591
0.014949719
0.015265903
0.015798494
0.016316323
0.016399344
0.016072236
0.015826905
0.015763054
0.015716361
0.015486968
0.015004645
0.014380999
0.013713996
0.013293669
0.013061779
0.012585073
0.011672215
0.010629954
0.0098766647
0.0092274193
0.0081594698
0.0067397291
0.0054266057
0.0043587103
0.003121007
0.0014641532
-0.00022478313
-0.0015761604
-0.0027117603
-0.0039543696
-0.0053569814
-0.0068093119
-0.0081015872
-0.0091929808
-0.009992281
-0.010750206
-0.011790751
-0.012943517
-0.013832948
-0.014201464
-0.014583085
-0.01527843
-0.01596039
-0.016249154
-0.016279645
-0.016552337
-0.016958179
-0.017035116
-0.016635999
-0.016161254
-0.015842386
-0.015565714
-0.015066975
-0.014250218
-0.013201158
-0.011960831
-0.01091354
-0.010071324
-0.0091858562
-0.0079138139
-0.0064307787
-0.0053192638
-0.0045255576
-0.0036177302
-0.0023669999
-0.0012089774
-0.00042869864
0.00034493636
0.0015051168
0.0028388719
0.0039214948
0.0047390806
0.0056156642
0.0067496062
0.0079687862
0.0091413651
0.010147777
0.010843641
0.011410232
0.012133043
0.013094617
0.013857304
0.01404323
0.014042984
0.014261936
0.014582093
0.014538852
0.014118407
0.013884011
0.013914708
0.013801352
0.013288504
0.01262361
0.012229424
0.01200092
0.01171761
0.011249687
0.010521511
0.0096208295
0.0087446859
0.0080623617
0.0073542087
0.0061791316
0.0045918631
0.0031423799
0.0020212252
0.0008493964
-0.00070749089
-0.0023195355
-0.0035200822
-0.0045282263
-0.0057612034
-0.0071764705
-0.0083571021
-0.0091070114
-0.0097969603
-0.010634013
-0.011578935
-0.012538388
-0.013316881
-0.013847227
-0.014145947
-0.014561532
-0.015331189
-0.016045632
-0.016301667
-0.016210539
-0.016269214
-0.016521584
-0.016443666
-0.015890019
-0.015287286
-0.014886028
-0.014394755
-0.013397193
-0.012077673
-0.010875482
-0.0098465476
-0.0088546844
-0.0077146292
-0.0064025079
-0.0049819439
-0.0036299778
-0.0026399209
-0.0018940463
-0.00091931404
0.00041150968
0.0017099307
0.0026192043
0.0034301353
0.0046261335
0.006021746
0.0071501527
0.0080152666
0.00903174
0.010391196
0.011624376
0.01245854
0.013077496
0.013735207
0.014525757
0.015259166
0.015836915
0.016089821
0.015977919
0.015816916
0.015916074
0.016098244
0.0159081
0.015301043
0.014785558
0.014616506
0.014347255
0.013721495
0.012966567
0.012541056
0.012263912
0.011618497
0.01061547
0.0095610218
0.0086825835
0.0078173149
0.006742123
0.0054058526
0.0038179012
0.0021240511
0.00067040522
-0.00052370335
-0.0017896827
-0.0034013926
-0.0050537554
-0.0062093367
-0.0070271827
-0.0079775499
-0.0091531249
-0.010087877
-0.010590324
-0.011106195
-0.011958176
-0.01284504
-0.013407825
-0.013682729
-0.014011933
-0.014546487
-0.015104235
-0.015628519
-0.015880516
-0.015771344
-0.015477531
-0.015343645
-0.015400817
-0.015125163
-0.014294741
-0.01334706
-0.012658393
-0.011998969
-0.010941749
-0.0096268803
-0.0086096153
-0.0078672813
-0.0069693085
-0.0057292692
-0.004455361
-0.0034871569
-0.0027095454
-0.0019067996
-0.00097689324
0.00017990885
0.0014729137
0.0026395835
0.0035288415
0.0043976856
0.005693831
0.0072224257
0.008449723
0.0092851175
0.010158467
0.011365213
0.012433539
0.013036889
0.013488816
0.014178591
0.014998344
0.015482998
0.015542038
0.015516832
0.015589369
0.015756182
0.015924713
0.0159107
0.015583687
0.015007553
0.014592758
0.014507874
0.014289668
0.013599901
0.012693492
0.012016445
0.011522852
0.010629596
0.0093564466
0.0081466027
0.0071682269
0.0061008176
0.0045518354
0.0028341152
0.0012499683
-0.00011116102
-0.0014253153
-0.0028227861
-0.0043285079
-0.0059284079
-0.0073405826
-0.008352655
-0.0090980837
-0.010118044
-0.011389563
-0.012489662
-0.013114627
-0.013630295
-0.014508875
-0.015368024
-0.015890051
-0.016097153
-0.016502213
-0.017147057
-0.017541958
-0.017514434
-0.017206276
-0.016935105
-0.016704902
-0.016452966
-0.016031891
-0.015251026
-0.014102107
-0.012978611
-0.012169316
-0.011398137
-0.01024813
-0.0087711262
-0.0075316085
-0.0066389013
-0.0056143953
-0.0042947973
-0.0029911529
-0.0020937088
-0.001308144
-0.00018134329
0.0011980877
0.0025287028
0.0036261962
0.0046456894
0.0057736221
0.0070378319
0.0084867543
0.0098956889
0.01093487
0.011647316
0.012404845
0.013484686
0.014481796
0.01494578
0.01514524
0.015509599
0.016008686
0.016161835
0.015895765
0.015710898
0.015820576
0.015886737
0.015573839
0.014967524
0.014385728
