0.42586121
0.25674555
0.62285161
0.54105794
0.15331623
0.043113962
0.00993645
-0.16434953
-0.18474615
-0.039971955
0.025047507
0.081118822
0.16955103
0.15741378
0.14150873
0.21262714
0.22092767
0.18827266
0.2476244
0.26833066
0.16106263
0.079724319
0.053977739
-0.0023019426
-0.031171011
-0.0052975109
0.0039581601
0.043135379
0.14011303
0.16273914
0.089893393
0.060997296
0.087793119
0.065862224
0.022319933
0.05356399
0.10744534
0.078344017
0.0095134573
-0.0039229831
-0.0026148865
-0.05557435
-0.091626145
-0.047027145
0.0027530435
0.011937145
0.026265457
0.044485047
0.042082448
0.043296371
0.043365672
0.027149063
0.037186287
0.058414247
0.031458471
0.020076513
0.06707596
0.063164048
0.0024947429
0.0024946136
0.028748065
-0.0042847269
-0.041442435
-0.052713349
-0.082973942
-0.098614849
-0.078870267
-0.085701883
-0.09081763
-0.033156343
0.013165243
0.0014080011
0.0072420225
0.03440398
0.016085798
-0.01662324
-0.011281036
-0.0070151314
-0.029851422
-0.047740825
-0.054136567
-0.061875042
-0.063205652
-0.050994627
-0.025495283
0.015387362
0.052839339
0.054973323
0.039941963
0.045834869
0.044473402
0.0099072875
-0.011427635
-0.0047467817
-0.010776563
-0.021964924
-0.015300045
-0.020081125
-0.040750802
-0.038116168
-0.015789151
0.003739421
0.024707722
0.030950619
0.012634587
0.0036012242
0.0052805445
-0.0084588313
-0.018368741
-0.0083580939
-0.0071402602
-0.02425891
-0.035100397
-0.033594035
-0.036138069
-0.052068885
-0.072060376
-0.07463555
-0.057664093
-0.045581568
-0.04641277
-0.042579412
-0.03353082
-0.036171928
-0.044264123
-0.046808388
-0.052031059
-0.054197047
-0.048271943
-0.047220632
-0.035115492
0.0023974942
0.028776409
0.033429433
0.05877151
0.097581275
0.094235145
0.057508238
0.039422136
0.029340085
-0.0066359122
-0.037260033
-0.025172748
-0.0049747415
-0.014872799
-0.022470072
0.0030067712
0.025101723
0.0159864
0.0064950623
0.016867287
0.017534785
-0.0089515513
-0.024881016
-0.006745209
0.010590869
0.0066507119
-0.00052286289
-0.0054045767
-0.010879184
-0.011107699
-0.012989841
-0.018373352
-0.0054032672
0.01337269
-0.00011326175
-0.024010377
-0.020821227
-0.0094071385
-0.0040348554
0.015620909
0.047384184
0.070276819
0.078929238
0.066513404
0.039199222
0.033508398
0.049293168
0.049983777
0.047850244
0.067946054
0.077653438
0.058355264
0.047978159
0.051815715
0.041036882
0.032502245
0.044318855
0.051766522
0.053176064
0.066088587
0.068756409
0.048043057
0.03591866
0.031808544
0.0091378819
-0.006904278
-0.0016207112
-0.0073930183
-0.012153701
0.011589049
0.024671882
0.0060819751
0.0026369174
0.014810339
-0.0021932528
-0.025888668
-0.025362553
-0.033419345
-0.053900294
-0.057350531
-0.062828541
-0.079990819
-0.074066743
-0.056125991
-0.060991593
-0.061407905
-0.03906212
-0.032214709
-0.03736306
-0.023842718
-0.021446932
-0.041099213
-0.036678862
-0.020910453
-0.036091659
-0.045758836
-0.029151004
-0.037544105
-0.052995831
-0.023080928
-0.0061214897
-0.040215872
-0.049141802
-0.0230904
-0.032500904
-0.055365331
-0.035054959
-0.011463049
-0.017908936
-0.015560822
-0.0034591474
-0.0047143972
-1.2877869E-005
0.0031122544
-0.015482984
-0.015782116
0.008827378
0.0012189867
-0.020874681
-0.0035419185
0.0085563669
-0.016073193
-0.013558705
0.015276655
0.0081506968
-0.0022675768
0.020511054
0.02231193
0.0041299104
0.021488462
0.036221445
0.0075795609
-2.0677306E-005
0.030661853
0.02949585
0.0090473136
0.023422347
0.032404173
0.0075776046
0.0016568553
0.023039527
0.024806922
0.011518019
0.01624383
0.028238352
0.03380039
0.045588069
0.060094099
0.064533584
0.065270022
0.068701521
0.066221647
0.054517344
0.043320052
0.029297136
0.0053524999
-0.010593682
-0.010268835
-0.013391194
-0.016626686
-0.0017696747
0.0075085927
-0.0066460087
-0.0064286222
0.013827318
0.0097576361
-0.0043592378
0.0083736749
0.013529676
-0.0070415088
-0.01136572
-0.0060441089
-0.020871978
-0.021169081
0.0050997115
0.012197573
0.0085590445
0.026876168
0.034855559
0.018658169
0.017007736
0.021644022
0.0058557605
-0.0033323665
0.00076821819
-0.012147003
-0.021702603
-0.0032432885
0.003514719
-0.013269669
-0.014855944
-0.009430252
-0.018023476
-0.014214156
0.0024555235
0.0020949626
-0.0045767636
-0.0097508281
-0.032701921
-0.050133549
-0.033778388
-0.01536306
-0.016479788
-0.019055968
-0.018275406
-0.012863989
0.00023217879
0.007280671
0.0091645066
0.016474541
0.017907556
0.0097578866
0.0025574793
-0.0084838849
-0.02337013
-0.029998368
-0.041522931
-0.06617593
-0.068796188
-0.048164178
-0.052591555
-0.068737857
-0.049944885
-0.025409827
-0.027515765
-0.021717751
-0.003216425
-0.0039591473
-0.0046037692
0.011142516
0.01201562
0.0031750428
0.0090496652
0.0012663526
-0.028810192
-0.037872456
-0.032048363
-0.048925769
-0.067918457
-0.068222977
-0.068711653
-0.059809498
-0.02917867
-0.010436478
-0.00688635
0.017366411
0.044907901
0.043729831
0.043044105
0.06249705
0.069633365
0.055176742
0.047296841
0.05202825
0.049842097
0.03248689
0.014059391
0.010320766
0.011650494
0.0023811781
-0.0035157867
0.010696229
0.029320702
0.033228528
0.030575367
0.03316449
0.035422057
0.033936519
0.036021918
0.040967301
0.038851239
0.028024826
0.01738539
0.011786977
0.0046516345
-0.0055028908
-0.0055758716
0.007053074
0.018781442
0.024322649
0.026589639
0.028172107
0.033206351
0.041902501
0.046236109
0.037927426
0.024403993
0.021323048
0.025469653
0.023734972
0.018622234
0.018528424
0.02138382
0.021462984
0.019266963
0.022280749
0.029485539
0.020402318
-0.0059004896
-0.015698999
-0.0086006075
-0.019116087
-0.035068933
-0.023298547
-0.0047252309
-0.0095526995
-0.020167654
-0.015610322
-0.010195478
-0.021203754
-0.04015857
-0.05019439
-0.051613394
-0.052763816
-0.052255679
-0.04976349
-0.046396736
-0.036281969
-0.026517531
-0.030416463
-0.035427462
-0.026800483
-0.017738767
-0.01757949
-0.015944505
-0.015050651
-0.024948411
-0.035259064
-0.037269879
-0.040191397
-0.039406229
-0.027068445
-0.02222635
-0.023047216
-0.0052147396
0.005957969
-0.0098998398
-0.0082486337
0.01466809
0.0074778148
-0.01328142
-0.00017699736
0.021503437
0.023210848
0.027096057
0.031630099
0.018481992
0.0065496275
0.0056963707
-0.00090237975
-0.0064236592
-0.001811542
-0.0069363555
-0.019971339
-0.016648242
-0.010066934
-0.018075926
-0.019129995
-0.0073777479
-0.004513789
-0.0030420162
0.012682932
0.024430119
0.020978643
0.018695971
0.020536121
0.01595534
0.009504118
0.010655664
0.013045492
0.0025811277
-0.016310927
-0.024517771
-0.022836121
-0.023249617
-0.016314443
0.0041547567
0.016108673
0.009402317
0.0034143021
0.0030648096
-0.0047724727
-0.010871775
0.0012502201
0.020777861
0.03281476
0.04086541
0.04940334
0.055873238
0.056666929
0.050849512
0.046561416
0.047936231
0.039951116
0.017943397
0.0044123549
0.0055320901
-0.00039242874
-0.010811216
9.5311814E-005
0.019829368
0.017456118
0.01192523
0.02856365
0.03906836
0.029034305
0.03026372
0.038320966
0.02233596
0.0030624517
0.0024461036
-0.0039173323
-0.017281951
-0.015557882
-0.012882062
-0.021819107
-0.02514426
-0.025068583
-0.033106662
-0.034506965
-0.02712775
-0.025410714
-0.017000169
0.0010948896
0.002216242
-0.0033122366
0.0090287291
0.00733105
-0.023104219
-0.031737264
-0.014055259
-0.019649187
-0.036819387
-0.030103488
-0.023238678
-0.027153704
-0.014873304
-0.0004812582
-0.0016289675
0.008601022
0.023060594
0.01185343
0.0023635852
0.014014659
0.015348686
0.0070367614
0.011607684
0.01076708
-0.003525578
-0.007581857
-0.0071426341
-0.015802527
-0.016935069
-0.012950582
-0.023034079
-0.032668062
-0.026872672
-0.020285901
-0.018806802
-0.014055082
-0.0077724191
-0.0054968018
-0.008054913
-0.012430504
-0.012421492
-0.012373805
-0.02267408
-0.032278202
-0.026047451
-0.014465405
-0.0056318589
0.005875723
0.010828597
0.00436702
0.0022057719
0.0018725626
-0.0089452174
-0.01420901
-0.0079884855
-0.013566661
-0.024542851
-0.016536694
-0.0064732879
-0.01086018
-0.0041977013
0.020184267
0.033147592
0.033262372
0.03975201
0.043448221
0.03594489
0.034985654
0.040650252
0.033355702
0.020027444
0.016331922
0.0094134528
-0.0048182718
-0.0051232125
0.0010848193
-0.0077539929
-0.01414447
-0.0049847071
-0.0020707876
-0.0068343775
-0.00056577474
0.0064969077
0.0019719999
0.0014049587
0.0062280893
0.0021023895
-0.0018285391
0.0046264133
0.0098178331
0.0086232079
0.0082809059
0.0072316444
0.0019748311
-0.0016299465
-0.00046813869
0.0049807588
0.013278008
0.015421713
0.011615588
0.014445972
0.019116659
0.01415198
0.010627699
0.018107662
0.024866631
0.024354439
0.024023164
0.026459759
0.024615485
0.014425503
0.0052843834
0.006256077
0.010125559
0.0098130116
0.010295205
0.013799126
0.015217265
0.012225767
0.0065510743
-0.0011867244
-0.010440793
-0.017699724
-0.019421764
-0.016468337
-0.012773811
-0.010956313
-0.012464344
-0.017957276
-0.024277734
-0.026711864
-0.024694588
-0.021569431
-0.019545408
-0.018895987
-0.021552619
-0.028053038
-0.034031797
-0.035957109
-0.033945214
-0.02930053
-0.024526957
-0.021884326
-0.021437978
-0.021065056
-0.01646517
-0.0081369812
-0.0045541739
-0.0057128766
-0.00068676553
0.0086649731
0.010659548
0.0080751935
0.0091123693
0.0081449458
-0.0016895615
-0.01304647
-0.016631626
-0.014792516
-0.010618862
-0.0010662513
0.0092851929
0.01087257
0.0054857009
0.00053096574
-0.00087604055
0.00062475906
-0.00025797309
-0.005033968
-0.0072167767
-0.0072983447
-0.009510587
-0.0075767259
-0.00013144515
0.0012607552
-0.0036473721
-0.0017502554
0.007450778
0.012160785
0.010140632
0.0087655094
0.0092019746
0.0062535438
0.00032479363
-0.002321658
-0.00053534616
-0.00028192039
-0.0032851198
-0.0035880704
0.00073765183
0.0035310327
0.0001525664
-0.0047427593
-0.0030198314
0.0024943613
0.0042515527
0.00670277
0.01218522
0.010073306
0.0014486156
0.00087103061
0.0065896627
0.0068081766
0.0053051771
0.007681082
0.0079182982
0.0079186494
0.014014818
0.018207271
0.015396993
0.011699143
0.0062425765
-0.00054001668
0.0005568068
0.006177363
0.006875921
0.0095798029
0.018488446
0.022898804
0.022280267
0.023892429
0.023563966
0.019767204
0.020199811
0.023323379
0.023378856
0.02390122
0.024032148
0.017404266
0.0094670253
0.0066839857
0.0030665305
-0.0051459256
-0.011809835
-0.012203285
-0.0085535729
-0.0030268962
0.0043412661
0.010035032
0.011157874
0.0096994108
0.00849587
0.011726791
0.018356314
0.016302587
0.0048937555
0.00083894969
0.0026072368
-0.0051427316
-0.012349712
-0.007347743
-0.0059406818
-0.01304999
-0.015160403
-0.015349893
-0.018733505
-0.016565831
-0.012533189
-0.015824625
-0.01805019
-0.017005119
-0.023966119
-0.033581592
-0.033874847
-0.030671781
-0.029149789
-0.023111774
-0.015722219
-0.015859986
-0.016709257
-0.012476225
-0.012299772
-0.012110394
-0.0016954761
0.0034696211
-0.0063126925
-0.011161618
-0.0053043175
-0.0060486007
-0.01295275
-0.012964971
-0.010067076
-0.010696293
-0.0098304898
-0.0075414032
-0.0065274844
-0.003555733
-0.0016335662
-0.0056504989
-0.0091450596
-0.0066347881
-0.0034105859
-0.0024265212
-5.6287819E-005
0.0038951454
0.0072439252
0.0080124624
0.0030217881
-0.0031197602
-0.0027579018
-0.0015263805
-0.0028777863
0.0020190107
0.0086890832
0.007157858
0.0072260723
0.013657363
0.016174713
0.017589023
0.022435701
0.021480223
0.014661641
0.0084129917
0.001708539
0.00038229802
0.0074952361
0.0089634601
0.003992138
0.0088858306
0.017592857
0.013768124
0.0073710098
0.0079090241
0.0036583638
-0.003072917
0.00087409257
0.006527137
0.0048002806
0.0061743539
0.011987682
0.012106183
0.011443112
0.016798535
0.01743494
0.0086901998
0.0026272945
0.0037435454
0.0046496568
0.0038020513
0.0065709869
0.011305762
0.011668137
0.0089142593
0.0058691856
0.0028026872
0.0016768595
-0.0017522405
-0.012283893
-0.020386113
-0.017454639
-0.011829166
-0.011673312
-0.010756853
-0.0041643176
0.0018933063
0.0049902373
0.0093467208
0.013137739
0.012277067
0.0094575677
0.0081049595
0.0078689288
0.0071558473
0.003517994
-0.00038693775
0.0012794418
0.0021714298
-0.0036453998
-0.0050844131
-0.0019203436
-0.0077081537
-0.013331807
-0.0074825324
-0.0064056865
-0.015817938
-0.020066366
-0.020047728
-0.023153165
-0.021676727
-0.016637949
-0.017082114
-0.016165806
-0.0097569237
-0.0066188774
-0.0052763177
-0.0022392564
-0.0040015052
-0.0072505143
-0.0047905818
-0.0046266899
-0.010726462
-0.01427604
-0.014544048
-0.014435763
-0.011606671
-0.010549693
-0.012388607
-0.0073079378
0.00090280722
0.00085349201
7.2214767E-005
0.0070227017
0.012624181
0.010728546
0.0067050578
0.0051806574
0.0086005041
0.015773281
0.018112909
0.013087382
0.011429794
0.015629319
0.013013539
0.0036588204
0.0031278171
0.0097360257
0.008194807
0.0023463934
0.0043789214
0.0084152231
0.0058705756
0.0016510191
-3.3283559E-005
-0.0021566113
-0.005908323
-0.0097003635
-0.011875126
-0.010788698
-0.0087948646
-0.010437954
-0.013392152
-0.013843933
-0.014477338
-0.013889742
-0.0073593697
-0.0016935517
-0.00240642
0.00055219349
0.010281018
0.014635762
0.012707617
0.014164397
0.015552676
0.010593708
0.0063095018
0.0072391978
0.0091492264
0.012094827
0.017335065
0.021008363
0.021421708
0.020175157
0.01685279
0.011646557
0.0071033831
0.0044940813
0.0050976896
0.0087052565
0.0089484546
0.0029190127
-0.002113777
-0.0027275879
-0.0046697813
-0.0085393451
-0.007814981
-0.004277146
-0.0067243041
-0.012305286
-0.012200113
-0.010337863
-0.011434423
-0.0098836971
-0.0054567056
-0.0035112014
-0.0033594123
-0.0042021815
-0.0059590582
-0.0041793273
0.00011441072
0.00067917135
8.5445929E-005
0.0021097546
0.0014378803
-0.001930873
0.00012632768
0.0063935653
0.0086327568
0.0069651762
0.0061016139
0.0050837682
0.0023947095
0.001278789
0.0028083238
0.0026524889
-0.0029700005
-0.010691378
-0.013103208
-0.012028582
-0.013720794
-0.013171344
-0.0072608395
-0.0055933977
-0.0088070827
-0.0065537887
-0.0016153621
-0.003074886
-0.006235661
-0.0052381009
-0.005317118
-0.008493619
-0.010180046
-0.011515748
-0.014056917
-0.013663862
-0.011957726
-0.01229256
-0.009466284
-0.0039636162
-0.0038504505
-0.0051831054
-0.00026073641
0.0041142772
0.0025885596
0.0014796604
0.0007602165
-0.002358184
-0.0014219616
0.0028843044
0.0027929605
0.0027968197
0.0068728714
0.0063823718
0.0017599171
0.0029653055
0.0057598967
0.0031876543
0.0023412381
0.0043955036
0.0027398074
0.0031915882
0.0087822713
0.0081606824
0.0023336669
0.0035450291
0.0071465853
0.0044344855
0.0027473811
0.0052742842
0.0052254326
0.0064772172
0.012944638
0.014476523
0.010360784
0.011677188
0.013400766
0.0067211096
0.0015416761
0.0021669285
-0.0015956315
-0.0073087974
-0.0062422184
-0.0026903127
0.00022442092
0.0051861336
0.0081324698
0.0072981114
0.0082618929
0.0090020495
0.0049420032
0.0023872671
0.004609589
0.0041973107
0.00076897658
0.00070868887
0.0020820845
0.0014122943
0.0012720054
0.0013709107
-7.0805741E-005
0.00081272511
0.0045002047
0.0044206367
-0.00016619437
-0.0029270567
-0.0014583899
0.0010348959
0.0024118989
0.0047139958
0.0080151306
0.0077585536
0.0035693431
-0.00018674997
-0.003536809
-0.0093573621
-0.015078445
-0.014922139
-0.01058638
-0.0094921896
-0.010780976
-0.0082679195
-0.0051487177
-0.0067302021
-0.0080658495
-0.0066229431
-0.0073498767
-0.00727661
-0.0033268337
-0.0035147904
-0.0074183857
-0.0059941798
-0.0033471873
-0.0054310607
-0.005279318
-0.00059847109
0.0014248182
0.00095360988
0.001226901
0.000110974
-0.00080692297
-0.0011245945
-0.0063213711
-0.010831834
-0.0052503766
0.00084639114
-0.0020729289
-0.0029887813
0.0018250362
-4.8764075E-005
-0.0048531345
-0.00099633902
0.0038225371
0.0041256705
0.0081798621
0.012735593
0.0092106704
0.0053185085
0.006928937
0.0055644154
0.00041359483
-0.0013471507
-0.0014351388
-0.0010736934
0.0028280001
0.0045976802
0.00073899789
-0.00049685006
0.0010434735
-0.0011537353
-0.0016793802
0.002307531
0.0019753845
-0.0026892801
-0.0036552129
-0.0018116807
-0.00099293003
0.00063779985
0.0021643252
-8.8352077E-005
-0.0028991064
-0.0022027821
-0.0009812637
-0.00094749819
0.00066071429
0.0026564973
0.0017312298
0.00055309251
0.002436277
0.0046246354
0.0047130138
0.0040892041
0.0033288915
0.0033358487
0.0053689587
0.0053213546
0.00018624721
-0.0029427314
0.00036549673
0.0020560711
-0.0014421925
-0.0017478784
0.0024489383
0.0037985977
0.0038393578
0.0058536371
0.0047905454
0.001762947
0.0026418592
0.0027703487
-0.0010072697
-0.00016925708
0.0063511608
0.0082967253
0.0051504704
0.0048186784
0.0070259073
0.0075846799
0.0068907961
0.0060308799
0.0052434173
0.0058273249
0.0064213579
0.0031175246
-0.0012207136
-0.0016734743
-0.0039989054
-0.011201166
-0.013394501
-0.0090115499
-0.0080976188
-0.010909471
-0.011540393
-0.011584251
-0.011935315
-0.009638181
-0.0069059185
-0.0062232828
-0.0046572192
-0.001980464
-0.0010652517
-0.0010724963
-0.0013028091
-0.0033946752
-0.0050657149
-0.0032848036
-0.0010783285
-0.00077592803
0.0006795635
0.0029355853
0.0019167647
-0.00050071627
-0.0016940765
-0.0048602992
-0.0082688658
-0.0067301337
-0.004370119
-0.0046897973
-0.0024436314
0.0018619518
0.0021308248
0.00067396561
0.0017478452
0.0023992388
0.001285681
0.0015747283
0.0029819147
0.0029080517
0.0014134403
-0.00081212638
-0.0031657738
-0.0037996566
-0.0032444627
-0.0043422608
-0.0064767827
-0.0073703988
-0.0072738444
-0.0061851125
-0.0031990595
-0.00015737709
0.00040383206
0.00083119026
0.0039748359
0.0061640758
0.0043467171
0.00222171
0.0014404721
-0.0012218683
-0.004195055
-0.0031649261
-0.0011583484
-0.0017007277
-0.0017814938
-0.00050981448
0.00077005877
0.0036644985
0.0065398449
0.0067177447
0.0086158765
0.013809215
0.015211061
0.011660822
0.0091352286
0.007880562
0.0060323789
0.0051265941
0.0046654325
0.0038273693
0.0039011408
0.0043536169
0.0051848502
0.0074552069
0.008215799
0.0057957992
0.0041401694
0.0041611115
0.0033921427
0.0029792269
0.0030143408
0.00096213707
-0.00095618772
-0.00059539918
-0.0020427578
-0.0051381807
-0.0041390033
-0.001412056
-0.0024418791
-0.0039071809
-0.0032594616
-0.0038779597
-0.0047978954
-0.0038439806
-0.0045852591
-0.0065084915
-0.0042528985
-0.00087576197
-0.0020693187
-0.0039190459
-0.0025221319
-0.0015839176
-0.0025957213
-0.0024668281
-0.0013499041
-0.0015687424
-0.0023107179
-0.0022788167
-0.0027038348
-0.0031517379
-0.001239646
0.00079172215
0.00060105126
0.0023251828
0.0051645264
0.0027229665
-0.00027719035
0.0023085054
0.0021709893
-0.0036665953
-0.0048494888
-0.0020858645
-0.003037516
-0.0029858146
-0.00047625165
-0.0027886471
-0.0054015312
-0.00246114
-0.0016135798
-0.0038168619
-0.002666757
-0.0032944176
-0.0080647776
-0.0083755367
-0.0065046567
-0.0096221007
-0.010999969
-0.0067837765
-0.004055182
-0.0022583848
0.0021989592
0.0043694894
0.0039106663
0.006424496
0.0087985229
0.006519529
0.0050537647
0.0074434741
0.0073332908
0.0033302885
0.0023313987
0.0043581505
0.0026614091
-0.00055080629
0.0007560869
0.0019336196
-0.00074599963
-0.00043084056
0.003169022
0.002192839
-0.00074422982
-0.00010208318
-0.00052601064
-0.0019099539
0.00185546
0.005470891
0.0030175271
0.001514296
0.0035983063
0.0027614546
0.0012542653
0.0039164769
0.004427853
0.00043191845
-0.00098227628
-0.00099045492
-0.0046647787
-0.0069812285
-0.0047630463
-0.0035785018
-0.003185282
-0.0003955533
-0.00028570052
-0.0035502589
-0.0029915813
-1.350433E-005
-0.00012170731
-7.9828023E-006
0.0020651913
0.001474725
0.00036752532
0.0024557784
0.0032871419
0.00287481
0.0056717056
0.0070075607
0.0028676277
0.0003603978
0.0031546904
0.0041506984
0.00083344732
-0.00093522784
9.9066376E-005
0.00088119897
0.0013642437
0.0020629556
0.0022230488
0.001753694
0.00045583723
-0.0020925137
-0.0040069497
-0.0035751709
-0.0030490998
-0.003667552
-0.0035723902
-0.0032084885
-0.0042806054
-0.0060952222
-0.0071124756
-0.0066469549
-0.0052753841
-0.0040917387
-0.0031462372
-0.0023841022
-0.0024239665
-0.0027433892
-0.0023089857
-0.0018289995
-0.0017946684
-0.00095349411
0.00061344309
0.0018774425
0.0034637391
0.0040890398
0.0012916104
-0.0013305285
0.00019785042
0.0015432194
-3.6722275E-005
-0.00012856908
0.00092057494
-0.001032816
-0.0028736792
-0.0012621654
-0.00035045925
-0.0022279222
-0.0031960297
-0.0020590962
-0.0010996052
-0.00086928363
-3.5963141E-005
0.0015930528
0.0022096548
0.00098818727
-0.00043631921
-0.0011673321
-0.00091661961
0.0010883108
0.0029601213
0.0035760866
0.0055595818
0.0066616
0.0024890911
-0.00098862487
0.0021653783
0.004221221
-0.00054344209
-0.0037466439
-0.00071252987
0.0010808235
-0.0010917241
-0.0020986972
-0.0010482413
0.00050094078
0.0027472225
0.0040351218
0.0041416376
0.0059991935
0.0077204066
0.0054751793
0.0030727026
0.0044514327
0.0060376292
0.0055774711
0.0051963204
0.0051005953
0.0043412982
0.0033003727
0.0017877176
-0.00047095789
-0.0025712191
-0.0046108989
-0.0068340385
-0.0070449221
-0.0048414753
-0.0030621544
-0.0018236164
0.0006341149
0.0035200187
0.0053346092
0.0056805057
0.0051248702
0.0053231628
0.0065822443
0.0065816962
0.0049058902
0.0039860504
0.0032812788
0.00081242184
-0.0012357098
-0.00095944159
-0.00082178181
-0.0019020336
-0.0017175418
-0.00023869319
-0.00073250115
-0.0032272255
-0.0039570173
-0.0026992371
-0.0035606509
-0.0069465376
-0.0078068622
-0.0043756887
-0.0020455089
-0.0034685046
-0.003930015
-0.00212848
-0.0017363017
-0.0021653948
-0.0016799705
-0.0023592543
-0.0045402437
-0.0061215935
-0.0070840842
-0.0073563582
-0.0057278364
-0.003967063
-0.0038358413
-0.0029769882
-0.0013567812
-0.001871631
-0.0019275541
0.0010102625
0.0010024619
-0.0040348289
-0.0063418527
-0.0049885451
-0.0058201207
-0.0057017882
-0.0011296312
0.0015454873
0.00035670126
0.0006670602
0.0020345973
0.0019312964
0.0027526298
0.003852006
0.0016313958
-0.0015847731
-0.0019368972
-0.00097227521
-0.0010712951
-0.0015620248
-0.0013939522
-0.00058924418
0.00056361529
0.0013511389
0.0010833126
0.00042643765
8.3306346E-005
-0.00085393677
-0.0025721223
-0.0036125116
-0.0034401824
-0.0023806775
-0.0012686164
-0.0013537251
-0.0010734459
0.0015812806
0.0034764388
0.001897959
0.00084419857
0.0032995115
0.004983204
0.0025718636
-0.0003199729
0.00026683271
0.0027517341
0.0032581086
0.0017687448
0.0013178863
0.002071782
0.0026451973
0.0040319958
0.0058072298
0.0055504492
0.004341865
0.0040776134
0.0034090374
0.0026305288
0.0033347816
0.0036876756
0.0035441397
0.0057493947
0.0079714796
0.0063573336
0.0040876674
0.0037316019
0.0022246146
0.00059923582
0.0021862863
0.0036249137
0.0024495088
0.0017953601
0.0020678786
0.0022630324
0.0037162828
0.0039193197
0.00043814516
-0.0015057849
1.6468875E-005
-9.6657066E-005
-0.0013285622
-0.0015157853
-0.0035715441
-0.0055710468
-0.0041069565
-0.0037678045
-0.0056992508
-0.0043114088
-0.0016201319
-0.0024309324
-0.0026039658
-0.00054015132
-0.0011212939
-0.0016284424
0.0014495859
0.0015987589
-0.0025226234
-0.0037984292
-0.0026609218
-0.002716087
-0.0013949382
0.00082375918
0.00022067127
-0.00028033252
0.0014557784
0.00081792165
-0.0017454422
-0.0016102805
-0.0012902144
-0.0033524428
-0.0036646866
-0.00087578298
0.00077958143
-0.00082351698
-0.003398957
-0.0043085278
-0.0033553017
-0.0017493735
-0.00017550816
0.0011501601
0.001289907
0.00028704831
0.00032945382
0.00078663259
-0.0012980946
-0.0039097918
-0.0038982539
-0.0033693241
-0.0039461129
-0.0042900196
-0.0045445645
-0.0047487835
-0.0040415404
-0.0036273003
-0.0035700097
-0.0026135291
-0.0033015755
-0.0056485264
-0.003966352
0.00046925028
0.0012265816
0.00011513656
0.00051716605
-0.0002792684
-0.0017937929
-0.00040134642
0.0007635369
-0.0016065672
-0.0025092617
-0.00016595853
-0.00018400191
-0.0023707468
-0.0021904204
-0.0013271983
-0.0025062899
-0.0026962138
0.00016983094
0.002521056
0.0021204166
0.001127046
0.0012376687
0.0023106979
0.0031887577
0.0029719088
0.0030815687
0.004515708
0.0053671869
0.0049767988
0.0051385723
0.0053246007
0.0037606647
0.0017292156
0.00098909426
0.0013805021
0.002454082
0.0038181965
0.0054258313
0.0069698663
0.0066940514
0.0045559355
0.0033291925
0.0032477896
0.0022846772
0.0016768955
0.0024393816
0.001858671
0.00038415517
0.0012286314
0.0026021514
0.0023076315
0.0027547132
0.0037945583
0.0028048768
0.0018393572
0.0023870987
0.0013983293
-0.00045612882
-0.00048637611
-0.00087764807
-0.001655847
-0.00010906831
0.00034623023
-0.0024970665
-0.003727875
-0.0029815969
-0.0038933912
-0.0040934561
-0.0024465963
-0.0031416009
-0.0046419194
-0.0023241262
0.00029773865
-0.00096965249
-0.0022897858
-0.001109604
-0.00066989043
-0.0016251269
-0.0021736489
-0.0032682447
-0.0047028796
-0.0041495268
-0.0026897907
-0.0022538842
-0.0018905416
-0.0017235413
-0.0022405705
-0.0014905182
0.00021683302
-0.00014490189
-0.0022848004
-0.0031756982
-0.002447353
-0.0021698799
-0.0020766351
-0.00035439164
0.0013892476
0.0010296123
0.00099923776
0.0027928338
0.002893331
0.00085104781
0.00087616214
0.0020502652
0.00042047596
-0.0015724874
-0.00070615241
-0.00012839299
-0.0017372315
-0.002397638
-0.0021128992
-0.0035132142
-0.0042633712
-0.0021683073
-0.00062131049
-0.0009962339
-0.00098784256
-0.0010447972
-0.0019912091
-0.0020073494
-0.0013990308
-0.0015340055
-0.00042664059
0.0018735152
0.0021832937
0.0016507512
0.0021150182
0.0016505743
0.00096226268
0.0018309011
0.0017250001
-0.00020170773
-0.00054337282
0.00084306748
0.00078490446
-0.00010083384
0.00071664271
0.0022462395
0.0022856584
0.00075689872
-0.00088979804
-0.0013769435
-0.00098019105
-0.00099973113
-0.0015875575
-0.001261024
0.00036397728
0.0013158061
0.00080172915
0.00076018309
0.0020122367
0.0031276306
0.0036791493
0.0040892023
0.0035928551
0.0021395823
0.0016055072
0.0024522336
0.0027700281
0.0022960135
0.0023670509
0.002462991
0.0017790425
0.0010945292
0.0010237368
0.0010397804
0.00031299438
-0.00082487211
-0.0011537473
-0.00037120917
0.00085925282
0.0024559505
0.0043596057
0.0047480613
0.0035137585
0.003633318
0.0043594679
0.0027166919
0.00056185637
0.00025089597
0.00073469832
0.0012204467
0.00096519373
-0.00092563254
-0.0022903136
-0.0014591225
-0.0011691579
-0.002133772
-0.0015116665
-0.00049871055
-0.0015552336
-0.0023850149
-0.0018863506
-0.0020181311
-0.0017697616
-0.00039606119
-0.00053613388
-0.0012399844
0.00018008998
0.00055954844
-0.0016956914
-0.0017921135
0.00013295798
-0.00045288311
-0.0015149936
-0.0010690774
-0.0023521099
-0.0036470876
-0.0020686917
-0.0021930607
-0.0049919058
-0.0049864263
-0.0036246476
-0.0053106258
-0.0063853664
-0.0043285843
-0.0036921247
-0.0048537725
-0.0041747987
-0.0033500912
-0.0040617352
-0.0037978364
-0.0032780247
-0.0041640243
-0.0035421147
-0.0016705138
-0.0028913056
-0.0051610554
-0.0041265865
-0.0028095767
-0.0041667409
-0.0052968026
-0.0053342059
-0.0056482432
-0.0045144898
-0.002222605
-0.0020651771
-0.0026014883
-0.0012414086
-0.00028508768
-0.00024153749
0.00099141605
0.0014872407
0.00013031317
0.00022183925
0.0013404017
0.00028102685
3.0860429E-006
