0.00042559233,
0.00066596951,
0.00057646545,
0.0009073331,
0.00090518821,
-0.0010584341,
-0.0021082798,
6.6276429E-005,
0.0011763606,
-0.00010664626,
-0.00016573427,
0.00082757726,
0.0004978269,
-0.00046229482,
-0.00042529355,
5.2260049E-005,
-0.0001208403,
-0.00015288341,
0.0016950639,
0.019212658,
0.03227729,
-0.094288342,
-0.22378866,
0.073117003,
0.42696089,
0.18718092,
-0.20407195,
-0.18374445,
0.044202112,
0.086330891,
-0.064988762,
-0.074795544,
0.049119554,
0.028360102,
-0.058749057,
-0.034138378,
0.0035200664,
-0.024848996,
-0.015792103,
0.020412194,
-0.012703534,
-0.042363364,
-0.0088651199,
0.010744335,
9.9890349E-005,
-0.0017163701,
0.00098549842,
0.00040696177,
0.00018835881,
-0.0042174626,
-0.0098376339,
-0.0049732253,
0.0059843161,
0.0064201406,
-0.0091473255,
-0.011746423,
0.019643547,
0.029961374,
-0.0081932312,
-0.023262907,
0.0012517226,
0.007307048,
0.0016998526,
0.015192751,
0.020898741,
0.0031136137,
-0.0054555447,
0.0034575611,
0.0039584073,
-0.00086862221,
-0.00049153704,
-0.0059778262,
-0.0094586555,
0.0064698085,
0.020774456,
0.0084238676,
-0.0044339858,
0.0056481264,
0.013623999,
0.0031606762,
-0.0056179189,
-0.0018870772,
0.00087475433,
-0.00023910933,
0.0029121279,
0.0068340055,
0.006238088,
0.0016789559,
-0.0037945968,
-0.0063249492,
-0.0019730693,
0.0069216909,
0.0065499526,
-0.0018551628,
-0.0021190026,
-0.0022786355,
-0.0097153941,
-0.005147296,
0.0080870353,
0.0063062208,
-0.0050568362,
-0.0089252293,
-0.0052472595,
-0.0011656776,
0.00036878241,
-0.00099816837,
-0.0036821701,
-0.0018779138,
0.0047677797,
0.0032344041,
-0.0073213107,
-0.0041908245,
0.0086244484,
0.0028104193,
-0.0088554099,
0.00018385463,
0.0099729206,
-0.0012865317,
-0.01196095,
-0.0028044702,
0.0097678164,
0.0079010511,
-0.0021552651,
-0.004964916,
0.00095972244,
0.00052252843,
-0.0090428721,
-0.01134292,
-0.0019878312,
0.0082685594,
0.0084219892,
-0.0020574797,
-0.0077635823,
-0.0016903653,
0.003239654,
-0.0014225998,
-0.0059635537,
-0.0020877847,
0.002045085,
-0.0020274636,
-0.0065702503,
-0.00069455995,
0.0085451193,
0.0076351627,
0.00032498708,
-0.0016830901,
-1.0470477E-005,
-0.0015429986,
-0.0037905739,
-0.00088769669,
0.0054214792,
0.0050861551,
0.00015895755,
0.0030461475,
0.0068389527,
-9.3107003E-005,
-0.0060464973,
-0.00073666545,
0.003229022,
-0.002881333,
-0.006155727,
0.0021178387,
0.010435355,
0.0055460846,
-0.0069167833,
-0.0086720567,
0.0020975845,
0.0087585757,
0.0033699628,
-0.0052699796,
-0.0050134752,
0.0027679715,
0.0055365069,
0.0016508015,
-0.0012090215,
-0.0013290707,
-0.0025268216,
-0.00291829,
0.0024855572,
0.0067713079,
0.0030654229,
-0.001696269,
-0.0026678513,
-0.0022940468,
-0.0016169939,
-0.00016142579,
0.0031165143,
0.0048874281,
0.00070229726,
-0.0039230911,
-0.0026435771,
6.198838E-006,
0.0014409299,
0.0029407451,
-0.00053279637,
-0.0048693982,
-0.00057080045,
0.003905914,
-0.00014030164,
-0.0024445292,
0.0025925513,
0.0026826316,
-0.0033654396,
-0.0026267711,
0.0023735298,
0.0023201753,
-0.00055886904,
-0.001868816,
-0.0017226875,
-0.0014288131,
-0.001617619,
0.00047223788,
0.0035844923,
0.0014575383,
-0.0018982977,
-0.0012214287,
-0.0011534024,
-0.0025849198,
-0.00087911915,
0.0010816738,
-0.00098788715,
-0.0029300817,
-0.0018109012,
-0.00060973602,
-0.00033759658,
-0.00058958167,
-0.00090967317,
-0.001028502,
-0.0010199088,
-0.0009351534,
-0.0015011962,
-0.0010947126,
0.0006828417,
0.00090268895,
-0.00012594654,
-0.00097321364,
-0.00037540487,
0.0022431808,
0.0034370525,
0.0017874629,
0.00035762377,
0.00014217118,
-0.0013596152,
-0.0029602889,
-0.0003747477,
0.0035475458,
0.0031835625,
-0.00015876528,
-0.0024119336,
-0.00056471553,
0.002644453,
0.0021794492,
0.0012200568,
0.0010804133,
-0.0018907802,
-0.0034969274,
0.00082223391,
0.0050081452,
0.00050022418,
-0.0057755345,
-0.0012056471,
0.0036029476,
-0.0017161394,
-0.0033599637,
0.00030200832,
-0.00081254396,
-0.0022340205,
0.00044917624,
0.0012706895,
-0.0021986903,
-0.0023118623,
0.0028453716,
0.0031657107,
-0.0030780544,
-0.0028946698,
0.0044536465,
0.0031689508,
-0.0042801066,
-0.0022056582,
0.0030031477,
-0.00034443205,
-0.0016981857,
0.0033032936,
0.0032373727,
-0.00046455563,
0.00026820373,
0.0023723692,
-0.00022421402,
-0.0044350964,
-0.0027474586,
0.00276788,
0.001986092,
-0.0019502287,
-0.0007176447,
-0.00033244435,
-0.0028175432,
-0.00049797382,
0.0032716275,
0.00069352059,
-0.0018098726,
0.0004743532,
-0.00048120852,
-0.0035839959,
-8.3749532E-005,
0.0018156883,
-0.0045791138,
-0.0058735027,
0.0030654515,
0.0081497701,
0.0014130786,
-0.0059803994,
-0.0053275079,
-0.0024789404,
0.00071597786,
0.0050390144,
0.0044099651,
-0.0014099267,
-0.002952571,
0.00039796997,
-0.0003939608,
-0.002950154,
4.1535997E-005,
0.0029885108,
0.00064343004,
-0.0016115073,
-0.00049021799,
0.0022397698,
0.0025329581,
-0.0014263092,
-0.0017471528,
0.0020716859,
0.00096120575,
-0.001839565,
-0.00028764328,
0.0014616026,
0.00072831695,
0.00069081556,
0.0020649647,
0.0027539968,
0.0017962416,
-0.00034241428,
-0.0017194591,
-0.000976988,
0.0011925671,
0.0026409684,
0.0012274641,
-0.0023088364,
-0.003666119,
-0.00024764251,
0.0031697783,
0.0012709601,
-0.00027141671,
0.0015413453,
0.00090255582,
-0.0026067838,
-0.0038301076,
-0.0013702386,
0.00094354519,
0.0018607752,
0.0032322458,
0.0014413191,
-0.0030609574,
-0.0023355042,
0.0017923646,
0.0033716834,
0.0019297198,
-0.0011439483,
-0.0013100659,
5.7164953E-006,
-0.0024805905,
-0.0027577148,
0.0025312388,
0.0034623798,
-0.0006439556,
-0.00026707191,
0.0026594303,
0.0012745518,
-0.0018387408,
-0.00088735,
0.0016766161,
0.00043138376,
-0.0026311371,
-0.0021792194,
0.0011505357,
0.0019884852,
-0.0012451833,
-0.0039470769,
-0.0030326454,
-0.00042883595,
0.00054315833,
-0.0013536235,
-0.0030660473,
0.00012973871,
0.0047333012,
0.0027809488,
-0.0028902218,
-0.0037793159,
-9.9511693E-005,
0.0018057645,
0.00085156341,
-0.00018693252,
0.00066064746,
0.001484376,
-0.0010764662,
-0.0042476729,
-0.0033177568,
0.00033174417,
0.0012492486,
-0.001949211,
-0.0037665113,
-0.00077815098,
0.0021018544,
0.001096265,
-0.00020616052,
0.00065439224,
0.0015520542,
0.00017049591,
0.00011920512,
0.0049871095,
0.0060845679,
-0.0015625291,
-0.0055170599,
0.00018173519,
0.0051899101,
0.0023247839,
-0.0022861676,
-0.0013749101,
0.00021101,
-0.0012942018,
-0.00062960811,
0.0021717618,
0.00099374272,
-0.00093526469,
0.001367476,
0.0017511289,
-0.0020647815,
-0.0031950024,
-0.00065224286,
0.00048076879,
0.00052301132,
0.00072714395,
-0.00086769112,
-0.0022600747,
-0.00028429169,
0.0023479802,
0.0010933947,
-0.0024381652,
-0.0028133704,
0.00034929605,
0.0029532011,
0.0013579878,
-0.0023276822,
-0.0023497152,
0.00049704919,
0.00064797874,
-0.0016938439,
-0.00090731657,
0.0024115036,
0.0020421697,
-0.0011998208,
-0.00033558204,
0.0033606908,
0.0035481907,
0.00072828686,
-0.0010715896,
-0.00064476178,
-5.0073264E-005,
0.00013591633,
0.0020361433,
0.002329408,
-0.0016526772,
-0.003879677,
-0.00090898294,
0.0020069671,
0.0010694875,
-0.0014644187,
-0.0014862244,
0.00072682585,
0.001058587,
-0.00052965514,
-0.0011555316,
-0.00034817081,
0.0014136065,
0.0014106879,
-0.00056382915,
-0.00087874808,
0.0011206591,
0.0021022491,
-0.00045114598,
-0.0036735868,
-0.0027593793,
0.0018151285,
0.0031296106,
7.6439028E-005,
-0.0020048828,
-0.0023801671,
-0.0012500959,
0.00030486571,
-0.0010984929,
-0.0026560056,
