0.00013772972,
2.4113982E-005,
-0.00015643783,
-0.00019945577,
1.430314E-005,
0.00017765076,
5.0671373E-005,
-6.3857056E-005,
-3.3768098E-005,
6.9959642E-006,
2.9567324E-005,
8.815145E-005,
0.00013383308,
1.7621202E-005,
-6.8276066E-005,
-2.3897579E-005,
1.6802984E-005,
0.00010493666,
0.00013406941,
-2.1342263E-005,
-0.00021759298,
-1.4112224E-005,
0.00047453507,
0.00031101218,
-0.00034743606,
-0.00032731064,
0.00010219608,
9.5923926E-005,
-4.2581189E-005,
7.4553194E-005,
3.2260832E-005,
-0.00019846039,
-2.8954852E-005,
0.00020776747,
-5.7919817E-005,
-0.00022314479,
3.9583527E-005,
0.00016151882,
3.0913172E-005,
9.4342358E-005,
0.00022725506,
-0.0005266752,
-0.0020127126,
-0.0012116074,
0.0026419675,
0.0047238884,
0.0023119415,
-0.0019169416,
-0.0034479804,
-0.00026501427,
0.0030363144,
0.0018365232,
-0.0016937394,
-0.0038604799,
-0.0031198349,
4.499613E-005,
0.0018310413,
0.00025028156,
-0.0011859142,
-0.00078648987,
-0.00036718225,
-3.7424932E-005,
0.00054625224,
0.00060442893,
0.00014902343,
-0.00036042146,
-0.00042286492,
0.00035129185,
0.00090902479,
-0.00015300774,
-0.0014660815,
-0.00098053645,
0.00027035081,
0.0010430734,
0.00067770231,
-0.00077313074,
-0.00085581653,
0.00057525293,
0.0012032058,
0.00073253224,
0.00018119015,
0.00072425575,
0.0012010782,
-0.00023924772,
-0.0012541652,
0.00017647188,
0.0013893121,
0.00035296672,
-0.0010323902,
-0.00055973715,
0.00073839078,
0.00085152162,
0.00029609597,
0.00018231278,
2.4956734E-008,
-0.00037936275,
0.00019679185,
0.0012903661,
0.00082518958,
-0.0007337798,
-0.00066414365,
0.00087408803,
0.0010692627,
-0.00041527546,
-0.0012075228,
-7.5481665E-005,
0.0011263568,
0.00036443261,
-0.00092243467,
-0.0007812549,
-0.00031697724,
-0.00029042756,
-7.8536177E-005,
-0.00049605931,
-0.00099703006,
0.00014895335,
0.0013035128,
0.00046709916,
-0.00080953556,
-0.00087848859,
-0.00053168187,
-0.00044702485,
1.2964118E-005,
0.00086895702,
0.0014307975,
0.0007609867,
-0.00099651713,
-0.0015916387,
-0.00086644682,
-0.00078667048,
-0.0004717104,
0.0010921231,
0.0013519471,
-0.00036791709,
-0.0010439936,
-0.00011541092,
0.00021515673,
2.7070248E-006,
0.00046276505,
0.00077675941,
5.5345579E-005,
-0.00057008007,
-0.00019217121,
0.00019725552,
-0.00042085332,
-0.0013036194,
-0.00088950281,
0.00076329178,
0.0015158959,
0.00061268912,
-0.00048700423,
-0.00093674433,
-0.00078782812,
-3.6559104E-005,
0.001009061,
0.0013119859,
0.00026699633,
-0.0005812,
-0.00023438066,
-0.00034735611,
-0.0011134102,
-0.00049626594,
0.0008901527,
0.00088807044,
-0.00019035391,
-0.00065966113,
-0.000109131,
0.00031830536,
0.00016144743,
4.796185E-005,
0.0001924153,
0.00031551567,
0.00025959135,
8.8209563E-005,
0.00035278956,
0.00064223789,
3.171444E-005,
-0.00043211391,
-0.00025862866,
-7.7874422E-005,
0.00034060437,
0.00063392561,
0.00052894396,
0.00042462678,
-2.3253589E-005,
-0.0005245303,
-0.00033651417,
0.0001195951,
0.00052011496,
0.00064355374,
-0.00013708037,
-0.0011938539,
-0.0010907019,
-6.3113621E-005,
0.00039589213,
-7.5206292E-005,
-0.00028894341,
0.00029700424,
0.00046845141,
-0.00034927193,
-0.00092365686,
-0.00047815128,
0.00028956603,
0.00047690154,
0.00038562441,
0.00041769666,
-0.00020940644,
-0.0011031441,
-0.00061411667,
0.00081021711,
0.00080240372,
-0.0005292031,
-0.00077043974,
3.2953802E-005,
0.00019822827,
-9.4895309E-005,
-0.00012845323,
-4.874976E-005,
3.8138303E-005,
0.00029168098,
0.00048448826,
0.00030978813,
-5.945448E-005,
-0.00020816873,
-0.00010997108,
1.2106877E-005,
-4.5697168E-005,
2.1512013E-005,
0.0005235009,
0.00088886981,
0.00042853024,
-0.00055046723,
-0.00088570948,
-0.00023185862,
0.00035891682,
0.00018088716,
-0.0002054228,
-9.9726072E-005,
0.00031898019,
0.00015806787,
-0.00054510368,
-0.00061372947,
-3.6955757E-007,
0.00025502892,
8.9240944E-005,
-8.594965E-005,
-0.000189482,
2.1007531E-006,
0.00031793403,
0.00013878502,
-0.00027161356,
-0.00025310228,
-1.4545388E-005,
0.00026313722,
0.00049473724,
0.00019994361,
-0.00041904786,
-0.00050005509,
3.3640191E-008,
0.00015679309,
5.8644317E-005,
0.00013846529,
0.00011077513,
0.00011630118,
0.00029717365,
0.00010820081,
-0.0003485753,
-0.00022800283,
0.000443294,
0.00078324403,
0.00038366782,
-0.00023361546,
-0.00023204963,
0.00017563537,
3.5109719E-005,
-0.00030031303,
0.00020656432,
0.00090828404,
0.0004036873,
-0.00076560659,
-0.00091525551,
-1.0114935E-005,
0.00026882588,
-0.00043630888,
-0.00037250685,
0.00040096417,
-2.2263617E-005,
-0.00077124196,
7.5204247E-005,
0.00089076383,
-0.00018579076,
-0.001048342,
-0.00024304069,
0.00033889167,
4.6884841E-005,
-0.00014995222,
-8.0406047E-005,
1.7696049E-006,
-0.00014763363,
-0.00024152391,
0.00016973568,
0.000318045,
-0.00015248809,
-0.00032006318,
9.286491E-005,
0.00030426204,
-7.0546084E-005,
-0.00056152442,
-0.00062756252,
-0.00021412381,
0.00044587627,
0.00077511411,
0.0001803863,
-0.00061701104,
-0.0003217576,
0.00047504931,
0.00021247624,
-0.00066051638,
-0.00050779339,
0.00040870445,
0.00066559424,
0.00013692777,
-0.0004076724,
-0.00042005416,
0.00013104956,
0.00055670075,
0.00059858023,
0.0003830296,
0.00015266155,
0.0001840609,
-1.9735542E-005,
-0.00021398181,
7.1782772E-005,
1.5875923E-005,
-0.00025945561,
-7.2991199E-005,
0.00010121732,
2.6908334E-005,
-0.00022755991,
-0.00028812813,
0.00015597086,
0.00039071025,
7.0844467E-006,
-0.00023396453,
0.00012989473,
0.00029171526,
0.00016596215,
0.0003699981,
0.00020712358,
-0.00056483352,
-0.00046250573,
0.00030230216,
0.00046780059,
0.00037279123,
0.00022114669,
-0.00014108304,
-0.00020496393,
-2.3627228E-005,
7.6844648E-005,
0.00022320349,
0.00031203078,
0.00014903217,
5.28487E-005,
-4.6822577E-005,
-0.00039635264,
-0.00028948791,
0.00030447135,
0.00021167261,
-0.00034544847,
-9.6072363E-005,
0.00018786095,
-0.00058555498,
-0.00084742229,
0.00016828065,
0.00047342171,
-0.0002714287,
-0.00020717415,
0.00017504446,
-0.00050307316,
-0.00083851162,
0.00016100181,
0.0010052728,
0.00034695299,
-0.00071470242,
-0.0004589124,
0.00028717762,
0.00025200751,
-1.7314238E-005,
-1.9763918E-005,
0.00010467071,
1.6536231E-005,
-8.6749402E-005,
-6.8356017E-006,
-0.00021900136,
-0.00037516034,
-6.7010806E-005,
0.00012701703,
-7.7275145E-005,
-0.00021318544,
-8.9010522E-005,
-1.1943176E-005,
-0.00013005163,
-0.00025815683,
-6.0161274E-005,
0.00047816642,
0.00058520015,
-9.9003577E-005,
-0.00047037972,
0.00017822599,
0.00078788918,
0.0003632232,
-0.0002551903,
0.0001616587,
0.00067816494,
0.00011045162,
-0.00040133245,
-8.3009902E-005,
-8.1306847E-005,
-0.00045841694,
-0.00028496547,
-6.7809517E-005,
-0.00025026346,
-0.00018768926,
0.00022679355,
0.00029560816,
-1.9223291E-005,
8.1292688E-005,
0.00050616945,
0.00038112688,
-9.945401E-005,
-3.4675719E-005,
0.00022759165,
-0.00015423837,
-0.00034012721,
0.00032094659,
0.00061804836,
-2.676164E-005,
-0.00069333729,
-0.00061075273,
-0.00012661538,
0.00017068721,
0.00026190749,
0.00027314565,
0.00016725596,
-0.00030339861,
-0.00071528368,
-0.00015908964,
0.00065610826,
0.00038924062,
-0.00017183676,
-1.7272232E-005,
-5.1834795E-005,
-0.00052701181,
-0.00031597159,
0.00042390547,
0.00047166439,
-1.0069263E-005,
-0.0002417909,
-0.00045319015,
-0.00041968541,
0.00018185833,
0.00050084473,
0.00011199682,
-0.00023351544,
-0.00014724558,
0.00016142333,
0.00026223561,
-4.108237E-005,
-0.0001919455,
-9.1646652E-005,
-8.2894308E-005,
8.164515E-005,
0.00030600504,
0.00029503959,
0.00030324922,
0.00022133776,
-0.00029949925,
-0.00079641613,
-0.00060894567,
0.00011324986,
0.00054857292,
0.00043768086,
0.00018752774,
1.3377781E-005,
-0.00016035848,
-0.00029855894,
-0.00018996709,
0.00016071851,
0.00046027527,
0.00025961694,
-0.00032209343,
-0.00050505775,
-0.00012796227,
0.000126224,
2.2003063E-005,
0.00027192608,
0.00059135095,
-9.1656759E-005,
-0.00071575033,
-6.0245919E-005,
