0.31006956
0.21696953
0.46779826
0.45172706
0.18040347
0.05078914
0.0011981005
-0.14768206
-0.18320446
-0.057837728
0.0079098167
0.047232222
0.12146109
0.11735682
0.09018565
0.14809178
0.17560451
0.14050363
0.16617297
0.20214052
0.15875052
0.10240288
0.056677211
-0.0045877346
-0.013093497
0.016056467
-0.021001447
-0.024883134
0.083448447
0.12381943
0.053674016
0.037402429
0.066219464
0.032739446
-0.0094050411
0.012585833
0.048123699
0.052333694
0.029451624
-0.0032207884
-0.016455531
-0.031217495
-0.077349477
-0.091761746
-0.037341002
-0.0019751566
-0.017042886
-0.0020498242
0.038061555
0.03668917
0.016493168
0.013357822
0.012275591
0.017263604
0.027567368
0.017390074
0.013382189
0.037201967
0.037468828
0.006553004
-0.0077607245
-0.013969023
-0.039288819
-0.064936608
-0.078710072
-0.083722599
-0.070042655
-0.059572879
-0.069801882
-0.055231959
-0.0094456812
0.0092740441
-0.00047671227
0.0085359784
0.023618318
0.010440878
-0.0024252862
0.0029889087
-0.00021670168
-0.013607863
-0.02878028
-0.042836167
-0.044584692
-0.038050424
-0.02665923
-0.00065577199
0.03430238
0.052040134
0.04328946
0.039234519
0.046556029
0.032884736
0.012203095
0.012620781
0.013949347
0.0056267343
0.002250765
-0.0011383172
-0.012010795
-0.011103528
0.0077267298
0.02366782
0.03701805
0.043568376
0.027866095
0.020709349
0.035093483
0.030524619
0.012070788
0.015429621
0.021359583
0.0041935504
-0.015150641
-0.022750759
-0.026450258
-0.031035384
-0.045544717
-0.056079369
-0.037559807
-0.013522636
-0.014972586
-0.022372101
-0.01222208
-0.0072811395
-0.021352818
-0.025234962
-0.022848705
-0.036801584
-0.041990854
-0.031720255
-0.030185372
-0.017547337
0.015919641
0.03094318
0.036785137
0.071793817
0.10260113
0.085381448
0.051286217
0.040059101
0.026536889
-0.0092510665
-0.029333834
-0.016505376
-0.0041548563
-0.013514337
-0.020072678
-0.0047228923
0.0097210864
0.010267275
0.0045137145
0.003736513
0.010355791
0.00059678347
-0.015076118
-0.0035952101
0.011397097
0.0027248268
-0.0077152881
-0.0042735357
-0.003325019
-0.0093209157
-0.015975624
-0.023195306
-0.016822642
-0.0024103357
-0.0056810323
-0.016252059
-0.013093998
-0.00160607
0.006804585
0.017389521
0.035224471
0.047086466
0.045103263
0.031256825
0.015793888
0.020094827
0.036552586
0.03861637
0.040054955
0.059852991
0.06717997
0.046604298
0.035887022
0.04039859
0.032217417
0.024926336
0.033903856
0.04252971
0.050838549
0.059931751
0.050206054
0.03375382
0.03497963
0.028586645
0.0017725804
-0.0055175237
0.0045430087
-0.0051812516
-0.0094583221
0.013546421
0.018825457
0.0013931952
0.0029385246
0.0073226513
-0.0086465674
-0.015263837
-0.01577265
-0.036072578
-0.045473516
-0.037862659
-0.054901682
-0.07211791
-0.053543396
-0.043044124
-0.058227826
-0.051323418
-0.02757643
-0.026114237
-0.023196012
-0.006894893
-0.013178603
-0.027449397
-0.018811617
-0.017016074
-0.035060883
-0.031280942
-0.014024588
-0.024480656
-0.02498232
0.0029714587
-0.0028612821
-0.034729335
-0.032148689
-0.017296603
-0.030726323
-0.038801603
-0.018034976
-0.0046361024
-0.0042164945
0.004158414
0.00662946
0.0012349475
0.0054814122
0.0031639494
-0.012623101
-0.0088842129
0.0071153422
-0.0035580534
-0.019043781
-0.0052634128
0.0056330045
-0.0065187667
-0.003649008
0.013345398
0.0098876813
0.0030723289
0.010944301
0.012088842
0.0060874042
0.014673125
0.022568921
0.0099423733
0.0089233778
0.025324583
0.019390093
0.0047059958
0.013421616
0.017694104
-0.0032087462
-0.011035246
0.0044489228
0.0066130827
-0.00036128733
0.0069559198
0.018247388
0.024679929
0.034710396
0.044154059
0.045083486
0.05089334
0.059683986
0.051926352
0.035816055
0.027952164
0.020073378
-0.0025775237
-0.019999348
-0.016370758
-0.01896696
-0.025881557
-0.018934591
-0.015137088
-0.017565038
-0.01179186
-0.0045945966
-0.0096098734
-0.0111711
-0.00055293489
-0.0049853995
-0.018001851
-0.015914513
-0.018345201
-0.033813339
-0.032108411
-0.010689406
-0.0039189933
-0.0053501357
0.0081433738
0.014256656
0.0063132676
0.0043084826
0.0037143133
-0.00078875484
-0.00063441327
-0.0039615114
-0.017409829
-0.016321812
-0.00071624224
-0.0040362854
-0.015862068
-0.011505228
-0.0086093806
-0.014260936
-0.009737581
-0.0028795504
-0.0062284353
-0.0055942172
-0.0080099348
-0.029505804
-0.039340664
-0.024212809
-0.021268573
-0.025619125
-0.012303946
-0.0072311251
-0.015239887
-0.0065765893
0.0080464408
0.0091996891
0.013818582
0.023939935
0.018762721
0.010041802
0.0046908809
-0.015526489
-0.030134518
-0.027108025
-0.039144702
-0.057901058
-0.048563503
-0.036585707
-0.051667735
-0.050740991
-0.021352641
-0.014466406
-0.017510803
8.3307052E-005
0.0072320267
0.00061351527
0.011096154
0.020054802
0.0050696689
0.000989591
0.0082022585
-0.012490924
-0.033657312
-0.030581327
-0.037613351
-0.056453515
-0.058280937
-0.051005382
-0.048607852
-0.03365143
-0.012744342
-0.0053593111
0.0099603971
0.032245386
0.034506142
0.030596441
0.040930796
0.050337382
0.043538235
0.0369399
0.04001414
0.037999153
0.027371665
0.014012711
0.0072970269
0.011515517
0.0096667698
6.9360831E-005
0.0045599826
0.018830856
0.020834262
0.019190868
0.028712573
0.033043806
0.027535519
0.028825231
0.028300608
0.018488551
0.01380261
0.0080312928
-0.0046339156
-0.0070283385
-0.0045401352
-0.0097302292
-0.0061455993
0.0091866106
0.016417347
0.019011427
0.026868191
0.02848023
0.025187016
0.029274831
0.031552739
0.024408072
0.020756384
0.025266422
0.022407584
0.012641195
0.011599174
0.010891736
0.0086927554
0.016121898
0.017950265
0.012702521
0.014864654
0.01039245
-0.0051219361
-0.0084766559
-0.0032885729
-0.014861172
-0.024129571
-0.01005305
-0.0055738757
-0.015930807
-0.014465143
-0.008962824
-0.012012435
-0.021003522
-0.029601626
-0.035051618
-0.037189618
-0.031022375
-0.024683623
-0.025415093
-0.022328408
-0.015854647
-0.018140059
-0.025332393
-0.023581164
-0.016044078
-0.011695792
-0.0079009868
-0.0054058749
-0.0049752449
-0.0033038615
-0.0030347232
-0.0057493988
-0.0071605188
-0.0026359411
0.00013392279
-0.0080216154
-0.0080650924
0.0077965017
0.0095210141
0.00054941606
0.010118712
0.021462232
0.014508616
0.0099757686
0.022049775
0.033701532
0.034690246
0.036581073
0.037245948
0.029533558
0.022981079
0.016967662
0.0078995954
0.0052875835
0.0076859551
0.0031753941
-0.0046570878
-0.0037350133
-0.0011695664
-0.0076916027
-0.011222861
-0.0025503291
0.006498572
0.011885744
0.01954351
0.02220737
0.018702773
0.020694992
0.024010008
0.018753212
0.014052657
0.02042162
0.020689268
0.0017147887
-0.011376386
-0.010182513
-0.01790002
-0.027893718
-0.020083647
-0.0075186854
-0.0051976084
-0.0040134243
0.00027716809
0.0029598821
0.0058970875
0.0081931157
0.012319709
0.025090583
0.038169511
0.041382838
0.040833339
0.044750322
0.046058014
0.038670119
0.034221847
0.03226766
0.02104081
0.0091261268
0.0042702123
-8.0277103E-005
-0.0047549605
-0.00199796
0.0094920592
0.015846564
0.013490986
0.01662202
0.025154568
0.025910834
0.021540988
0.026653323
0.030969836
0.017023519
0.0046039941
0.0034672953
-0.0050672288
-0.012809548
-0.0096270582
-0.010238316
-0.015553256
-0.017982837
-0.023138314
-0.031052226
-0.032019213
-0.028793888
-0.025355253
-0.012191644
0.0019515988
0.0012631149
0.0018582884
0.011076671
0.0039309617
-0.016880374
-0.017992897
-0.0079427231
-0.017261995
-0.027883874
-0.022786042
-0.024552848
-0.028723486
-0.015394334
-0.0049562035
-0.0053904899
0.0073752701
0.020563643
0.015660936
0.016338481
0.024119407
0.019399423
0.015503649
0.02063721
0.016349984
0.00553138
0.0065640518
0.0071093165
-0.0054404424
-0.012381033
-0.012474905
-0.022408269
-0.029033735
-0.021266656
-0.018947961
-0.022766525
-0.015971687
-0.0072441474
-0.0055882633
-0.0051645469
-0.0047970419
-0.0059579862
-0.0094455602
-0.015779994
-0.021715093
-0.01840717
-0.0071070385
0.0008209938
0.0066452343
0.011368178
0.010331026
0.0045998078
-0.0026223599
-0.007724849
-0.011576322
-0.012287512
-0.013478329
-0.020209176
-0.01658356
-0.0060893092
-0.0046267398
0.0016846792
0.016041314
0.02242771
0.021256963
0.02265065
0.024174036
0.022242161
0.026911214
0.033062097
0.02706179
0.019523317
0.018739436
0.011738944
-0.0033387484
-0.0060438178
0.0019444292
-0.0023909896
-0.011036996
-0.0098703187
-0.009704276
-0.013778546
-0.013584
-0.0080245277
-0.0022050028
0.00094433001
0.00016379499
-0.0029269666
-0.001112589
0.0032110044
0.001667955
-0.0019129631
-0.0020850906
-0.0026978066
-0.0090311319
-0.01447003
-0.010517931
-0.0061199637
-0.0064882049
-0.0046252562
-0.0014719645
0.0016346659
0.0054407879
0.0068987636
0.0078520691
0.011606431
0.017649988
0.021224286
0.018204179
0.015532288
0.016275113
0.011157879
0.0033140727
0.0036295599
0.0051395162
0.0011886838
0.00088090426
0.0046638609
0.0051161195
0.0038858138
0.0009854472
-0.0063114222
-0.013657906
-0.016596386
-0.017013593
-0.016154082
-0.011847358
-0.010222594
-0.018154232
-0.025231389
-0.024595553
-0.026846312
-0.031227358
-0.026860464
-0.022211209
-0.025007464
-0.025505897
-0.025853444
-0.030721545
-0.029675238
-0.024422947
-0.024128774
-0.022126529
-0.014710294
-0.011843594
-0.01382925
-0.011685587
-0.0079394123
-0.0066965981
-0.0048521594
-0.0022188118
0.00092921028
0.0045502875
0.0059564412
0.0044553392
0.0024792352
0.00060208456
-0.0045318035
-0.0091706235
-0.0058047208
0.0002662871
0.0053651454
0.012436518
0.014135133
0.010366063
0.010605006
0.010141358
0.0068177683
0.0066614347
0.0064904504
0.004269999
0.0025154366
0.0010819464
-0.00031523855
0.00014370786
0.0018222275
-0.00044125077
-0.0017937812
0.0037540374
0.0071597327
0.0058534108
0.0073779738
0.0096228486
0.0071465131
0.0062741754
0.008262313
0.003261578
-0.0015206333
0.000329879
-0.0011380815
-0.0025072098
0.00090196804
8.3206454E-005
-0.0072024916
-0.0093719056
-0.0020645384
-0.000209345
-0.0036793333
0.0011310944
0.0048163086
-0.00078777509
-0.0048644473
-0.0022814362
0.00094383623
0.0017610267
0.0041290307
0.0085162707
0.014100208
0.020785188
0.022392618
0.019138293
0.017565088
0.013844411
0.0047072396
-8.982826E-005
0.0029803766
0.0039909156
0.0036870351
0.008860467
0.013324495
0.014594005
0.017110957
0.019265542
0.019394619
0.01863021
0.019903703
0.02201004
0.02075224
0.02024737
0.019643243
0.014255995
0.0095299548
0.0066436133
0.0027768277
-0.001732787
-0.0054815845
-0.0044960557
-0.0013208794
0.00045130681
0.0034265444
0.007137225
0.010089282
0.011013225
0.010693221
0.01250477
0.014959304
0.014600268
0.010433249
0.0073065571
0.0078557618
0.005554074
0.0023298108
0.0036952575
0.0034671633
-0.001320819
-0.0042888331
-0.0039785439
-0.0056127189
-0.0079674833
-0.0077085672
-0.0076256231
-0.0083813621
-0.012045009
-0.018890878
-0.020806126
-0.016882975
-0.01370425
-0.012996239
-0.0098204846
-0.0043624248
-0.0057690684
-0.0087169101
-0.0051621357
-0.0034506381
-0.00080006215
0.0062369271
0.0050926623
-0.00040996654
0.0016470785
0.0023376378
-0.0058365241
-0.010818156
-0.007376228
-0.0053823134
-0.0047350097
-0.0020830859
-0.00052006193
0.0031836398
0.0065382672
0.0034812137
0.0016736599
0.0046782517
0.0048470534
0.0022113356
0.0037717877
0.0072032087
0.0067745424
0.0081152339
0.012378741
0.0096782455
0.0040686945
0.0060904473
0.0092235189
0.0092824493
0.01315289
0.016362684
0.014678747
0.016439132
0.019796794
0.018413283
0.018341027
0.019903714
0.016879957
0.012033188
0.0072372407
0.0029164485
0.0029402389
0.0044387011
0.0043582511
0.0053981533
0.0082812412
0.011061582
0.010273918
0.007553108
0.0070258896
0.0057306485
0.0045163431
0.0070644002
0.0087748971
0.0078608869
0.0078945979
0.007951729
0.0064154812
0.0049741799
0.0037373737
0.0022068876
0.0016138981
0.0016359979
0.0024319519
0.003093783
0.0017996716
0.0024475972
0.0030843508
-0.0013095359
-0.0033809282
-0.0022418753
-0.0050139492
-0.008527156
-0.011155098
-0.014954647
-0.016712628
-0.01611595
-0.015340605
-0.012608618
-0.0071998946
-0.002498284
-0.00030783843
0.0020146517
0.0060136123
0.0081006521
0.0069766031
0.0064033889
0.0057086479
0.0030523234
0.00080682902
-0.0015742226
-0.0035086453
-0.0015840125
-0.00021077241
-0.0027435012
-0.0026651346
-0.0014595853
-0.0062040039
-0.010119703
-0.0088617466
-0.010455928
-0.014326015
-0.014127297
-0.013913284
-0.01654179
-0.014380657
-0.0099351956
-0.012219738
-0.012191808
-0.0060365037
-0.0065067541
-0.0098249195
-0.0056012934
-0.003085074
-0.0076187109
-0.0075397203
-0.0046064365
-0.0094052898
-0.013192606
-0.010745816
-0.01031491
-0.0099533694
-0.0071500228
-0.0059526116
-0.0045461743
-0.00098954351
0.00028963725
-0.0012879367
0.0014861521
0.0074319965
0.0074034389
0.0057573388
0.010050215
0.013346659
0.012302632
0.013183286
0.014217338
0.012060483
0.01193669
0.012430407
0.0068292818
0.002019539
0.0040059467
0.0024883363
-0.0039133243
-0.0035419406
0.00090079766
8.0563295E-005
-0.0020434509
-0.0021703597
-0.0060460079
-0.011584082
-0.012986572
-0.014405899
-0.015493636
-0.011740707
-0.0094114114
-0.011881486
-0.013286011
-0.013565212
-0.015800325
-0.014783985
-0.0094382577
-0.0077649485
-0.0055009471
0.0032625364
0.0081978971
0.0069668735
0.008485022
0.009445658
0.0040773824
0.0011867436
0.003881508
0.0026467342
0.0020586827
0.0085110711
0.012303579
0.01152728
0.011686576
0.0094405506
0.0035803202
0.0013947992
0.0027710623
0.00034840475
-0.00073096907
0.002411129
-0.0005988896
-0.0063739633
-0.0065721632
-0.0072469832
-0.0099897468
-0.0095184864
-0.0080051869
-0.0094022164
-0.01108123
-0.010828516
-0.011531319
-0.012678016
-0.01201022
-0.011640368
-0.010334929
-0.0067781364
-0.0060534817
-0.0072255498
-0.0043293131
-0.00070218346
-0.0011792053
-0.0020948802
-0.00091304182
-0.00012867834
0.00014859214
0.0013021335
0.0024252415
0.0036691346
0.0051047262
0.0040651974
0.0014366549
-0.00013884132
-0.0018870125
-0.0033970319
-0.0040728543
-0.006518851
-0.0098619163
-0.010129189
-0.0092811286
-0.011756972
-0.012121339
-0.0070735579
-0.0059260582
-0.0092270393
-0.0081724478
-0.0047684065
-0.0052578412
-0.0074446956
-0.0076293517
-0.0072802226
-0.0080464287
-0.010812879
-0.01482586
-0.015335919
-0.012226915
-0.01139867
-0.01231512
-0.0083948327
-0.0032625918
-0.004723961
-0.0051812073
0.0008731673
0.0034592734
0.00076520792
-0.00016595081
-0.001523331
-0.0049985927
-0.0041211238
-0.00061540358
-0.0010170942
-0.0003902266
0.0036433192
0.0028592718
-0.0017869796
-0.0014625055
0.0016653937
0.0023874911
0.0041695544
0.0063895835
0.0055539277
0.0059287166
0.0070843888
0.004285058
0.001991923
0.0037080736
0.0040231491
0.0019681142
0.0034369978
0.0060443017
0.0050355135
0.0069270586
0.012689326
0.013808784
0.011509545
0.010973397
0.0098372512
0.0059035262
0.0028419471
0.0017956051
-0.00090108218
-0.0029604265
-0.0020202587
-0.0019655614
-0.0014952708
0.0021258239
0.0053987005
0.0063085007
0.0068202848
0.0070584412
0.0053974199
0.0035156256
0.0033370489
0.0040162462
0.0044834358
0.0034166935
0.0019841373
0.00170394
0.00087592355
-0.00085814914
-0.0033179093
-0.0052166097
-0.0039560744
-0.0015636942
-0.000505684
-2.7576207E-005
0.0011193218
0.0039985264
0.0059386794
0.0051256791
0.0062732785
0.0082452195
0.0044890335
-0.0006315175
-0.0020973866
-0.004955776
-0.008803946
-0.008914791
-0.0083917445
-0.0087477658
-0.0067282687
-0.0047202175
-0.0054102675
-0.0054592905
-0.0040074359
-0.0035650048
-0.0038780584
-0.0025000391
0.00054108276
0.0011682545
-0.00075874594
-0.00050967728
0.00090937887
-0.00010624574
-0.0015519471
-0.0010981989
0.00089542399
0.0037259085
0.0044289739
0.0025391367
0.0022383737
0.0024724638
-0.00019776876
-0.0034977326
-0.0029705812
0.0011535533
0.0019213426
-0.0008264152
0.00020202591
0.0021958111
0.001824917
0.0037694289
0.0071972338
0.0094885929
0.012358982
0.014244944
0.012652955
0.010763831
0.011067743
0.0096312631
0.005254427
0.0031096702
0.0038893921
0.0041601979
0.0049860552
0.0074450318
0.0077052512
0.0052374899
0.0043639611
0.0039453604
0.0022607015
0.0029452718
0.003797231
0.0017444022
0.0017578208
0.0037945458
0.0025211675
0.00064984738
0.0016522912
0.0010890201
-0.00095125637
9.0236877E-005
0.0014174022
0.0011654345
0.0023132656
0.0038614306
0.0028360833
0.0015459164
0.0032278521
0.0031007894
0.00015579563
0.00092643138
0.0019178184
-0.00049357157
-7.9992547E-005
0.0023681698
0.0012676923
-0.00046098532
0.00093802798
0.0020791374
0.0016052009
0.0025413577
0.0041354592
0.0049602073
0.0058454904
0.0062783821
0.005152124
0.0034497646
0.0036733025
0.0044015641
0.0033893194
0.0033607827
0.0044940077
0.0039965864
0.003079962
0.0037423584
0.0051680957
0.0066452385
0.0085477093
0.0091475779
0.0078616058
0.007432444
0.0076290676
0.005973849
0.0021613913
-0.0014518112
-0.0034761555
-0.0061290041
-0.0081937509
-0.0068139066
-0.0055410466
-0.0069083003
-0.0076586776
-0.0064573814
-0.0053828969
-0.0043489654
-0.0028440186
-0.0021706175
-0.0012673726
0.00031853665
0.00043394705
0.00062995619
0.0023073666
0.0011948965
-0.0029360501
-0.0034799324
-0.000854554
-0.001089089
-0.0011849351
0.0026400974
0.0038436551
0.00080048281
0.00023648031
-0.00041673047
-0.0057744849
-0.0084732957
-0.00567372
-0.0050217188
-0.0053363279
-0.0011295638
0.0026205741
0.0030637442
0.0042153415
0.0044086375
0.0023833292
0.0022741952
0.0026941437
0.0002175346
-0.0019272527
-0.0016017288
-0.0023460605
-0.0053248811
-0.0079290438
-0.010333769
-0.012833028
-0.01301437
-0.012165937
-0.01208399
-0.010382842
-0.0073549519
-0.0050603212
-0.0027831022
-0.00085403695
-0.00078862242
-0.0011032115
-0.00062993838
-0.002197738
-0.0049401573
-0.0057824538
-0.0073478427
-0.0084724091
-0.0055733123
-0.0029728154
-0.0029908707
-0.0019374962
0.0010461017
0.0028377979
0.0022213105
0.0028357934
0.0065663881
0.010057349
0.010672109
0.0098938216
0.0093864864
0.0081238961
0.0060763652
0.004189231
0.0032393713
0.0044960063
0.0057434589
0.0047305725
0.0047208667
0.0072411024
0.0074673151
0.0046391743
0.0045607551
0.0054025101
0.0026933225
0.0012421828
0.0025063294
0.0016430927
-0.00057175127
-0.00036919053
0.00038146094
-0.0020697711
-0.0041630068
-0.002573512
-0.0019769359
-0.0034461259
-0.0029952093
-0.0019493033
-0.0030155466
-0.0042329645
-0.0042802389
-0.004190363
-0.0037674182
-0.00308898
-0.0030028697
-0.0031335989
-0.0027785748
-0.0022680494
-0.0019623742
-0.00089794933
-0.00013473556
-0.0019482468
-0.0039600562
-0.0039068256
-0.0041423496
-0.0048853969
-0.0031169397
-0.00043591674
-0.00043897796
-0.0001277032
0.0018764159
0.00029226212
-0.0033024023
-0.0026260153
-0.0012196301
-0.0041871211
-0.0066367164
-0.0049975808
-0.0034587055
-0.0036554283
-0.0040373434
-0.004840449
-0.0052686776
-0.0050444813
-0.0062531549
-0.0071733142
-0.0048743025
-0.0034462661
-0.005616087
-0.0062483186
-0.0051928428
-0.0074808709
-0.0097771194
-0.0074650175
-0.0046840818
-0.0038749145
-0.0021949792
-0.0006829949
-0.00078323699
0.00041123957
0.0029234185
0.0041818134
0.0045235809
0.0050479444
0.0051875329
0.0038956376
0.0023345051
0.0019563006
0.001365627
0.00051201717
0.00063271722
0.00024501618
-0.00097254827
-0.0008891708
-0.00051632873
-0.0018485186
-0.0021155807
-0.00075065484
-0.0016807796
-0.0024049908
0.00052869652
0.0024088575
0.0012712632
0.0013315543
0.0029136823
0.0025726913
0.0010786611
0.0012938533
0.0014284397
-0.00017180316
-0.0019321702
-0.003588357
-0.0052247206
-0.0061198045
-0.0060750367
-0.004910761
-0.0028930502
-0.0018504855
-0.0020649089
-0.00090992224
-0.0001901026
-0.0023563455
-0.0027361424
-0.0008110429
-0.00093197625
-0.0013625538
0.00026463499
0.0019912859
0.0021979779
0.0021004395
0.0023835502
0.0018514722
0.0013904255
0.0011028959
0.00021907312
0.00086017069
0.0017829968
0.0002843804
-0.00072706235
0.0010203772
0.0027045482
0.0023553467
0.0022746888
0.0029577995
0.0016006813
-0.00099509291
-0.0023600569
-0.0027315693
-0.0020510741
-0.00030871801
0.00078395335
0.0011373656
0.0017164204
0.0011949284
-0.0010194948
-0.0029269103
-0.0027593775
-0.00083348167
0.00087310333
0.0017351104
0.0024428938
0.0027179921
0.0024271682
0.0024752305
0.0031131043
0.0032884947
0.0028595638
0.0019579714
0.00065057492
0.00040171674
0.00098082575
0.0012296614
0.0016802541
0.0027030583
0.0035237381
0.0030828828
0.0024668849
0.0025084417
0.0018997345
0.00057232776
-0.00062150788
-0.00073113682
-0.00079525699
-0.0020140104
-0.0018553638
-0.00065966748
-0.00055749773
0.00034261559
0.0017164043
0.00075855595
-0.00097134936
-0.00087325578
-0.00085232657
-0.0016775408
-0.00064483879
0.0013052883
0.0020285002
0.0030675528
0.0040780297
0.002701629
0.0015312885
0.0026193652
0.0014175159
-0.0018463276
-0.0014351471
0.0010382851
0.001559508
0.0017966017
0.0029409297
0.0035212389
0.0044292593
0.0057418882
0.0045167562
0.0033565653
0.0054315547
0.0056683808
0.0032133143
0.003584994
0.0052549606
0.0046108873
0.0042515192
0.0048721
0.0039021964
0.002661271
0.0022439214
0.00082813506
-0.0005040972
-0.00015425689
-0.00016305374
-0.0005992509
0.0011396626
0.0029974487
0.0024600124
0.0027330399
0.0048736711
0.0061224476
0.0062337033
0.0062935599
0.006976136
0.0079721808
0.0078472663
0.0068052509
0.0062768161
0.0062617124
0.0055548623
0.0044840761
0.0043026139
0.004320675
0.0043117972
0.0046839006
0.0044458685
0.0040300637
0.0042789811
0.0041338708
0.0031479017
0.0021791272
0.0017089976
0.001341413
0.001271602
0.0022769447
0.0031243197
0.0022926566
0.001083339
0.00071738573
0.0005253859
-0.00016188913
-0.001112051
-0.0008855873
0.00017536058
0.00011557192
-1.1446113E-005
0.00054608582
0.00082072371
0.0013098747
0.0013253649
0.00032568586
0.00034078851
0.0014601423
0.0016524455
0.00097010046
0.00054412801
3.6709596E-005
-0.00057584181
-0.00056356657
-0.00066479034
-0.001415445
-0.0014047439
-0.00032015232
0.00019337815
5.9351423E-006
0.00034518464
0.00083947397
0.00019899211
-0.0012499235
-0.0017168327
-0.0011980545
-0.0015620075
-0.0025465663
-0.0027650271
-0.0028895156
-0.0033788427
-0.0032383557
-0.0025905573
-0.0023628951
-0.0018693361
-0.00067833014
-0.00070655608
-0.0014824872
-0.00086701929
-0.0010400029
-0.0027124488
-0.0030496421
-0.0027041151
-0.0029724969
-0.0026945081
-0.0020554676
-0.0023247506
-0.0026136616
-0.0022323872
-0.002564376
-0.0024733169
-0.0010939352
-0.00077383372
-0.00093749212
0.0004369668
0.0020503982
0.0017857444
0.00077218626
0.00087782781
0.00093759253
0.0009738144
0.0015573408
0.0015039828
0.0015853525
0.0018953036
0.00089818845
-0.00026069093
0.00018309793
0.0010116257
0.0013776637
0.0026987942
0.0038641861
0.0033083961
0.0027220743
0.0027825481
0.0024544869
0.001845651
0.0017769297
0.0017524428
0.0013614271
0.0011231322
0.00013207058
-0.00092865009
-0.00027872276
2.5898336E-005
-0.0012330773
-0.0016414938
-0.0011222158
-0.0020278743
-0.0032512669
-0.0029912477
-0.0034341768
-0.0048154448
-0.004542409
-0.0037559206
-0.0045695812
-0.0050306502
-0.0037325742
-0.0033939665
-0.0044285851
-0.0041456707
-0.0035469122
-0.0042538135
-0.0046576425
-0.0045191757
-0.0049853842
-0.0049243886
-0.0037229708
-0.003006018
-0.0022523622
-0.00084495969
-0.0010111373
-0.002225402
-0.0023179627
-0.0026734839
-0.0041517601
-0.0043888586
-0.0029071018
-0.002268319
-0.0022518421
-0.00087250635
3.4791083E-005
-0.00097714609
-0.0016774409
-0.0013036201
-0.00096341723
-0.00054986775
0.00042639411
0.0017959528
0.0024061692
0.0013627337
0.00046281188
0.0011572368
0.0011145177
-0.00084909349
-0.0017601734
-0.00099314051
-0.0014317265
-0.0025416748
-0.0021733211
-0.001376171
-0.0011223556
-0.00087223365
-0.00076289871
-0.00075794832
-0.00042250636
-0.00084945949
-0.0020588136
-0.0018812964
-0.0011318875
-0.0015877536
-0.0019101584
-0.0016855807
-0.0021227854
-0.0024519577
-0.0017518618
-0.0019599157
-0.0030109335
-0.0025132957
-0.00244066
-0.0036449193
-0.0030550165
-0.001647323
-0.0016523157
-0.0017168544
-0.00091046043
-0.00089238776
-0.0020603163
-0.0021451132
-0.0011229261
-0.00064161915
-0.00039897169
-0.00023432396
-0.00035306238
-5.4960597E-005
0.00046352582
-0.00034895909
-0.0016342759
-0.00089288916
-0.0004100863
-0.0023250624
-0.0029018915
-0.0013257993
-0.00092779525
-0.00095717481
0.00061733223
0.0015255722
0.00068738329
0.0009520633
0.001611373
0.00066176016
0.00053259422
0.0011936013
0.00042807762
-4.1433981E-005
0.00026719822
-0.00073719083
-0.0013127718
0.00042187652
0.00099274353
-0.00044821022
0.00010928003
0.0017453561
0.0014188801
0.0010976922
0.0020238895
0.0022949793
0.0015945594
0.00084917131
9.0724861E-005
-0.00079533801
-0.0013599559
-0.0014479836
-0.0014939858
-0.0012875494
-0.00065397075
-0.00010492218
0.00033096087
0.00061309413
0.00083785004
0.001279198
0.0011283006
0.00018970325
-0.0003372287
-0.00056732737
-0.0013655246
-0.0015095823
-0.00052573404
-0.0002092137
-0.00032108795
-0.00013024111
-0.000353549
-0.00013040764
0.000779895
0.00063303066
-0.00011285687
0.00056553562
0.0012322441
-0.0001553842
-0.00060171192
0.0015178644
0.002550777
0.0018509774
0.0024837283
0.0040444979
0.0039225505
0.0031064474
0.003332684
0.0031514659
0.0024526899
0.0026058562
0.0023867094
0.00126952
0.00090131635
0.00065252662
-0.00061445474
-0.00097799115
-0.00032396393
-0.00077741052
-0.0010856771
-7.4181138E-005
0.00015223472
-0.00060638314
-0.00018105094
0.00073528336
0.00018452095
-0.00035016221
-1.7669538E-005
-0.0006964177
-0.0017888009
-0.0015817727
-0.0008531037
-0.00069747044
-0.0005216914
0.00047947734
0.001339456
0.0012010409
0.0007992055
0.00074190396
0.0010348554
0.00094442599
0.00032109593
0.0003148219
0.00048212512
-7.2997231E-005
-0.00063361129
-0.0011872662
-0.0018525125
-0.0016800475
-0.0011230148
-0.0013258624
-0.0011466946
0.00022997151
0.0012050611
0.0015371536
0.0018938821
0.0015380603
0.0010635344
0.001432517
0.0015506826
0.00097184692
0.0008479575
0.001397895
0.0015133308
0.001353941
0.0018823195
0.0024060763
0.002550984
0.0030294363
0.003470201
0.0032933839
0.0030744493
0.0033322021
0.0035021219
0.0030414879
0.0021998561
0.0016806168
0.0018967091
0.0022154965
0.0024496282
0.0032327073
0.0044225194
0.0053547514
0.0054929308
0.0049251039
0.0042607258
0.0038438917
0.0032818737
0.0022910752
0.0020556981
0.0026194863
0.0022075986
0.0011888533
0.0009529083
0.00084332837
0.00047042806
0.0011433398
0.0021271687
0.0017694287
0.0016337542
0.0020758011
0.0012767517
0.00027927436
0.00046217802
0.00063288753
0.00026413475
0.00067381689
0.0015607168
0.001619385
0.0018824016
0.0027712188
0.0029979004
0.0026758614
0.0024281698
0.0017918117
0.00068670756
0.00026826022
0.00037240144
2.2032607E-006
0.00023868826
0.0013101472
0.0012036359
-0.00013469168
-0.0005091934
1.6345753E-005
-0.00023690808
-0.00032483178
0.00036494355
0.00018438781
-0.00060250593
-0.00051498227
-0.0001060376
-0.00030521181
8.0912949E-005
0.0012211856
0.0011641129
0.00053857348
0.00059324893
0.00033461687
-0.00011443067
1.9478168E-005
-1.0889046E-006
-0.00033267654
0.00025131216
0.0010933541
0.00086345209
0.0008551057
0.0012963196
0.0014467509
0.0018479956
-8.7941618E-005
