-0.058067162,
-0.031032689,
-0.10937198,
-0.093815267,
-0.1106385,
-0.21650063,
-0.07007762,
-0.27490792,
-0.19358219,
-0.14732465,
-0.39721817,
-0.11224002,
-0.3921496,
-0.31906196,
-0.20970646,
-0.6089316,
-0.088940769,
-0.61994749,
-0.42542607,
-0.09316697,
-0.97021931,
0.24315706,
-0.55924344,
-0.45867625,
1.0195494,
-0.88907439,
1.2493863,
1.6728656,
-0.86151701,
0.87700552,
0.25654319,
-0.67042977,
0.25297672,
-0.065225318,
-0.34797317,
-0.18246019,
0.14699747,
-0.12056912,
-0.16948116,
0.22816035,
0.052208345,
-0.16025826,
0.020940321,
0.18064713,
-0.084773064,
-0.1157093,
0.15064935,
-0.11304776,
-0.18411735,
0.14148015,
0.015738752,
-0.089679971,
0.10695478,
0.11651036,
-0.041077327,
0.009353064,
0.1292768,
-0.061607823,
-0.077182658,
0.043307859,
-0.030101022,
0.03034441,
0.074518465,
0.035115372,
0.03992556,
0.05958261,
0.039548803,
0.029681927,
0.12036403,
0.10236555,
0.067833364,
0.10340858,
0.043832336,
0.051372189,
0.021884702,
-0.032562178,
-0.01910761,
-0.034068134,
0.017523108,
0.00037857261,
0.05456483,
0.10406978,
0.023523113,
0.049867008,
0.038580596,
0.043253303,
0.026545262,
0.0098576797,
0.033576589,
-0.051382393,
-0.0061344458,
0.013838072,
-0.045036498,
-0.011303139,
-3.974534E-005,
-0.0085569406,
-0.0096980138,
0.040859174,
0.044906765,
0.011921971,
0.026094589,
0.0097461091,
-0.0037210067,
0.01596684,
0.026270986,
-0.0091160694,
0.0024247221,
0.010609999,
-0.0071524959,
0.0011306928,
-0.0039280765,
0.041693389,
0.0034071852,
-0.0011943231,
0.056348551,
-0.0074369735,
0.020449877,
0.027480401,
-0.0079635633,
-0.014078546,
-0.0061438465,
-0.0010199312,
-0.053324129,
-0.0092841182,
-0.030022124,
-0.050451446,
0.019451248,
-0.010948892,
-0.014660474,
-0.014972736,
-0.029740129,
-0.026810532,
-0.027110239,
-0.009215639,
-0.02854667,
-0.013243871,
0.0046853442,
-0.0099513642,
-0.0015152418,
0.02178633,
0.017720763,
0.0080448315,
0.00083753793,
0.00032695773,
-0.017775791,
0.00059913757,
0.013192514,
-0.040192351,
0.0011533871,
0.000560969,
-0.03019448,
0.010447799,
-0.012272441,
-0.0062572462,
-0.013216204,
-0.0040462562,
0.00057045551,
-0.022136848,
0.027718181,
-0.034095373,
-0.0076920339,
0.023319589,
-0.040279243,
0.040925309,
-0.01868535,
-0.021009766,
0.027566532,
-0.037120759,
0.017099444,
0.0064364173,
0.0073282435,
0.0064936001,
-0.01669755,
0.024961514,
0.0022501755,
0.0026215052,
0.027951881,
-0.0078075649,
-0.0086781541,
0.0333822,
0.01389005,
0.0085113086,
0.037842765,
0.020861233,
0.0046216333,
0.0021678314,
0.023747757,
0.010829007,
-0.0055858693,
0.0170242,
-0.022151181,
-0.006770351,
0.01119254,
-0.010438352,
0.020475611,
-0.0023258929,
0.0043973355,
0.0067121601,
-0.024890698,
0.020110989,
0.0068607531,
-0.011470585,
0.02822648,
-0.0067704869,
0.0011853981,
0.0093216095,
-0.015341382,
-0.00035411341,
-0.03443509,
0.0049493965,
-0.015794979,
-0.031012481,
0.028433885,
-0.042904425,
-0.0041731149,
0.0080415569,
-0.029568238,
0.031955846,
-0.035149481,
0.006153272,
-0.01004547,
-0.045834523,
0.04579436,
-0.055691376,
0.012708722,
0.039550867,
-0.044497333,
0.055702548,
-0.008630651,
-0.0063780355,
0.02771008,
-0.029261481,
0.010197087,
-0.01129675,
0.005519738,
0.00096772978,
-0.024011884,
0.018227734,
-0.031973477,
-0.017764777,
0.0062450222,
-0.034176778,
-0.0090411641,
-0.010436467,
-0.018968415,
-0.00095809303,
-0.00074723759,
-0.0013454873,
-0.016746057,
-0.020611869,
-0.0096704401,
-0.027327964,
-0.022381397,
0.0026660354,
-0.021702124,
-0.011964483,
-0.003217329,
-0.034589373,
0.0075487588,
-0.0033199321,
-0.0040591573,
0.020506687,
-0.013136989,
0.033909798,
0.018618194,
-0.0035242755,
0.042437587,
0.0088396547,
0.032211505,
0.014451458,
0.0083478019,
0.039528802,
-0.0039876439,
0.037642155,
0.014107257,
0.0076014325,
0.034282319,
-0.010543839,
0.0080277929,
0.0036570879,
0.0030779908,
0.0079612872,
-0.0015625352,
0.0011020423,
-0.01011486,
0.017436296,
-0.014556495,
-0.0026955893,
0.015274594,
-0.019093411,
0.030851351,
0.00023992808,
0.015237823,
0.035755027,
-0.0077630365,
0.020501332,
-0.0077556157,
0.0067810165,
-0.0020268266,
-0.008697453,
0.021889945,
-0.025264492,
0.017409699,
0.001236967,
-0.013032802,
0.032776736,
-0.027851375,
0.018322799,
-0.0042811329,
-0.032336812,
0.026770618,
-0.046548471,
0.0063774022,
0.0034362618,
-0.0410606,
0.016172187,
-0.038874924,
-0.0073813675,
-0.002853042,
-0.022686249,
0.009926836,
-0.014696934,
0.019697549,
0.0024530713,
0.012843749,
0.021064999,
-0.013079694,
0.030090528,
-0.02005204,
-0.0094846888,
0.01919849,
-0.044244342,
0.0058370871,
-0.023238644,
-0.024547679,
0.015209563,
-0.030190239,
0.012088651,
-0.017629256,
-0.0096799694,
-0.0039626877,
-0.032169074,
-0.0036464597,
-0.036238804,
-0.010051059,
-0.022877727,
-0.010448041,
0.012496958,
-0.015058098,
0.03238428,
0.0032001217,
0.0058796774,
0.030328725,
-0.0052016415,
5.6522331E-006,
0.00070948456,
-0.02070711,
-0.025858412,
-0.0021184448,
-0.036150772,
-0.011831136,
0.0040768222,
-0.02780956,
0.017030802,
0.0076582986,
0.0032561854,
0.01758167,
0.013485053,
0.0138076,
-0.00034500449,
0.00027203746,
-0.00072652684,
-0.019227816,
-0.013275065,
-0.020326307,
-0.0095683122,
-0.0039013932,
0.0016090047,
0.018260099,
-0.014752893,
0.028738178,
-0.0036269201,
-0.02506985,
0.037507318,
-0.034217011,
0.009001907,
0.0083181299,
-0.033481941,
0.027015874,
-0.021647044,
0.0046273982,
0.0063307621,
-0.01111926,
0.012993687,
-0.02030449,
0.01150715,
-0.010669105,
-0.011248274,
0.013646354,
-0.012915995,
0.020919021,
0.010440868,
0.02022096,
0.024334786,
0.004523478,
0.029495992,
0.0051693157,
0.012584055,
0.012609644,
-0.0092796758,
0.012603917,
-0.0053465771,
-0.0078605758,
0.0032130617,
-0.0010672493,
-0.0035768612,
-0.003899625,
0.0034469485,
-0.0075004436,
-0.0085289916,
0.015126741,
-0.015510561,
-0.011029392,
0.025722936,
-0.025555577,
-0.0093446802,
0.020527842,
-0.025656754,
0.00010123668,
0.011373728,
-0.013231182,
0.0043938961,
-0.0063804314,
-0.0028763507,
-0.017498182,
-0.021931596,
0.010274883,
-0.025322611,
-0.012082906,
0.00084606098,
-0.024281396,
-0.0096129784,
-0.023185361,
0.0051501915,
-0.020084029,
-0.020655245,
0.02956822,
-0.034007557,
-0.0017590948,
0.025539616,
-0.027842028,
0.010696011,
-0.00035338156,
-0.01727332,
0.0063440888,
-0.031515393,
0.012566132,
-0.0094080335,
-0.039554439,
0.048314549,
-0.040839057,
-0.0086754495,
0.045706559,
-0.050840136,
0.026961293,
-0.0054704593,
-0.013636474,
0.0081269108,
-0.03670631,
0.026480602,
-0.040777043,
0.0052108779,
0.017638363,
-0.044126227,
0.038270459,
-0.017271129,
-0.0011923192,
0.016467277,
-0.020794727,
0.031070881,
-0.01525596,
0.0073867869,
0.015474502,
-0.027507599,
0.0089593921,
-0.012472694,
-0.014092271,
-0.0098979725,
-0.0067675789,
0.0039618607,
-0.020417379,
0.016585687,
0.0011579725,
-0.0070309974,
0.034907386,
-0.0021035117,
0.013252647,
0.014971084,
-0.0015351424,
0.0078315185,
