0.018853424
0.014746263
0.0092537589
0.0030404946
-0.0030752944
-0.0086143008
-0.013343346
-0.016790049
-0.018382875
-0.01791106
-0.015639642
-0.011983372
-0.0071962788
-0.0016309756
0.0040775086
0.0093121473
0.0135974
0.016424431
0.017370405
0.016439831
0.01391855
0.0099820094
0.0047625266
-0.0013057817
-0.0074034836
-0.012793449
-0.017162522
-0.020249579
-0.021590114
-0.020842869
-0.01819619
-0.014201756
-0.0092142103
-0.0034873288
0.0024591577
0.0079728998
0.012471207
0.015496425
0.016701085
0.01599662
0.013693827
0.010134781
0.005468701
-5.6716886E-005
-0.0058135628
-0.010903732
-0.01478404
-0.017377378
-0.018440172
-0.017615668
-0.014936357
-0.010849078
-0.0058700927
-0.0003006261
0.0055574141
0.011072356
0.015515871
0.018422099
0.019597279
0.018988285
0.016732469
0.013158698
0.0085538216
0.0031439767
-0.0025975551
-0.0078342417
-0.011834219
-0.014433781
-0.015617331
-0.015105007
-0.012746279
-0.0088692736
-0.0041040857
0.0010992654
0.0065522436
0.011783798
0.016012259
0.018677562
0.01960237
0.018823169
0.016455075
0.012754132
0.0081003904
0.0027743224
-0.0028759975
-0.0081486814
-0.012278805
-0.01491233
-0.016053839
-0.015670704
-0.01361987
-0.0099948011
-0.0053512007
-0.00031408467
0.0048401994
0.0098247854
0.01399555
0.016693478
0.017649507
0.016970694
0.014808959
0.011295722
0.0067658238
0.0016076431
-0.0038127643
-0.0089435121
-0.013081042
-0.015645841
-0.016545802
-0.016011272
-0.014006696
-0.010420772
-0.0056500076
-0.00043299355
0.0047177426
0.0095659187
0.01369553
0.016466515
0.01747242
0.016744889
0.014544366
0.011091013
0.0066273711
0.0015698642
-0.0036163575
-0.0084892502
-0.01248283
-0.014998739
-0.015825141
-0.015167042
-0.013174416
-0.0098056551
-0.0052261823
-4.9170954E-005
0.0049988776
0.0095554963
0.013443096
0.016195061
0.017238647
0.016481098
0.014284414
0.010940892
0.0066207037
0.0016500541
-0.0034944243
-0.0082904706
-0.012233627
-0.014816481
-0.015697448
-0.015009055
-0.013052439
-0.0098720882
-0.0055039269
-0.00037086164
0.0047358084
0.0092181861
0.012901721
0.015524095
0.016615329
0.015926626
0.013695443
0.010386787
0.0062406887
0.0014410962
-0.0035497141
-0.0081422189
-0.011824493
-0.014231588
-0.01509628
-0.014377203
-0.01236163
-0.0092604309
-0.0051253987
-0.00022205302
0.0048241504
0.0092480201
0.012701011
0.015164189
0.016329424
0.01582399
0.013718104
0.01045897
0.0064535015
0.0018434683
-0.0030891337
-0.0077048135
-0.011391268
-0.013798185
-0.014752704
-0.014178648
-0.012227283
-0.0092158951
-0.0053187399
-0.00066737836
0.0042702109
0.0087032104
0.012055006
0.014254007
0.015247176
0.0147473
0.012635488
0.0092303837
0.0050766785
0.00048871292
-0.0043473681
-0.0089313975
-0.012628197
-0.015014507
-0.015948385
-0.015464693
-0.013617537
-0.010615514
-0.0068004872
-0.0023692036
0.0023911847
0.0068117348
0.010207606
0.012343758
0.013299728
0.013012627
0.011257701
0.0081051504
0.0041016322
-0.00022323531
-0.0046780738
-0.0089915851
-0.012574445
-0.014869621
-0.0156876
-0.015117417
-0.013251034
-0.010221689
-0.0063215564
-0.0018533991
0.0028677706
0.0073416764
0.010910539
0.013132143
0.014051205
0.013805121
0.012246726
0.0092955306
0.0053566722
0.001099781
-0.0030908256
-0.0070823627
-0.010485029
-0.01270025
-0.013402501
-0.012677995
-0.010758668
-0.0077924309
-0.0039717467
0.00035231345
0.0047958274
0.0089727705
0.012370065
0.014457941
0.015129383
0.01465043
0.013058844
0.010198099
0.0062551252
0.0018277331
-0.0024993129
-0.0064649596
-0.0098928222
-0.012343472
-0.013331019
-0.012830148
-0.011189679
-0.0085934196
-0.0051170788
-0.0010650188
0.0031189832
0.0069879824
0.010131896
0.012117975
0.012651339
0.011917673
0.010158782
0.0073050046
0.0034232934
-0.0010470578
-0.0054503875
-0.0093201175
-0.012574742
-0.014979931
-0.016038572
-0.015573829
-0.01386915
-0.011258136
-0.0078784088
-0.0039291661
0.00017754093
0.0040000034
0.0071244715
0.0091970628
0.0099781137
0.009469267
0.007950061
0.0055777868
0.0023057419
-0.0016709917
-0.0057472424
-0.0092681404
-0.012021254
-0.013993541
-0.014844315
-0.014239725
-0.012319239
-0.0094958777
-0.0060318829
-0.0020091168
0.0022829324
0.0063118022
0.0096022664
0.011835225
0.012831345
0.012537327
0.011098193
0.0087995697
0.0057483315
0.0019865537
-0.0020256867
-0.0055325408
-0.0081382431
-0.0098828822
-0.010680634
-0.010221802
-0.0084284926
-0.0056433449
-0.0023042713
0.0014026992
0.0053238086
0.0090266597
0.01197392
0.013818699
0.014471372
0.013953891
0.012330567
0.0098077776
0.0066015464
0.0028090985
-0.0013017561
-0.0050847349
-0.0079595409
-0.0098552108
-0.010869845
-0.010852286
-0.0095821461
-0.0071558869
-0.0040802164
-0.00076502335
0.0027353289
0.0061695264
0.0089617642
0.010689689
0.011245078
0.010683623
0.0090702409
0.0065417993
0.0033461857
-0.00032051277
-0.0042267907
-0.0078948848
-0.010724353
-0.012411078
-0.013096111
-0.012881532
-0.011568122
-0.0090944311
-0.0058505177
-0.0023794528
0.0010737703
0.0044158907
0.0072592013
0.009088072
0.0097179534
0.0092878975
0.0079450496
0.0057589202
0.0028744449
-0.00044867053
-0.0039092083
-0.0071850903
-0.0098322229
-0.011384482
-0.011813302
-0.011404939
-0.010136215
-0.0078045796
-0.0045738569
-0.0010033492
0.0024551214
0.0057157231
0.0085981842
0.010622937
0.011442922
0.011099727
0.0098533574
0.007840733
0.0051084585
0.0018963398
-0.0014565253
-0.0046236268
-0.0072178808
-0.0088183014
-0.0092433868
-0.0087400479
-0.0075090579
-0.005389492
-0.002366429
0.0011115705
0.0044645141
0.0074142674
0.0099173021
0.011713127
0.01239201
0.011873235
0.010458588
0.0084020505
0.0057028439
0.0024751443
-0.00089078478
-0.0040079262
-0.0065695336
-0.0082724513
-0.0089036645
-0.0085575152
-0.0075057126
-0.0057651261
-0.0032004397
-8.7136486E-006
0.0032162471
0.005966349
0.0081798555
0.0098357666
0.010598684
0.010196562
0.0087673841
0.0066629322
0.0040460541
0.00095049938
-0.0023570235
-0.0054383278
-0.0079270145
-0.0095675262
-0.010204758
-0.0098314779
-0.008630136
-0.0067738863
-0.0042542038
-0.0011242485
0.0021813076
0.0050265561
0.0071478072
0.0086530531
0.0094472989
0.0092100305
0.0078809345
0.005805084
0.0033271818
0.00050167332
-0.0025582323
-0.0054475348
-0.0077362806
-0.0091824494
-0.009719071
-0.0093301451
-0.0080988416
-0.0062451088
-0.003866012
-0.00095695391
0.002229098
0.0051126527
0.0072208419
0.0085792057
0.0093206
0.0092330901
0.0080973851
0.0060838717
0.0036196613
0.0009708954
-0.0018408751
-0.00461005
-0.0068504275
-0.0082118139
-0.0086701736
-0.0082832472
-0.0070596985
-0.0051532984
-0.0027701131
6.6460143E-006
0.0029936503
0.005775183
0.0078662829
0.0090688057
0.0095780632
0.0094487146
0.0084246993
0.0064651766
0.0039557447
0.0013240604
-0.0013213739
-0.0039434657
-0.0061865309
-0.0076209675
-0.0081390273
-0.0078692203
-0.0068939785
-0.0052501373
-0.0030873192
-0.00059448864
0.0020719834
0.0046444023
0.0066865622
0.0078688571
0.0082742609
0.0081040617
0.0072348965
0.0054586018
0.0029667581
0.0002846464
-0.002285416
-0.0047689825
-0.0069932328
-0.0085200509
-0.0090908604
-0.008791591
-0.0078240829
-0.0062410501
-0.0040859045
-0.0015836061
0.0010261678
0.0035261046
0.0055869678
0.0068477495
0.0072246059
0.0069613396
0.0061649936
0.0046373443
0.002354105
-0.00024812174
-0.002666818
-0.0048121014
-0.0067315046
-0.0081385765
-0.0086504836
-0.0082322089
-0.0071690925
-0.005652681
-0.0036351681
-0.0012010147
0.0013544159
0.0037766052
0.0058220932
0.0071822307
0.0076766252
0.0074491687
0.0067202984
0.0054274052
0.0034344168
0.00095182651
-0.0015010792
-0.0035847111
-0.0053385594
-0.0067127552
-0.0073562581
-0.0070430213
-0.0059692501
-0.0044668596
-0.0025895278
-0.0003100883
0.0021235214
0.0043649925
0.0061718179
0.0073479987
0.0077191866
0.0072899656
0.0063093556
0.0049148835
0.0029738978
0.00050049211
-0.0020753322
-0.0042372951
-0.00587156
-0.0071069156
-0.0077963187
-0.0076444303
-0.0066768718
-0.0052328645
-0.0035348707
-0.0015295347
0.00072957441
0.0028963524
0.0046138442
0.0057250666
0.006181817
0.0059240642
0.0050485414
0.0037792043
0.0021218893
1.2178773E-006
-0.0023560254
-0.0044544116
-0.0059521119
-0.0069465162
-0.0075396923
-0.007475161
-0.0065723914
-0.0050586695
-0.0032879547
-0.0013578336
0.00078165176
0.0029277741
0.0046771429
0.0057681999
0.0061803814
0.0059708823
0.00516938
0.0039046064
0.0023227308
0.00040686555
-0.0017630298
-0.0037828011
-0.0052183182
-0.0060212379
-0.0064132563
-0.0063727326
-0.0056270412
-0.0041663586
-0.002381047
-0.00057166012
0.0013262529
0.0033108389
0.0050236504
0.0060931211
0.0064717787
0.0063011697
0.0056197047
0.0044519305
0.0029437251
0.0011642276
-0.00085444789
-0.0028537442
-0.0044150264
-0.0053125797
-0.0056845364
-0.0056945137
-0.005192291
-0.003976224
-0.0022418101
-0.00042909529
0.0013209432
0.0030946066
0.004711505
0.0057745026
0.0060854666
0.0057884022
0.0050709518
0.0039229509
0.0023504705
0.00050083373
-0.0014712715
-0.0034054895
-0.0050039734
-0.0059231254
-0.0061844122
-0.0060949661
-0.0056642159
-0.0046418225
-0.0030257415
-0.0012001583
0.00047739892
0.0020339906
0.0035040705
0.0045981226
0.005021513
0.0047923531
0.0041640629
0.0032433639
0.0019324379
0.00030032275
-0.0014298997
-0.0030935041
-0.0045007933
-0.0053725685
-0.0055776071
-0.0053253258
-0.0048038345
-0.0038584326
-0.002322044
-0.00040387225
0.0014245431
0.0029502895
0.0043116417
0.0054361699
0.0059726802
0.0057808575
0.0050897785
0.004145985
0.0028969997
0.0012950352
-0.00043603446
-0.0020488468
-0.0033674343
-0.0042257519
-0.0045135301
-0.0042777481
-0.0037370864
-0.0029484413
-0.0017080202
-2.5530768E-005
0.0016798355
0.0030242845
0.0040487088
0.0048982929
0.0053745965
0.0051929033
0.0044297199
0.0034071009
0.0022465545
0.00083363964
-0.00079728878
-0.0023825807
-0.0036648416
-0.0045255665
-0.0049167215
-0.0048025218
-0.0042948821
-0.003551248
-0.0024886685
-0.00098733918
0.00070965762
0.0021302495
0.0031084036
0.003843643
0.0043585361
0.0043744626
0.0037549189
0.0027286112
0.0015871144
0.00031984065
-0.0011668666
-0.0026663728
-0.0038360634
-0.0045208661
-0.0047478587
-0.0045313993
-0.0038993957
-0.0030040538
-0.0019035104
-0.00049579202
0.0011567939
0.002685949
0.0037418345
0.0043799775
0.0048231333
0.0049731177
0.0045595155
0.0036190569
0.002517696
0.0014336389
0.00020688729
-0.001152136
-0.0023135513
-0.0030062054
-0.0032293864
-0.0030921646
-0.0026076476
-0.0018103388
-0.00079626089
0.0004470768
0.0019227967
0.0034040976
0.0044997139
0.0050587016
0.0053273039
0.0054245223
0.0051087863
0.0042195278
0.002973197
0.0017261151
0.00050786114
-0.00082325941
-0.0020717687
-0.0028834548
-0.0031621843
-0.0030595176
-0.0026991111
-0.0020526461
-0.0011381288
-5.2848573E-005
0.0011676252
0.0024344588
0.0034573963
0.0039510289
0.0040123309
0.0039386572
0.003673658
0.0029256495
0.0017259509
0.00046054315
-0.00065494602
-0.0017671938
-0.0029001543
-0.0037486239
-0.0040600556
-0.0039111027
-0.0035461944
-0.0029972452
-0.0021502455
-0.001068346
0.00012325842
0.0013350357
0.002371321
0.0029798383
0.003110867
0.0030124688
0.0028279629
0.0023210924
0.0013065326
4.3290944E-005
-0.0010641622
-0.0019691754
-0.0028345357
-0.0035433241
-0.0037879203
-0.0035017063
-0.0029377446
-0.002281439
-0.0014222075
-0.00029990173
0.00092286261
0.0020831823
0.0030618485
0.0037045514
0.0038936434
0.0037432755
0.003491034
0.0030949588
0.0023115659
0.0011736997
6.2624931E-005
-0.00076636777
-0.0014567676
-0.002128022
-0.0025489042
-0.00247363
-0.0020193381
-0.001479247
-0.00086665706
-1.352143E-005
0.0010315339
0.0020513674
0.0028763332
0.0034241201
0.0036181144
0.0034471545
0.0030981761
0.0026724588
0.0019769925
0.00087913673
-0.00037232594
-0.0013546892
-0.0020062807
-0.0025743491
-0.0030280468
-0.0030905015
-0.0026949965
-0.0020798561
-0.0014565502
-0.00072021788
0.00024509983
0.0012468856
0.0020179695
0.0024706677
0.0026325677
0.0025042295
0.0021383702
0.0016677326
0.0010667517
0.00017925104
-0.00094611931
-0.0019464471
-0.0025470392
-0.0029345113
-0.0033206844
-0.003507864
-0.0032484909
-0.002633438
-0.0019641856
-0.0013147324
-0.00049151969
0.00048080448
0.0013015128
0.0017762026
0.0019472179
0.0019051203
0.0016446069
0.0012092098
0.00066401891
-8.2745079E-005
-0.0010718858
-0.0020641054
-0.0027038699
-0.0029372096
-0.0030558798
-0.0031388572
-0.0029105514
-0.0022494418
-0.0014184969
-0.00068421243
5.7270619E-005
0.00095325481
0.0017925542
0.0022768879
0.0023761257
0.0022650829
0.0020245127
0.001604844
0.001044201
0.0003808121
-0.00043949002
-0.0013318548
-0.0020098172
-0.0022827405
-0.0023227565
-0.0023908122
-0.0023707261
-0.0019624154
-0.0012283069
-0.00053347059
3.2017597E-005
0.00068517699
0.0014197452
0.0019424654
0.0020658968
0.0019167614
0.0017048627
0.0013980732
0.00089810754
0.00025011375
-0.00050735212
-0.0013300445
-0.0020357757
-0.0023925067
-0.0024062807
-0.0023544037
-0.0023191755
-0.002032704
-0.001349454
-0.00053156185
0.0001078271
0.00064374099
0.0012673057
0.0018209209
0.0020083676
0.0018291416
0.0015498283
0.0012843156
0.00088384602
0.00028709738
-0.00040157538
-0.0010921542
-0.0017025789
-0.002084861
-0.0021438834
-0.0020549498
-0.0020356281
-0.0019465383
-0.0015081494
-0.00076909817
-9.6568176E-005
0.00034230881
0.00076590682
0.0012556743
0.001564348
0.0015206132
0.0012667292
0.0010258838
0.0007359641
0.00021594983
-0.00047780643
-0.0011622659
-0.0017175623
-0.0020847875
-0.0021997667
-0.0020864829
-0.0019429015
-0.0018117034
-0.001453954
-0.00075548375
3.3513574E-005
0.00057437981
0.00090230705
0.0012708312
0.0016072851
0.0016340164
0.0013372214
0.00097735343
0.00067695521
0.00025665667
-0.00037443216
-0.0010441595
-0.001572923
-0.0019051776
-0.0020425932
-0.0019836198
-0.0018258848
-0.0016966608
-0.001480928
-0.00097377191
-0.00024504328
0.00036506591
0.00067581487
0.00092116807
0.0012651152
0.0014780145
0.0013544158
0.0010274119
0.00074329873
0.00046110351
-3.4727538E-005
-0.00067535759
-0.0011858854
-0.0014418679
-0.0015075528
-0.0014497269
-0.0012699623
-0.0010253127
-0.00073399168
-0.00025242128
0.00047047719
0.0011905525
0.0016080551
0.0017687294
0.0019528759
0.0021613268
0.0021133439
0.0017346058
0.0013054525
0.0010071393
0.00064711017
9.1911577E-005
-0.00045224826
-0.00074226683
-0.00078372954
-0.00075067848
-0.00069281465
-0.00056008802
-0.000380788
-0.00011723801
0.00033073992
0.00087083195
0.0012217475
0.0012607835
0.0012351854
0.0013560363
0.0014233735
0.0011654956
0.00068396179
0.00028580619
-3.0278892E-005
-0.00050192483
-0.0010824623
-0.0014772209
-0.0015640359
-0.0015075955
-0.0014658207
-0.00137355
-0.0011624019
-0.00085491239
-0.00042355928
0.00012383245
0.00060572382
0.00079422328
0.00075234956
0.00077438849
0.00087314827
0.00075621437
0.00031959251
-0.00016199771
-0.00045690214
-0.00073720026
-0.0011744732
-0.0015691203
-0.0016700247
-0.0015311578
-0.0013991697
-0.0013207183
-0.0011384063
-0.00080506457
-0.00036810231
0.00013327692
0.00062368531
0.00095083838
0.0010308848
0.0010795778
0.0012862319
0.001424538
0.0012240249
0.00080033217
0.00048252672
0.00032210202
6.6311295E-005
-0.00030754897
-0.00051065226
-0.00041043555
-0.00021008842
-9.8806937E-005
4.6981982E-005
0.00038728147
0.00085961021
0.0013418408
0.0017661493
0.002063009
0.0021327464
0.0020331789
0.0019963
0.0020098509
0.0018019456
0.0012992395
0.00076861825
0.00047208456
0.0002787158
-4.93597E-005
-0.00037265453
-0.0004280369
-0.00026728198
-0.00016148093
-0.00016656336
-5.8198049E-005
0.00024509945
0.00058342016
0.00082095095
0.00093454542
0.00091733556
0.00077105436
0.00063574337
0.00061518699
0.00051992951
0.00013224484
-0.00043532113
-0.00084374548
-0.0010064724
-0.0011958708
-0.001506571
-0.00168815
-0.0015876192
-0.001394207
-0.0013248533
-0.0012381682
-0.00091307657
-0.00044616321
-6.3448657E-005
0.00014609468
0.00023305144
0.00023533759
0.00017278953
0.00014954347
0.00014894891
-3.5470046E-005
-0.00045876455
-0.00085915095
-0.00096914708
-0.00091945991
-0.0010002754
-0.0011408181
-0.0010625784
-0.00076238171
-0.00051959645
-0.00041238475
-0.00018364353
0.00026197624
0.00069874537
0.00093382515
0.0010167708
0.0010960662
0.0011851841
0.0012625279
0.0013531608
0.0013469679
0.0011072296
0.00074687891
0.00056403544
0.0006287584
0.00064591441
0.00047090574
0.00035111734
0.00049125729
0.00074684544
0.00087740243
0.00097567815
0.001283909
0.0017028649
0.001933203
0.0019070905
0.0018213714
0.0017971549
0.0017461369
0.0016270514
0.0014439439
0.0011155759
0.00064975565
0.00025340347
0.0001240453
0.00012593588
-4.1991647E-005
-0.00032161805
-0.0003947501
-0.00020630832
-3.8938128E-005
-3.9278315E-005
2.6808635E-005
0.00028779087
0.00049729494
0.00045486624
0.00029048751
0.0002287128
0.0002423691
0.00017043318
-1.7019905E-005
-0.00031296298
-0.00070917688
-0.0010950905
-0.0012959847
-0.0012947326
-0.0013539491
-0.0016080157
-0.0017937167
-0.0016706729
-0.0013824658
-0.0012171865
-0.0011314723
-0.00087538129
-0.00051510532
-0.0003359947
-0.0003896112
-0.00044658015
-0.0003684946
-0.00031377663
-0.00042487049
-0.00064761698
-0.00089922774
-0.0011222875
-0.0012293896
-0.0011362764
-0.00096625276
-0.00096276216
-0.0010452443
-0.00089865224
-0.00048049356
-9.6621712E-005
5.7439636E-005
0.00019506307
0.00050396082
0.00079634419
0.00086922798
0.00083434011
0.00092686561
0.0011096266
0.0011443906
0.00099284761
0.00079836836
0.000658201
0.00058661809
0.00060041307
0.00069158035
0.00069413241
0.00053530611
0.00047096121
0.00070918491
0.0010778526
0.0012619967
0.0012692802
0.001380032
0.0016212536
0.0017308659
0.0016069196
0.0014648344
0.001465498
0.0014185616
0.0011411117
0.00075538375
0.00044854399
0.00026110379
0.00013564408
5.7032375E-005
-1.7985054E-005
-0.00020049079
-0.00039850001
-0.00037351981
-0.0001267841
4.7213354E-005
-4.5295656E-005
-0.00017733977
-9.1373237E-005
5.7755617E-005
1.026614E-005
-0.00017793968
-0.00025563329
-0.00023134936
-0.00037602789
-0.00072556437
-0.0010425069
-0.0011970468
-0.0012740886
-0.0013698976
-0.0014724559
-0.0016009881
-0.001758051
-0.0017790409
-0.001546587
-0.0012144287
-0.0010635173
-0.0010965894
-0.001002766
-0.00071171037
-0.00052044849
-0.00058557396
-0.00069818267
-0.00065477088
-0.0006260582
-0.00083270791
-0.0011252401
-0.0012410334
-0.0011716926
-0.0011005579
-0.0010980283
-0.0010804017
-0.0010258575
-0.00091198407
-0.00063396088
-0.00021794808
9.3430819E-005
0.00014704039
0.00017302319
0.00043646627
0.00078064436
0.00090156868
0.00081979792
0.00081610703
0.00094408559
0.00094199844
0.00074466853
0.00060107949
0.000658968
0.00076509302
0.00072668243
0.00061278237
0.00056259212
0.00058039429
0.00069253892
0.00093124062
0.0011824181
0.0012545347
0.0011700935
0.0012147776
0.0014637893
0.0016198449
0.0014853209
0.0012560327
0.0011865109
0.0011468335
0.00089639251
0.00055772258
0.00039461156
0.00040069045
0.00033883768
0.00013283394
-3.3561359E-005
-6.785115E-005
-2.8949094E-005
5.1802872E-005
0.00014046108
0.00013028253
-5.1276493E-005
-0.00022412569
-0.00016373127
-2.1967968E-005
-0.00010787909
-0.00040712455
-0.00061357446
-0.00062392169
-0.00070325629
-0.00097695633
-0.0012150034
-0.0012444619
-0.0012211873
-0.0013723316
-0.0016057803
-0.0016867244
-0.001601571
-0.0014534461
-0.0013033726
-0.0011871886
-0.0011543222
-0.0011785828
-0.0010656839
-0.00077498826
-0.00059599074
-0.00070835132
-0.00090004352
-0.00089713972
-0.00079020503
-0.00084910885
-0.0010297658
-0.0010599237
-0.00090050494
-0.00080451864
-0.00087158527
-0.00086764962
-0.00064798346
-0.00034002837
-9.042176E-005
8.0566897E-005
0.00021414955
0.00030967526
0.00043863172
0.00071636331
0.0010002077
0.0010451361
0.0008935894
0.00082950306
0.00097106979
0.0010613144
0.00090810197
0.00071927591
0.00071715057
0.00077901437
0.00067367114
0.00049530924
0.00051524414
0.00072454714
0.00091455405
0.00098852289
0.001012053
0.0010542495
0.0011113434
0.0012334471
0.0014096188
0.0014282688
0.0011710016
0.00084114738
0.00071297289
0.00071174884
0.00053135841
0.00017802152
-5.1380666E-005
-6.4819076E-005
-9.1602655E-005
-0.000269432
-0.0003834526
-0.00026197487
-8.3919243E-005
-7.1680195E-005
-0.00018984146
-0.00026550982
-0.00026382768
-0.00024231507
-0.00019809342
-0.00020409972
-0.00039347008
-0.00070627913
-0.00088274031
-0.00081690546
-0.000786071
-0.0010199262
-0.0013128003
-0.0013940835
-0.0013465266
-0.001427697
-0.0015976576
-0.001573336
-0.0013505012
-0.001195654
-0.0012133347
-0.001234015
-0.0011042083
-0.00090566935
-0.00074238604
-0.00062455545
-0.00061762379
-0.00075502106
-0.00088593358
-0.00081527518
-0.00063410349
-0.00064893661
-0.00085799367
-0.00093894819
-0.00076385401
-0.00057179586
-0.0005610786
-0.00053380377
-0.00028217066
1.4550482E-005
0.0001239043
0.00012150512
0.00025312224
0.00054817373
0.0008061782
0.00095045462
0.0010179537
0.00099871133
0.00093941839
0.00098294858
0.0011621471
0.0012410304
0.0010360343
0.00076197088
0.00072152441
0.0008545444
0.00086393201
0.00074161153
0.0007787763
0.0010098933
0.0011750222
0.0011681191
0.0011785796
0.0013760917
0.0016101293
0.0016724161
0.001582128
0.001417693
0.0012160244
0.0010337728
0.00094092177
0.00087269215
0.00062099728
0.00021485957
-2.3508219E-005
3.2445594E-005
0.0001247373
2.0289252E-005
-0.00011638571
-4.0137867E-005
0.00013047732
0.00014220442
2.7681714E-005
3.2098793E-005
0.0001790809
0.00021879784
5.3941527E-005
-0.00017579725
-0.0003544229
-0.00047694941
-0.00055544457
-0.00059396314
-0.00072224787
-0.0010401129
-0.0013417361
-0.0013823461
-0.0012465419
-0.0012234196
-0.0013616058
-0.0013771284
-0.0011555734
-0.00094142463
-0.00090094935
-0.00086218101
-0.0006351886
-0.0003806579
-0.00034084407
-0.00046019518
-0.00054679828
-0.00053502817
-0.00050253037
-0.00049402012
-0.00050356681
-0.00061015744
-0.00077831483
-0.00077182538
-0.00050921342
-0.00022743701
-0.00016410292
-0.0001734447
3.4818026E-005
0.00038547002
0.00059063308
0.00062671315
0.00074993214
0.0010284517
0.0011884804
0.001104606
0.00098968402
0.0010250277
0.0011369227
0.0011715608
0.0011198178
0.0010054373
0.000820658
0.00069116312
0.00076670246
0.00097074331
0.0010412198
0.00092171895
0.00091930153
0.0011868892
0.001465662
0.0015382241
0.0015398706
0.0016861645
0.0018542589
0.0017762401
0.0015160266
0.0013334913
0.0012832278
0.001185442
0.00093916157
0.00065177848
0.00039029276
0.00017082701
9.3844043E-005
0.00017935416
0.00024739539
0.00012157812
-5.0721399E-005
3.1011496E-005
0.00029512635
0.00039990776
0.00027287626
0.00018331483
0.00025765089
0.00024180087
-1.7378608E-005
-0.0002970756
-0.00039864148
-0.00044469838
-0.00065764599
-0.0010040869
-0.0013096487
-0.0015319646
-0.0016535616
-0.0016333677
-0.0015467764
-0.0015614888
-0.0016845608
-0.0016485467
-0.0013272417
-0.00099336554
-0.00090364728
-0.0009397426
-0.00083565613
-0.00065726606
-0.00068736292
-0.00088715611
-0.00098774058
-0.00094377744
-0.00096849271
-0.0011735733
-0.0013688088
-0.0013838524
-0.0012630307
-0.0010638875
-0.00081369892
-0.00059498445
-0.00048158021
-0.0003576694
-1.4101498E-005
0.0004564425
0.00072258594
0.00071051408
0.00070990628
0.00089484139
0.0010329372
0.00093578297
0.0007927845
0.00081359094
0.00089016382
0.00078523246
0.00054722879
0.0004303715
0.00048701139
0.00060175604
0.00070477143
0.00078312185
0.00081302563
0.0008066193
0.00093260611
0.0012626476
0.0015382377
0.0015345635
0.0013882153
0.0013770544
0.0014733495
0.0013831047
0.0010727983
0.00081517006
0.00071237201
0.00054947124
0.00019858687
-0.00011723588
-0.00019528202
-0.00013642767
-0.00011411629
-0.00015812549
-0.00020264514
-0.00023551422
-0.00022735032
-8.1636579E-005
0.00010431782
7.9858619E-005
-0.0001818663
-0.00040563007
-0.0003971798
-0.00038271901
-0.00062330347
-0.00095978403
-0.0011344106
-0.0012099397
-0.0014276063
-0.001763874
-0.0019288454
-0.00185543
-0.0017570378
-0.0017585028
-0.0017799138
-0.0017188098
-0.0015738985
-0.0013306937
-0.00099532132
-0.00074435736
-0.00073091657
-0.00082994183
-0.00077271066
-0.00057770853
-0.00057043426
-0.00082549726
-0.0010521052
-0.0010825645
-0.0010962281
-0.0012685603
-0.0014075234
-0.0012715178
-0.0009861592
-0.00080004102
-0.00071834394
-0.00056113314
-0.00027398183
4.3461197E-005
0.00035500375
0.00061193586
0.00068439008
0.00058388436
0.0005375428
0.00069483271
0.00084026664
0.00070350571
0.00042651428
0.00032465451
0.00039041918
0.00035786323
0.00019862504
0.00019063694
0.0004080885
0.00059790927
0.00060961698
0.00060376001
0.00076906418
0.0010405391
0.0012761067
0.001442742
0.0015015224
0.0014145526
0.0012790242
0.0012696998
0.0013421823
0.001204595
0.00080012978
0.00044312517
0.00034216445
0.00031800152
0.00013262454
-7.2111543E-005
-3.5027799E-005
0.00013663723
0.00017909039
0.00010308121
0.00014224798
0.0003552149
0.00053550617
0.00056087668
0.00047451229
0.00031067032
0.00010473323
-4.0058469E-005
-5.4146207E-005
-0.0001117678
-0.00042722668
-0.00084077759
-0.0010351918
-0.0010107305
-0.0010510498
-0.001247616
-0.0013350011
-0.0011864961
-0.0010358806
-0.0010492466
-0.0010582507
-0.00084719609
-0.00052459084
-0.00032971706
-0.00028068779
-0.00028132743
-0.00028821925
-0.00028659884
-0.0002384088
-0.00018338118
-0.00031570951
-0.00065315532
-0.00089858909
-0.00086731813
-0.00074632291
-0.00079707248
-0.00091413769
-0.0008020731
-0.00050956034
-0.00031411066
-0.00024568557
-6.7234796E-005
0.00029676507
0.00059565814
0.00066803757
0.00063705945
0.00063972885
0.00067964295
0.00071931025
0.00075557077
0.00070827315
0.00047555281
0.00020270923
0.00014648536
0.00029499928
0.00036404631
0.00023603323
0.00018242055
0.00039062797
0.00065589393
0.00076562085
0.00083774282
0.0010993052
0.0014487297
0.0015967804
0.001535164
0.0014602767
0.0014544602
0.0014328653
0.0013163271
0.00111785
0.00080927421
0.00042011953
0.00016168453
0.00015266678
0.00021977583
0.00012228345
-5.1491286E-005
1.5056417E-005
0.00032021743
0.00055366458
0.00060511596
0.00069057709
0.00092657172
0.0010688532
0.00092786213
0.00067877414
0.00054682721
0.00049754628
0.0003572719
0.00010180684
-0.00019519056
-0.00052080437
-0.00078620558
-0.00084215531
-0.00073051732
-0.00070469477
-0.0008717996
-0.00096128002
-0.00075969665
-0.00047466651
-0.00037095029
-0.0003683996
-0.00021760953
2.3608276E-005
6.0278737E-005
-0.00011399745
-0.00023760514
-0.00021070839
-0.00021202551
-0.00039665622
-0.00066929607
-0.00091638963
-0.0011130522
-0.0011761258
-0.0010666328
-0.00091722881
-0.0009056541
-0.00095235027
-0.00075756718
-0.00032313218
7.80958E-006
8.852403E-005
0.0001440054
0.00034854739
0.00049661717
0.00038242183
0.00018247652
0.00014553113
0.0002106402
0.00013451261
-9.9939614E-005
-0.00028868116
-0.00035023989
-0.00031024596
-0.00016697324
3.1398988E-005
0.00013829827
9.821725E-005
0.00015025903
0.00048394685
0.0008753764
0.0010389534
0.0010395279
0.0011510405
0.0013876309
0.0014577945
0.0012974624
0.0011669509
0.0011782679
0.0011296605
0.00085683301
0.00051326392
0.00030676328
0.00022914512
0.00020510564
0.00021317776
0.00021956967
0.00016442337
0.00013049554
0.00032659378
0.00070698501
0.00095035386
0.00091232872
0.00081684341
0.0008899059
0.00096687017
0.00079872593
0.00050589163
0.00033992034
0.00026455504
3.3133434E-005
-0.00036814553
-0.00066348776
-0.00073253753
-0.00070421724
-0.00069131231
-0.00070182781
-0.00072918367
-0.00077268638
-0.00070519809
-0.00043391253
-0.00017168018
-0.00016666799
-0.00033465785
-0.00037868306
-0.00024956657
-0.0002465116
-0.00048795863
-0.00072871585
-0.00081591064
-0.00092279387
-0.0012258015
-0.0015568796
-0.0016606018
-0.0015768416
-0.0014932872
-0.0014694234
-0.0014191384
-0.0012911446
-0.0010904507
-0.00075736054
-0.00034829866
-0.00010267822
-0.00011459947
-0.00016972075
-3.6503174E-005
0.00013382045
4.5089913E-005
-0.00021269491
-0.00034467704
-0.00033306322
-0.00041726604
-0.00064114091
-0.00072050747
-0.00052657549
-0.00027245589
-0.0001457511
-8.5789659E-005
5.6312798E-005
