0.53104597
0.13734816
0.73594344
0.57274181
0.096378386
0.10187845
0.064935312
-0.19535093
-0.15466599
0.021866137
0.011403724
0.091084279
0.23226646
0.16580816
0.14334115
0.27281246
0.25233147
0.19118181
0.29756793
0.30997559
0.16595659
0.12082049
0.10461858
0.0059758415
-0.001819401
0.052970309
0.022489522
0.052748438
0.17658262
0.18020526
0.10494275
0.11555506
0.13696457
0.090995714
0.068457566
0.11411643
0.1581991
0.14623185
0.093070231
0.058122296
0.046565395
-0.0024528909
-0.044098284
0.0073628514
0.066305019
0.048392009
0.03995312
0.074652262
0.07517074
0.05393827
0.054488953
0.050875306
0.063826986
0.095627353
0.074756153
0.061632734
0.12304357
0.1263897
0.05300444
0.05393327
0.082992204
0.030429525
-0.018363068
-0.027310608
-0.068162441
-0.089772381
-0.061842006
-0.073784366
-0.083148025
-0.015318778
0.02501541
-0.00051067921
0.0062747453
0.026518278
-0.0017678859
-0.021908224
-0.010538598
-0.020422628
-0.037563812
-0.036857698
-0.046987955
-0.063646853
-0.06569095
-0.060190011
-0.039609775
0.0046342853
0.038863182
0.033416264
0.022444267
0.031164872
0.015297958
-0.025031092
-0.032284603
-0.023456784
-0.035834562
-0.036181629
-0.022164566
-0.03895618
-0.065469317
-0.060766324
-0.048520789
-0.036402199
-0.0095006227
-0.008249878
-0.03624554
-0.035695333
-0.027355419
-0.047915813
-0.052388798
-0.033434659
-0.036283568
-0.052848402
-0.05771808
-0.060712375
-0.069903597
-0.085563302
-0.10596673
-0.10976049
-0.089140125
-0.073704317
-0.07606452
-0.070543267
-0.055060718
-0.057332899
-0.065188512
-0.059123527
-0.063344896
-0.072686933
-0.06118571
-0.049666598
-0.043496814
-0.017667381
0.010050617
0.01789704
0.036359694
0.075997815
0.089437976
0.061808817
0.03374698
0.013884556
-0.017403625
-0.037364922
-0.021137647
-0.0049952846
-0.01802808
-0.01877379
0.013575301
0.033472959
0.028278055
0.027084047
0.03512454
0.035851274
0.013769227
-0.0072512869
0.0083233463
0.031412497
0.026386298
0.01593495
0.0177212
0.015428782
0.0070474958
-1.7823082E-005
-0.0044920077
0.014931208
0.047897529
0.043736525
0.019701999
0.020272756
0.025253735
0.022455394
0.037404377
0.064391732
0.082740314
0.096900582
0.097115807
0.073076792
0.062293991
0.08019498
0.089746699
0.089302979
0.10301007
0.10922851
0.087521955
0.068490729
0.064031221
0.052832071
0.048513208
0.063349999
0.0694208
0.0662186
0.079463653
0.087712921
0.064966798
0.044319097
0.03504226
0.0076607815
-0.013422691
-0.0076095364
-0.0083064288
-0.013545092
0.0026192928
0.013650193
-0.0021202078
-0.006936186
0.0054306192
-0.0048829792
-0.023273677
-0.026202556
-0.040484723
-0.062673047
-0.069130294
-0.079151429
-0.095904082
-0.090244323
-0.074858926
-0.077075996
-0.074683584
-0.055400599
-0.049227234
-0.050171994
-0.035758488
-0.03536275
-0.055490483
-0.053219918
-0.041993633
-0.061470941
-0.074128479
-0.056274593
-0.060507856
-0.073830239
-0.045498498
-0.030196151
-0.057705414
-0.058044109
-0.035707425
-0.050831567
-0.069295831
-0.047529466
-0.029773355
-0.03492368
-0.026574727
-0.01817075
-0.02926966
-0.029889366
-0.025722936
-0.038626969
-0.035715584
-0.016112315
-0.027108127
-0.042008128
-0.015350864
-0.00028693653
-0.023656303
-0.014973452
0.020678379
0.013246402
0.00034650241
0.026479602
0.033470795
0.015222414
0.027514799
0.038055807
0.0091665154
0.0023950881
0.029843256
0.021830436
0.0028648723
0.027256448
0.03820198
0.011060393
0.0095590847
0.032419026
0.032792922
0.026980456
0.038751572
0.046145745
0.046720814
0.060631026
0.077877849
0.084499724
0.089031458
0.098638684
0.1021657
0.090009265
0.077740759
0.066321895
0.035482958
0.0089293038
0.012212944
0.0091574267
-0.0076105478
0.0023750612
0.014938734
-0.0031681855
-0.0018448342
0.027742162
0.023651687
0.0074107745
0.02712067
0.030621169
0.0011619456
0.00053421123
0.0053791595
-0.021167111
-0.016658712
0.018735349
0.016973263
0.01452498
0.046417937
0.047842547
0.024518754
0.036353372
0.040956341
0.010809142
0.0053673116
0.012272151
-0.012830116
-0.019069647
0.0080390917
0.001928146
-0.020556154
-0.01278714
-0.016375786
-0.03546077
-0.022486357
-0.010300531
-0.025209272
-0.021561373
-0.018246822
-0.053822029
-0.067078777
-0.039512508
-0.036063209
-0.042402498
-0.028301693
-0.031665754
-0.035277937
-0.0055445018
0.0099299485
0.001289594
0.011918379
0.020802258
0.0028517577
-0.010677621
-0.021269651
-0.047423471
-0.05977153
-0.064382777
-0.094888136
-0.10431728
-0.07164453
-0.069908172
-0.09086363
-0.063988104
-0.03249459
-0.043711483
-0.037277758
-0.010154957
-0.018507333
-0.022854306
0.0038448665
0.0018562207
-0.017496655
-0.0045309705
-0.0028109674
-0.034952678
-0.042077836
-0.03022407
-0.048177797
-0.067504533
-0.066909395
-0.073161758
-0.064293206
-0.026768677
-0.013603932
-0.018253235
0.011591163
0.040698893
0.032485742
0.034618866
0.060227573
0.064352617
0.048691791
0.047042124
0.056630593
0.057245348
0.043265499
0.02696332
0.026158964
0.028113117
0.011602739
0.00089424808
0.018461009
0.036622204
0.038553063
0.044211525
0.052035395
0.046924073
0.044998836
0.052793633
0.050594345
0.042842679
0.039088815
0.029615099
0.022190433
0.021498935
0.012576715
0.0096688922
0.02766148
0.041791186
0.042852495
0.046334136
0.04981073
0.049342353
0.054455508
0.057996809
0.044738822
0.031922277
0.036068149
0.036911748
0.031204218
0.037284683
0.042242616
0.0372237
0.039904244
0.040907606
0.032503303
0.03790009
0.035870388
-0.00022532503
-0.019328749
-0.0068368106
-0.019746164
-0.042387906
-0.028036991
-0.013705162
-0.02356972
-0.018926084
-0.0022348759
-0.0041198297
-0.014283744
-0.024510786
-0.041920077
-0.054041129
-0.053532641
-0.051950008
-0.052476909
-0.044861697
-0.030342991
-0.02874635
-0.041391663
-0.045176495
-0.036530506
-0.031308249
-0.029144838
-0.024096701
-0.028987009
-0.046673875
-0.054851491
-0.050465912
-0.052159317
-0.051771779
-0.037655011
-0.033809349
-0.037977882
-0.020587107
-0.0093834018
-0.024649743
-0.019264504
0.0053510792
-0.00086454902
-0.015374119
0.0009689912
0.016842894
0.014404092
0.015894782
0.010857803
-0.0072612581
-0.014342104
-0.016381115
-0.025276605
-0.022821771
-0.012157215
-0.01656088
-0.026681483
-0.026217522
-0.028217485
-0.035133258
-0.030655699
-0.019070445
-0.0092424778
0.0018075218
0.0093554631
0.013616135
0.021181911
0.022159388
0.016428929
0.019537549
0.020271905
0.0098884907
0.0068186233
0.0006258869
-0.021751195
-0.029871237
-0.021922916
-0.023303922
-0.013542429
0.015396967
0.023546068
0.011149722
0.011935404
0.015566068
0.0037010293
-0.0016524686
0.013149858
0.029648727
0.040431187
0.051374529
0.057023402
0.056449816
0.056249946
0.054698091
0.053525325
0.055231139
0.049783099
0.033682212
0.021732163
0.024042571
0.025926629
0.01748695
0.020983154
0.037129026
0.031253498
0.015901854
0.02861861
0.039223727
0.021106044
0.020562923
0.039317504
0.025913982
0.004874134
0.010807953
0.0071859634
-0.0058113709
0.0033460269
0.0053059305
-0.013503935
-0.016786817
-0.014264002
-0.028665092
-0.031511556
-0.019478993
-0.019732965
-0.013716047
0.0086022057
0.011741605
0.0035221023
0.011788207
0.0045715496
-0.025230715
-0.027200172
-0.013009949
-0.02772823
-0.041036244
-0.027167853
-0.023460865
-0.026964191
-0.0098966965
-0.0053689694
-0.01771356
-0.0020272301
0.013475191
-0.0043183072
-0.00730483
0.010684195
0.0078500556
0.0033452678
0.012734802
0.0034156807
-0.011371745
-0.0040276186
-0.0079586906
-0.025993094
-0.017968962
-0.012101179
-0.037627149
-0.047542568
-0.033892106
-0.036844533
-0.041700285
-0.028287534
-0.020458307
-0.021501096
-0.018455466
-0.020224892
-0.024959054
-0.024054129
-0.031452909
-0.043362796
-0.035301682
-0.017070265
-0.0077238497
0.00095137738
0.0070460006
0.0022349821
0.0012455946
0.0043591266
-0.004288929
-0.011636748
-0.0092627965
-0.016934993
-0.028396867
-0.021692354
-0.010884778
-0.010347122
-0.00040286678
0.023022979
0.036069538
0.037995335
0.042523481
0.042872004
0.03572097
0.034352783
0.037290707
0.029580738
0.019750742
0.023064215
0.021028573
0.0062644477
0.0065432116
0.014322434
0.0033302419
-0.0054396307
0.0034831569
0.0057319091
-0.00076763239
0.0042460626
0.010828199
0.0059659244
0.0049871258
0.0091804434
0.0056309188
0.003474917
0.012223741
0.021435617
0.021339994
0.016682094
0.012948737
0.0060078413
-0.0021798178
-0.00087997859
0.011325612
0.023071129
0.024702361
0.021808032
0.023756959
0.026106959
0.021864215
0.015413527
0.015841503
0.024482023
0.030299746
0.028190898
0.030554384
0.035454877
0.026435705
0.016935498
0.022684326
0.023553006
0.013668387
0.0116782
0.013185663
0.0079679675
0.0041274875
0.0013793956
-0.0081603136
-0.01830934
-0.023138819
-0.025672114
-0.023199217
-0.015773557
-0.013625305
-0.018307259
-0.023444498
-0.029382544
-0.034611322
-0.031949352
-0.025620552
-0.025834145
-0.02757108
-0.026357906
-0.030930458
-0.037066888
-0.035245202
-0.034018416
-0.033879142
-0.025319157
-0.018529756
-0.02135564
-0.02111054
-0.015661281
-0.014938332
-0.015640389
-0.011730784
-0.0071098479
-0.0024147127
0.0029140527
0.0029309746
-0.00048747973
-0.0012609906
-0.0083711967
-0.024978938
-0.031993873
-0.024562515
-0.016877949
-0.0068688141
0.007057996
0.0086719263
-0.001475689
-0.0074440492
-0.008036335
-0.0074345376
-0.0071139741
-0.010855797
-0.015936866
-0.016802611
-0.014065662
-0.0098848101
-0.008469359
-0.012443233
-0.014481472
-0.0086597186
0.0002920593
0.0071800617
0.0097594215
0.0076243267
0.0062177703
0.007062634
0.0033032952
-0.00079413911
0.0034628964
0.0047669145
-0.0036496855
-0.0052209543
0.0039761686
0.0084717469
0.0047727283
0.0013549033
0.0025583492
0.0062440531
0.0075981552
0.0072492906
0.007863312
0.0039064838
-0.0035024986
-0.0013732145
0.0071781804
0.0085898386
0.0092192069
0.016293077
0.018464347
0.01643737
0.023392597
0.030754175
0.026405169
0.019719634
0.015616343
0.010805445
0.012199635
0.018235393
0.019578481
0.022905177
0.02950269
0.029136879
0.027119484
0.028721249
0.025761591
0.020744039
0.023982896
0.03138034
0.03481501
0.036470927
0.035756148
0.027879883
0.016507247
0.010665983
0.01322422
0.011863017
0.00019512737
-0.0038186929
0.0035629151
0.0065510334
0.010886468
0.022773927
0.025364036
0.015065136
0.0075871376
0.0085413493
0.012296078
0.012203482
0.0068081249
0.0040583801
0.0048898496
-0.0011952624
-0.010181832
-0.0099967662
-0.0081818001
-0.013980365
-0.018595245
-0.018066559
-0.019400036
-0.019683354
-0.015796863
-0.017114965
-0.022443481
-0.022307638
-0.024642227
-0.033699878
-0.034488484
-0.026752451
-0.023242429
-0.019044045
-0.0136126
-0.018124076
-0.019947307
-0.011952803
-0.015622858
-0.021200672
-0.007513443
-0.0034554333
-0.020974748
-0.023749219
-0.012825768
-0.016182376
-0.020166844
-0.011737349
-0.010031207
-0.014790483
-0.014299567
-0.017450115
-0.019524936
-0.010233357
-0.0081461938
-0.017286593
-0.015365962
-0.0076144575
-0.0085481675
-0.0040406925
0.0061313217
0.0032179512
-0.0016495707
0.0027002515
-0.0013127141
-0.0093637379
-0.003501487
0.000411221
-0.0049139364
0.00044902205
0.0070071826
-0.00026071834
-0.00048500902
0.0092684943
0.010371589
0.01319978
0.022908479
0.018662015
0.0051288856
0.0014180616
0.0014539182
0.0017497245
0.0081731891
0.010313716
0.0054477397
0.0075248275
0.012271444
0.0085545117
0.00531309
0.0063248179
0.0022329635
-0.0013905395
0.0029496565
0.0066022282
0.0076607615
0.010052324
0.0081966156
0.0049669868
0.0099522183
0.014445134
0.010081365
0.0083188908
0.011456319
0.010217372
0.0086388076
0.010618453
0.01207344
0.012721237
0.011311636
0.0072648311
0.0053389049
0.0073891087
0.0070195445
-0.00028440799
-0.0064056134
-0.0078850221
-0.0095956707
-0.0068944795
-0.0013539064
-0.00053025631
0.0037835266
0.012431171
0.013195416
0.011976676
0.01652289
0.015792582
0.0098196724
0.010433171
0.013191765
0.011133294
0.0083431983
0.0067937141
0.0047981339
0.0018704395
0.00079241855
0.0046071671
0.0067322915
0.0013375003
-0.0026633912
-0.0011165621
-0.0028761716
-0.0087263696
-0.014448414
-0.020778691
-0.022524901
-0.01601168
-0.010337112
-0.0095825922
-0.0084132794
-0.0080632111
-0.0091846017
-0.0068192421
-0.0052830162
-0.0077266623
-0.0060008923
-0.0029869569
-0.0078059435
-0.013511501
-0.015127634
-0.018543499
-0.018778332
-0.012061036
-0.010704444
-0.013817864
-0.0089571737
-0.0029561112
-0.0024225444
0.0011513327
0.006392627
0.0064751524
0.0040597492
0.00074098312
-0.00226301
0.00037180795
0.0060041277
0.0050778221
-0.0011726179
-0.0021202795
0.0022791389
0.0014392001
-0.0048116101
-0.0045375535
0.002181422
0.001749759
-0.0033835566
-0.0001107823
0.0044523617
0.00035866833
-0.003399621
-0.0029348549
-0.0062255422
-0.013564848
-0.019279385
-0.020709146
-0.01791298
-0.014708859
-0.014765586
-0.013710493
-0.008952315
-0.0082615046
-0.0096504213
-0.0027977896
0.0032672659
-0.00047331065
0.00054686266
0.010441593
0.012554156
0.0079970555
0.010512251
0.012299201
0.0059663788
0.0050847796
0.009530005
0.0087624351
0.011284496
0.018991902
0.02054893
0.020189287
0.021172505
0.014992934
0.0094513781
0.013855164
0.014476977
0.0093452949
0.012292263
0.012642384
0.00061585911
-0.0047998349
-0.00072095043
-0.0051309559
-0.01254533
-0.0090434002
-0.0050482675
-0.010040779
-0.01127353
-0.0048664794
-0.004056118
-0.0061297738
-0.0017606061
0.0018275244
0.0027678532
0.0061503318
0.0050578979
-0.00017312472
0.0016874907
0.005303584
0.0028654963
0.0033027453
0.0065743383
0.0040693125
0.00325432
0.0088802446
0.010596482
0.0069547226
0.0057687839
0.0066742678
0.0052022608
0.0032630498
0.003462885
0.0033176094
0.0018652871
-0.0022706913
-0.0094161043
-0.011066155
-0.0076988898
-0.0098295324
-0.011934946
-0.0067304089
-0.003171195
-0.0031451008
-6.5365552E-005
0.00064240175
-0.0047734105
-0.0072865901
-0.0056650802
-0.0074944878
-0.011813065
-0.014722167
-0.017675022
-0.019428784
-0.017635558
-0.015567768
-0.013282147
-0.0075313309
-0.0024464014
-0.0015234069
-0.00026270683
0.0026423435
0.0027273968
-0.00010993556
-0.0037522609
-0.0081741288
-0.0082036098
-0.0027418195
-0.0016612579
-0.0037852672
-0.00045887058
0.002602909
0.00025260684
-0.00022811847
0.0036873331
0.0052285385
0.0024376474
0.00039763327
9.5074851E-005
0.0002850809
0.0034318271
0.0073119234
0.0067329588
0.005116214
0.0070952689
0.0083478251
0.0056127775
0.0030602063
0.0023903309
0.0027007482
0.0053064171
0.0073600127
0.0061810045
0.0071573579
0.010508448
0.0081897723
0.0028746827
0.002188981
0.000385872
-0.0056665647
-0.0071417205
-0.0042965775
-0.0023013328
0.0030801869
0.009598936
0.0092199491
0.0073361914
0.0084010698
0.005370494
0.0009810077
0.0035099497
0.0061116652
0.0027268878
0.0012131884
0.0024018746
0.00011033574
-0.0001586633
0.0037614405
0.0020961554
-0.0020684907
0.001226811
0.0050539179
0.0026770066
0.00020272343
-0.00038650204
0.00042943782
0.0045360983
0.0075985477
0.0089734094
0.012618569
0.012417899
0.0068125348
0.0047652037
0.0032993499
-0.0041509094
-0.0095919697
-0.0079229604
-0.0063987602
-0.0077516772
-0.0078932764
-0.0066501359
-0.0071301027
-0.0088754566
-0.0073132259
-0.003736404
-0.0034639556
-0.001321755
0.0042093736
0.0016860274
-0.0050028572
-0.0020948732
0.0025505249
-0.0013069622
-0.0024332935
0.0049868263
0.0082435254
0.0040043155
0.00071963936
-0.00063371088
-0.0014845072
-0.0020151311
-0.0052073905
-0.0075541805
-0.0028821863
0.0016872882
-0.0011034827
-0.0023466393
5.7914654E-005
-0.0036587075
-0.0062135239
0.00055399467
0.0034194498
0.00033412859
0.005062649
0.011784452
0.0085038226
0.0053888895
0.0083573852
0.0057330509
-0.00028130083
-0.00071317423
-0.0018870361
-0.0027770682
0.0024394454
0.00088881771
-0.0083104111
-0.0064488808
-0.0005698711
-0.0048010014
-0.0045855548
0.0028457551
-0.00025331252
-0.0073168138
-0.0039965888
-0.0013163888
-0.0058822893
-0.005915537
-0.0040974952
-0.0090517169
-0.0098297419
-0.0035693368
-0.0032888232
-0.0047892826
0.0007338922
0.0027124288
-0.0017746029
-0.0007864692
0.0021892136
-3.6823967E-005
0.00060348032
0.0038254978
0.0035874713
0.0061393688
0.0097961128
0.0058137341
0.0018969537
0.0046955701
0.0049184752
0.00092292472
0.0020527923
0.0059601748
0.0045151319
0.0030272126
0.0065131476
0.0064597679
0.00084824831
-0.0011973991
-0.00013191008
-0.0019075242
-0.0027339663
0.0010733904
0.0051243082
0.0063459487
0.0051995567
0.0041675498
0.0073516625
0.011483608
0.01004452
0.0074297404
0.0091376202
0.010452607
0.0071367966
0.0015328157
-0.0017624347
-0.0015673578
-0.0039852397
-0.011150794
-0.013524672
-0.0081661586
-0.005375654
-0.0081070429
-0.009408555
-0.0078291316
-0.0062896078
-0.0059211184
-0.0061937259
-0.0044471459
-0.0001719327
0.0027357147
0.0028302844
0.0026831217
0.0023227106
0.00029362919
-0.00066634285
0.00083354797
0.0010932576
0.001033982
0.0045476924
0.0068106116
0.004410841
0.0030330098
0.00027439051
-0.0079390686
-0.0099342884
-0.0027395545
-0.0012921817
-0.0051657436
-0.0022912244
0.0019405537
-3.2503376E-005
-0.00069933396
0.0015865477
0.00047309481
-0.00021811989
0.002173671
0.0010755879
-0.0024432305
-0.0025395823
-0.0027231672
-0.0059050838
-0.0059778295
-0.0024134677
-0.0024077196
-0.0048603108
-0.0050127013
-0.0056786542
-0.0081086969
-0.0081081241
-0.0058459197
-0.0050747795
-0.0046698661
-0.0024766284
-0.00096409919
-0.0010731192
-0.00083790481
-0.0019292005
-0.0066974028
-0.0098801069
-0.0059111146
-0.0010181402
-0.0015727564
-0.0028788582
-0.0015706257
-0.00021324714
0.0002961451
0.0011030438
0.0042619198
0.010053037
0.013622246
0.013474979
0.014543958
0.014399745
0.0083386954
0.0035280776
0.0036023795
0.0023440584
0.0011001027
0.0037889632
0.0057169902
0.00518094
0.0062101451
0.0066547417
0.0036320721
0.0015078416
0.0017831816
0.0018736039
0.0026724425
0.0035399343
0.0016788117
-0.00033589976
-0.00037970839
-0.0025912696
-0.0056411023
-0.0033997947
-0.00093760126
-0.0035754351
-0.0034532419
0.00048870104
-0.0005557441
-0.0033666261
-0.0022317187
-0.0035817565
-0.0076566883
-0.0062278952
-0.0023563469
-0.0032537379
-0.0052984739
-0.003579837
-0.00077350647
0.00087861525
0.0027620508
0.0038786058
0.0027491124
0.001091072
0.00026982441
-0.00049689907
-0.0012980726
-0.00081026694
-0.00034915455
-0.0010294179
0.00029298544
0.00226041
0.0013889854
0.0023775729
0.0062732268
0.0056167031
0.0017156251
0.0010476279
-0.00018898021
-0.0041631456
-0.0044126911
-0.0026805256
-0.0044387644
-0.0044249003
-0.0013058186
-0.0026374727
-0.0048888056
-0.0021555834
-0.0020126454
-0.0046655592
-0.0017637966
0.00055750523
-0.0035760421
-0.0051094228
-0.00086283259
0.0014953224
0.00069860945
0.00071953691
0.00084324268
0.00088098529
0.0019292141
0.0016144114
0.0010042444
0.0030496826
0.0044974522
0.0028660647
0.002179659
0.0050533325
0.0064914455
0.0032488469
0.0014915698
0.0033672331
0.0022842837
-0.00068313541
0.00092950702
0.0031296196
0.0013281915
0.00058702141
0.00048270932
-0.0027427371
-0.0022163894
0.0027338543
0.0027850459
0.0018387282
0.0063769748
0.0080530057
0.0042957421
0.0042201551
0.0061184987
0.0027992476
-0.0006256919
-0.0011388104
-0.004750933
-0.0083148023
-0.0061539663
-0.003797773
-0.0035722146
-0.0017436952
-0.0010974822
-0.0033767563
-0.0045078928
-0.0045295195
-0.0039291643
-0.00097483798
0.00043403558
-0.0018682135
-0.0024972023
-0.001505633
-0.0032556618
-0.00279806
0.0025394277
0.0032390053
-0.0011094187
-0.0010233028
0.00085654011
-0.00025683123
0.00040510544
0.0022581152
0.0013249763
0.0012641458
0.0019097794
-0.00062346912
-0.00049513596
0.0034476677
0.0016322284
-0.0026444439
-0.0010463397
-0.00051033765
-0.003767675
-0.0025642354
1.9902951E-005
-0.0024616874
-0.00368985
-0.0018991675
-0.0042746025
-0.0070254216
-0.0034952639
-0.00075342879
-0.0025941352
-0.0017441734
0.00073060108
-0.00076724339
-0.0024585116
-0.0026569997
-0.0045094099
-0.0047837826
-0.0017375726
-0.001082411
-0.0020149697
0.0010868248
0.003264524
0.00030475916
-2.7296848E-005
0.003331396
0.0027324897
0.00098132063
0.0032916348
0.0036650696
0.00032350575
-0.00012322799
0.00029432718
-0.0022784933
-0.0030214777
-0.0011919761
-0.00095491315
-0.0012804447
-1.4948443E-005
0.0015040174
0.0021326365
0.0020930525
0.00098666991
-0.00083117612
-0.0013269505
0.0001608202
0.0013276086
0.00044741947
0.00017555359
0.0021899613
0.002777627
0.00070600613
-0.00025410138
0.0013786497
0.0028870779
0.0019451152
0.00080582662
0.0024911852
0.0041249166
0.0018902256
-0.00032528079
0.003209509
0.0084695481
0.0081872502
0.0055735172
0.0068049142
0.0087257717
0.0075374022
0.0066337008
0.0066922153
0.0048070676
0.0036279697
0.0041268393
0.00293558
0.0026641777
0.0038820724
0.0010554519
-0.0025277908
-0.0011733077
-0.00050731283
-0.0041927109
-0.0059918277
-0.004848016
-0.0054363902
-0.004733847
-1.5006083E-005
0.0030660781
0.003680727
0.0055425693
0.0063256873
0.0047429199
0.0041518849
0.0044715349
0.0036204569
0.0016602487
-0.0011758042
-0.0032654747
-0.0030163305
-0.0028533547
-0.0031467518
-0.001657581
-0.00089917419
-0.0010794898
0.00081857614
0.00028956539
-0.0034235362
-0.0024117329
-0.00017651069
-0.004088847
-0.0065232166
-0.0028075578
-0.00077843393
-0.0014757677
-0.0010811544
-0.0024281659
-0.0044050179
-0.0024847211
-0.0018799976
-0.0057068043
-0.0063856468
-0.0043333131
-0.006396424
-0.0075835669
-0.0044004885
-0.0046773078
-0.0069484301
-0.0041600866
-0.0021942735
-0.0042540617
-0.0026369069
0.0013229882
0.00036295244
-0.0023291984
-0.0026059262
-0.0034341819
-0.0040282039
-0.0020439862
-0.0016294526
-0.0029832856
-0.0018978752
-0.0013073499
-0.0034905749
-0.003858536
-0.0015664044
-0.0010781692
-0.0025230269
-0.0015149777
0.0012007646
0.0015189447
0.00075658882
0.001295728
0.0018137479
0.0015581513
0.0011598428
0.00071973528
0.00079474959
0.0013263382
0.00062284258
-0.0004427121
0.00025118468
0.00058677729
-0.0012776486
-0.0026645651
-0.0016188645
0.00019164012
0.0011980487
0.0018139085
0.0018609897
0.00019617921
-0.0025734364
-0.0038494952
-0.0024473979
-0.00030977948
0.00065225956
0.000631609
0.0010598099
0.0024113141
0.0024994016
0.001317795
0.002053903
0.0036195787
0.0037923406
0.0049141152
0.0070176059
0.0074202945
0.0074947188
0.0081460327
0.0076499283
0.007673136
0.0084573505
0.0068847481
0.0058952835
0.0081970869
0.008437261
0.00551472
0.0040163659
0.0030696997
0.0015296957
0.0024454519
0.0040604295
0.0027763096
0.0024223961
0.0050825789
0.0053052995
0.0031690148
0.0029333732
0.0019778819
0.00010302266
0.0013733364
0.0014317341
-0.0026822144
-0.003915464
-0.0024743616
-0.004496607
-0.0051613729
-0.0012744479
-0.00034342086
-0.0020844997
-0.00070103299
0.0001399811
-0.0017269726
-0.0017622807
-0.00093934708
-0.0015414434
-0.00092414016
-0.00031436098
-0.0016941749
-0.00090799166
0.0016309568
0.00098724233
-0.00054427853
-0.00022007714
-0.00098099373
-0.0025186506
-0.0022391989
-0.0024002378
-0.0045233225
-0.0054788454
-0.0047953217
-0.0050383136
-0.005826144
-0.0054684146
-0.0041530197
-0.0036144864
-0.0045120846
-0.0046227854
-0.0032501784
-0.0024516247
-0.0020877733
-0.00079241942
0.00039825542
-5.3215899E-005
-0.0013748127
-0.002043081
-0.0027067508
-0.0049682525
-0.00776006
-0.0082412027
-0.006790455
-0.006204477
-0.0063984646
-0.0055857957
-0.0037294775
-0.0018143754
-0.00027384885
0.00087811658
0.00076043769
-0.00064633973
-0.0010948993
-5.2024563E-005
0.00039525802
-7.4796385E-006
0.00021101102
0.00030166865
-0.00055861339
-0.00041552749
0.0011219727
0.0018278783
0.0012066085
0.0010733193
0.0023154744
0.0026955209
0.00066977635
-0.00074062496
0.00047733172
0.0010077428
-0.00011837496
0.0011799115
0.0034608843
0.0021287922
0.0010810111
0.0037228959
0.0047873091
0.0027197918
0.0023453766
0.0037366967
0.0040063569
0.0042770309
0.0049057454
0.0045941249
0.0048611192
0.0048217368
0.001524778
-0.0015051387
-7.6885073E-005
0.0019827255
0.0017624466
0.0031036329
0.0056090732
0.0049690674
0.0039059592
0.0049699633
0.0042835092
0.0025878346
0.0042939777
0.005870563
0.0032689478
0.0016020196
0.0033865713
0.0040023676
0.0036265722
0.0050850436
0.0057938076
0.0039396174
0.0021455141
0.0018107422
0.0020520641
0.0018458862
0.001086229
0.0017081578
0.0034312352
0.0021639441
-0.0016162479
-0.0029606211
-0.0027107142
-0.0044359672
-0.0047601447
-0.0016976084
-0.0011713239
-0.0038515383
-0.0042286739
-0.0025178113
-0.0020380844
-0.0028184988
-0.0030057507
-0.0024242694
-0.0027220771
-0.0038012883
-0.0042853593
-0.0037232717
-0.0027255386
-0.00288395
-0.003975498
-0.0037001136
-0.0021339385
-0.0018901664
-0.003207654
-0.0030922277
-0.002104335
-0.0040781028
-0.0064030788
-0.0047554509
-0.0029003348
-0.0034042913
-0.0023560773
-0.00046296004
-0.0014699168
-0.0019162981
0.00032134302
-0.00027354821
-0.0030494682
-0.0023156167
-0.0012013969
-0.0028642081
-0.0029538658
-0.0015406795
-0.0024890155
-0.0039372561
-0.0037648447
-0.0038125261
-0.0040665409
-0.0035187895
-0.0030268575
-0.0017933319
0.00084857619
0.0019060305
0.00052955508
0.00011773996
0.0011337732
0.0011078714
0.00058723387
0.0011702214
0.0012301438
-0.00060365681
-0.0014620138
0.00019566332
0.0013739599
0.0011375592
0.00067157391
-0.00010347631
-0.00032102238
0.000352681
0.00068081822
0.00067832996
0.0010188945
0.0015936951
0.0024192077
0.0036328624
0.0040190048
0.0033464667
0.0034224822
0.0035391704
0.0025982875
0.0025390296
0.0036462373
0.0039795465
0.0032519831
0.0029384259
0.0038474419
0.0048139943
0.0048358804
0.0045349593
0.0045783371
0.0043444904
0.002914102
0.0012151895
0.00061659759
0.00054734136
0.00062265468
0.0017157432
0.0032029357
0.0032391245
0.0022068871
0.0019561278
0.0022557904
0.0020628734
0.0019228987
0.0021236886
0.0023843634
0.0026651958
0.0023908885
0.0024279275
0.0037040776
0.0037417838
0.0020027054
0.0017186679
0.003136686
0.0040753945
0.0039964644
0.0028568136
0.0015363202
0.0015972157
0.0015548251
0.00010173996
-0.00057867292
-0.00094177702
-0.0027036846
-0.0026890659
-5.7840276E-005
0.0005396913
-0.00097146048
-0.0013127921
-0.002559114
-0.0058957231
-0.0067932988
-0.0047699045
-0.004299521
-0.0054251486
-0.0050445842
-0.0037613024
-0.0037433628
-0.0042180861
-0.004245271
-0.0047132489
-0.0057767732
-0.0062502418
-0.0052188458
-0.0043745805
-0.0053609391
-0.0056085344
-0.0044916011
-0.0052723032
-0.0063990681
-0.0044820965
-0.0026075244
-0.003385959
-0.0032263084
-0.0013540655
-0.0013856941
-0.0022967809
-0.0014601325
-0.0013373705
-0.0032135353
-0.0038922448
-0.0029654144
-0.0029718636
-0.0035448298
-0.0035329822
-0.0034002434
-0.0031024946
-0.0025535645
-0.0023403962
-0.0031383012
-0.0045928964
-0.0051519587
-0.0047469763
-0.0041188593
-0.0026996192
-0.0012119178
-0.0013182861
-0.001563241
-0.00082264678
-0.0016187833
-0.0027460211
-0.00055320142
0.00053740176
-0.0028074034
6.3660947E-005
