-0.0011357537,
-0.0032464364,
-0.0020491614,
0.0024024548,
0.0042844466,
0.0019105788,
-0.00043176604,
-0.0013469849,
-0.0028882499,
-0.0030770325,
0.00025793258,
0.0025022421,
0.0012290773,
0.00089322752,
0.0017291097,
-0.00063428731,
-0.0029986782,
0.0014124758,
0.0037675512,
-0.012156924,
-0.022659969,
0.013188465,
0.051082492,
0.0237517,
-0.022426933,
-0.020319121,
0.0035645082,
0.0017002168,
-0.013626337,
-0.0059008617,
0.011090136,
0.0024385385,
-0.011763488,
-0.0031628686,
0.0043580676,
-0.0042306646,
-0.0054010451,
0.0015120435,
-0.0017830892,
-0.0043974407,
0.0036718703,
0.003262311,
-0.0091384156,
-0.0064762263,
0.011994363,
0.013487149,
-0.0015721018,
-0.0034082301,
0.0047974987,
0.0027972825,
-0.0030884168,
-0.0041389246,
-0.0069084489,
-0.0080875736,
-0.0013760728,
0.0031312371,
-0.0028013117,
-0.0069331327,
0.0021726622,
0.010356099,
0.0059681553,
0.001460621,
0.0019126474,
-0.0022863143,
-0.0085774902,
-0.0031217821,
0.0096355639,
0.0066702361,
-0.0082546687,
-0.0065847584,
0.0078084436,
0.0089884298,
0.00086575391,
-0.0012269308,
-0.0017586999,
-0.0047850795,
-0.0047506806,
0.00034479174,
0.0062215333,
0.0061620581,
0.00075147464,
-0.0017230063,
-0.0013713555,
-0.0023815872,
0.0006233087,
0.0067780009,
0.0061817858,
-0.00013016471,
-0.0037491347,
-0.001219007,
0.0020220305,
-7.2663708E-005,
-0.0016208391,
0.0016328129,
0.0015606678,
-0.0038998825,
-0.005132468,
0.0003390238,
0.0035463071,
0.00086177466,
-0.0016926582,
-0.00074714387,
1.2113601E-005,
-0.001700023,
-0.0024984714,
-0.0012765792,
-0.0011120886,
-0.00081956387,
0.00070611783,
-0.00011420966,
-0.0023363226,
-0.0018462252,
0.00056458462,
0.00024909907,
-0.0033212155,
-0.0025437018,
0.0031742619,
0.0033455989,
-0.0010142967,
8.2742481E-005,
0.003437771,
0.0010230542,
-0.0029872656,
-0.0011232733,
0.0036775516,
0.0038816435,
-0.0008277513,
-0.0034754551,
-0.0013290123,
-0.00023216299,
-0.0014680185,
-0.0010253384,
0.0015339373,
0.0035652583,
0.001052986,
-0.0036523654,
-0.00394416,
0.00023685936,
0.0036417092,
0.002418956,
0.00025196787,
0.0017055323,
0.0013645452,
-0.0030599416,
-0.0036577904,
-0.0001783702,
0.00027735371,
-0.0009057321,
0.0016440767,
0.0042568622,
0.00055382482,
-0.004697883,
-0.0041261921,
-0.00084846426,
-7.0503178E-005,
-0.0007003416,
0.00069008436,
0.0033170693,
0.0014697344,
-0.0027651428,
-0.002411034,
-8.135238E-005,
-0.00023582015,
-0.00040900492,
0.0015436341,
0.0014687612,
-0.00069669139,
0.00032233051,
0.0011915464,
-0.00045008151,
0.001317338,
0.0039713178,
0.0014417208,
-0.0017621906,
-0.00035217614,
0.0028242054,
0.0021686815,
-0.0017378628,
-0.0029317685,
-1.9424169E-005,
0.0028877517,
0.0030500197,
0.00034346845,
-0.0036205596,
-0.0043489351,
-0.00097228278,
0.0010591577,
0.0011530163,
0.0024882252,
0.0032808622,
0.0011346262,
-0.0014305135,
-0.0014566551,
-0.0011823206,
-0.0033233047,
-0.0038305279,
0.00033226048,
0.0027265279,
-8.1485006E-005,
-0.0021994361,
-0.0015134934,
-0.0016221509,
-0.0026001674,
-0.0015203417,
0.0021100789,
0.0052557695,
0.0041351505,
-0.00093076716,
-0.0043345629,
-0.0019949973,
0.0017642012,
0.0011740075,
-0.00180754,
-0.0014293729,
0.0013490408,
0.00090928678,
-0.0009033471,
0.0007361829,
0.0025520651,
0.00053648237,
-0.00095771998,
0.00027733759,
-0.00067397207,
-0.0026204442,
-0.0015599338,
0.00070074131,
0.0019924152,
0.0016401731,
0.00095426029,
0.0010277821,
0.00087736628,
0.0011255806,
0.0010047171,
-0.001284557,
-0.0025923422,
-0.00033670419,
0.0020922523,
0.0015674385,
-0.00020531632,
-0.001383179,
-0.0015634777,
-0.00042779019,
0.00042363006,
8.0913094E-005,
-0.0010695906,
-0.0020214617,
-0.0012399536,
0.0001540128,
0.00069752603,
0.00026938732,
-0.00070592039,
-0.0003825821,
0.00053396716,
-0.00022491082,
-0.0016814712,
-0.0019057187,
1.5155051E-005,
0.0024377855,
0.0029281881,
0.0015954757,
-0.00076525175,
-0.0022459887,
-0.0007750261,
0.00055554986,
-0.00073759147,
-0.0011580812,
0.00062700524,
0.0018607638,
0.0010479387,
-4.7282105E-005,
0.00018891072,
-0.00014248797,
-0.00079653505,
0.0012250276,
0.0036830076,
0.0027178591,
0.00010411759,
-0.0011187601,
-0.0013612899,
-0.0015254003,
-0.00075125473,
0.00061020814,
0.00010700564,
-0.0015046559,
-0.0022163962,
-0.0024710572,
-0.00079072977,
0.002570464,
0.0031621726,
0.00063519989,
-0.00096250733,
-2.9659106E-005,
-0.00051365327,
-0.0037328578,
-0.0025330125,
0.0026731668,
0.0023577325,
-0.0024444766,
-0.002667025,
0.0018188183,
0.0025200718,
-0.0019379591,
-0.0029775409,
0.00056143495,
0.0012905358,
-0.00090037863,
-0.0010772491,
9.9342316E-005,
0.00092662603,
0.0026921025,
0.0028880278,
-0.00093393773,
-0.0034898501,
-0.00076028518,
0.0014921349,
-0.00053324486,
-0.00068153592,
0.002124721,
0.00055812002,
-0.003290195,
-0.00073433161,
0.0037715328,
0.001092487,
-0.0032702212,
-0.0014401678,
0.0010849023,
-0.00090828293,
-0.0013906073,
0.0033713966,
0.004573511,
-0.001684533,
-0.0038832529,
0.00068053958,
0.0019238875,
-0.00011862055,
0.0010721647,
0.0021535535,
-0.0017154469,
-0.0032915603,
0.0022159242,
0.0045177727,
-0.0018144703,
-0.0050770054,
0.00076497736,
0.0033810546,
-0.0022923381,
-0.004198492,
0.0011503665,
0.003240173,
-0.00076171482,
-0.0011719677,
0.0030374995,
0.0022916682,
-0.0017987998,
-0.0011638096,
0.0013327675,
0.0005386066,
-0.00067772128,
0.00083759596,
0.001598861,
-0.0014069547,
-0.0032627629,
-0.00067962537,
0.0010932426,
-0.00083055469,
-0.0018573353,
0.00013244386,
0.0022883911,
0.0022268554,
-0.00010990963,
-0.0012123277,
2.1821848E-005,
0.0005396824,
-0.00017278122,
-0.0019187429,
-0.0031543009,
-0.00013050875,
0.0033216854,
0.0017285546,
-0.0003595626,
-0.00027462546,
-0.0012222598,
-0.0026746492,
-0.0022817189,
-0.00019110153,
0.0010933672,
0.00083204202,
-0.00020517246,
-0.002327645,
-0.0021426643,
0.00097140385,
0.001331708,
-0.00045097488,
0.00058842031,
0.0028548588,
0.0015789476,
-0.0022951001,
-0.0030241564,
0.00055369566,
0.0022463668,
-0.00020962795,
-0.00078941148,
0.001486962,
0.00061702199,
-0.002262322,
-0.0015000579,
0.0011933851,
0.0014573276,
-3.0051318E-005,
0.00046294276,
0.0026738236,
0.0011179583,
-0.0027071035,
-0.0020453257,
0.0011139817,
0.001770869,
-0.00034406563,
-0.0021819626,
5.3528496E-005,
0.0034145836,
0.00083035394,
-0.0042627584,
-0.0033534192,
0.00071744458,
0.001399254,
-0.00032917302,
-0.00097468996,
5.9899383E-005,
0.00063455082,
4.6667734E-005,
4.6328591E-005,
4.7613095E-005,
0.00017007852,
0.0022088897,
0.0030569194,
-0.00016315271,
-0.0028259009,
-0.00082384777,
0.0020255018,
0.0013848334,
-0.0011438765,
-0.0016490541,
0.00018318975,
0.00062083331,
-0.00070019945,
-0.0009221037,
-0.00028273388,
-0.00019084303,
-0.00070822227,
-0.0017969924,
-0.0017203727,
0.0016328988,
0.0039839963,
0.00011124279,
-0.0040393574,
-0.001225299,
0.0021835791,
0.00020810375,
-0.0012508229,
0.00057421916,
0.00065428385,
-0.0020339428,
-0.0022687265,
0.0021978482,
0.0042285156,
-0.00045313057,
-0.0030232435,
0.001148514,
0.0031792598,
-0.00061597454,
-0.0027783371,
-0.0015550165,
-0.00010977413,
0.002255514,
0.003495021,
0.0010387989,
-0.0019060967,
-0.0016898956,
0.00039665616,
-0.00024193163,
-0.0021469535,
0.00096344313,
0.0049001882,
0.0018389906,
-0.0033945846,
-0.0035169881,
-0.001083681,
-0.00041094367,
0.00069263997,
0.0028923103,
0.0019628527,
-0.0013800167,
-0.0022155554,
-0.00090342993,
-0.00089933869,
0.00019767108,
0.0033158667,
0.001437278,
-0.0038363717,
-0.0026344871