0.0012618117,
0.0008313859,
-0.0011066712,
-0.0010564048,
0.00065113872,
-3.5632918E-005,
-0.00063473638,
0.00038460523,
0.00059750461,
-0.00038880331,
-0.0012091495,
-0.00033504976,
0.00076291978,
0.00033913652,
1.0675755E-005,
0.00095814682,
0.0010334273,
0.00012338489,
0.011273699,
0.043178938,
-0.035810437,
-0.26753664,
-0.11608367,
0.4622162,
0.45346087,
-0.13566607,
-0.31328046,
-0.051049557,
0.092911959,
-0.021815607,
-0.075815573,
0.04684614,
0.032531384,
-0.068704426,
-0.021972993,
0.0097660786,
-0.066512696,
-0.05445613,
0.057893254,
0.038556606,
-0.075440757,
-0.054069683,
0.023082752,
0.011472061,
-0.003330258,
0.016844356,
0.0050682756,
-0.023302505,
-0.013525466,
0.0086474186,
-0.00068606134,
-0.011264547,
0.00071947393,
-0.00077745144,
-0.00731281,
0.024253253,
0.044126019,
-0.0040893429,
-0.038713757,
0.00023720296,
0.019865032,
-0.013622035,
-0.0028766734,
0.04471086,
0.024650732,
-0.031442296,
-0.022056036,
0.017830083,
0.0092216544,
-0.013495301,
0.00013124051,
0.018055983,
0.010968718,
0.0049476409,
0.016042659,
0.020542286,
0.003693826,
-0.016119896,
-0.015453083,
0.0040416135,
0.018171808,
0.011440319,
-0.00490371,
-0.011156684,
-0.0032693872,
0.0064482219,
0.0071602901,
0.0012530999,
-0.0017175523,
-0.001720709,
-0.0015749427,
0.0018172666,
0.0065325703,
0.0053039622,
-0.0044370452,
-0.012651756,
-0.0087998202,
0.0027902569,
0.0080670379,
-0.00019933257,
-0.010609401,
-0.008918847,
-0.001237529,
-0.00064621214,
-0.0019447149,
0.0044733365,
0.0082658278,
-0.00078292395,
-0.0088874428,
-0.0064216647,
-0.0029330913,
-6.5282533E-005,
0.0040371544,
0.0017847427,
-0.0036690189,
-0.0024477025,
-0.00041052559,
-0.0029919657,
-0.0046504154,
-0.00045965114,
0.010093153,
0.014338782,
0.00076726155,
-0.013406014,
-0.011753782,
-0.0013232398,
0.0075517935,
0.0062908153,
-0.0030443885,
-0.0046924581,
0.0034434721,
0.0038894725,
-0.0058154785,
-0.0067461692,
0.003821475,
0.0060251299,
-0.0037226307,
-0.0094628548,
-0.0042427997,
0.0047991383,
0.0078888983,
0.0020650662,
-0.0040355134,
-0.0016359906,
0.0037917821,
0.0029573839,
-0.00084332115,
-0.0018218963,
0.00043149944,
0.0036496946,
0.0019267186,
-6.0237813E-005,
0.003668265,
0.0021520697,
-0.001882786,
0.0016012049,
0.0024251603,
0.00013598874,
0.0018474122,
-8.4223211E-005,
-0.0039076004,
-0.00061526662,
0.003733238,
0.0050307205,
0.004602877,
-0.0012921919,
-0.0078117657,
-0.0047818832,
0.0048635923,
0.0076706042,
0.0016504988,
-0.0032679366,
-0.0050049429,
-0.0017670686,
0.0044769389,
0.0033617613,
-0.0011281882,
-0.00015771469,
0.00032896025,
-0.0034216512,
-0.0030052166,
0.0043379329,
0.0079342425,
0.00071158219,
-0.0067212717,
-0.0032207121,
0.0023526021,
0.0019052202,
0.0030786158,
0.0062125269,
0.0014199669,
-0.0078942003,
-0.0082140025,
-0.00039087053,
0.0047344035,
0.005787333,
0.0039442037,
-0.0019090477,
-0.0080065308,
-0.0062619117,
0.0013013429,
0.0024895754,
-0.00065566407,
0.00096876686,
0.0022292044,
-0.00092391757,
-0.0018545827,
-0.00026252336,
-0.0015138723,
-0.0024057687,
0.0018631017,
0.0044579967,
-4.2291787E-005,
-0.005271913,
-0.0047655264,
0.00033120974,
0.001919848,
-0.0020823674,
-0.0021151856,
0.002596529,
0.0032092747,
-0.0023827869,
-0.0057903533,
-0.0031021247,
0.00087892351,
0.0020015894,
-0.0010028647,
-0.0015819599,
0.0034509737,
0.0027825928,
-0.003933304,
-0.0036190462,
0.00083462114,
-0.00030788392,
-0.0012600637,
0.0033134238,
0.004155837,
-0.00050518225,
-0.0017333091,
0.0019207852,
0.0043410123,
0.0012217244,
-0.0039994582,
-0.0044206618,
-0.00075845339,
0.00072622392,
0.00055173092,
0.0032497698,
0.0048685507,
0.0011958684,
-0.0042536841,
-0.0062922966,
-0.00092245481,
0.0060973298,
0.0044891336,
-0.0020219972,
-0.0041628093,
-5.4636539E-006,
0.0027461222,
-0.002081434,
-0.0055376892,
0.00088797184,
0.0064826361,
-0.00021126942,
-0.0097768782,
-0.005937106,
0.0044943755,
0.0050778473,
0.00016884977,
-0.00014374623,
0.0014236637,
-0.00048679672,
-0.0040805656,
-0.0019069385,
0.0042527285,
0.0052761729,
0.0021515517,
-0.001591555,
-0.0033826167,
0.0012485712,
0.0060881283,
0.0012801642,
-0.005390448,
-0.0025476136,
0.0042736535,
0.0047712517,
0.00065397366,
-0.0013734221,
-0.0027634944,
-0.0058671026,
-0.0046394048,
0.0012510107,
0.0017626346,
-0.0012032161,
0.0015633473,
0.0025793002,
-0.0034705878,
-0.0045983107,
0.0011334986,
0.0028810606,
-0.00097254105,
-0.0013851611,
0.0020022483,
-0.0011576865,
-0.0067223767,
-0.0021496927,
0.0055871643,
0.0052440269,
9.9384248E-005,
-0.0035310122,
-0.0039653727,
-0.0024896339,
0.0015110498,
0.0055986308,
0.0022544989,
-0.0028122461,
-0.00074601348,
0.0023528025,
8.2975697E-005,
-0.0033184742,
-0.0033635693,
-0.0020181085,
-0.0017420866,
-0.0002553529,
0.0028259004,
0.0025272146,
-0.00075719552,
-0.0010932476,
0.0011096136,
0.0024220368,
0.00255247,
0.0018804497,
0.00054222043,
-0.00024177707,
-0.00021869241,
0.00026949309,
0.0010004758,
0.000571877,
0.00030061373,
0.0008502577,
0.0011203678,
0.001387437,
0.00015282555,
8.4316998E-006,
0.00056676636,
-0.0018618001,
-0.0014067676,
0.0010117409,
-0.0015817956,
-0.0035950928,
-0.000738331,
0.0019163205,
0.00082193426,
-0.0013637766,
-0.00024685854,
0.0035793066,
0.0038838633,
0.00045689021,
-0.00095233863,
-0.0010897418,
-0.0023959198,
-0.00046549778,
0.0030520449,
-0.00015358521,
-0.0041486486,
-0.00088912406,
0.0015815983,
-0.0020911735,
-0.0036584339,
0.0013453928,
0.0058248551,
0.0034158423,
-0.0014734752,
-0.00095505832,
0.0015727191,
-0.0016730414,
-0.0049722688,
-0.000888829,
0.0033946119,
0.0018445341,
-0.0010937309,
-0.0026405794,
-0.0013741889,
0.0014853822,
0.00042993101,
-0.0022919266,
-0.00064074632,
0.00055088225,
-0.0020821639,
-0.0012809749,
0.0023265621,
0.0014647675,
-0.00056854903,
-0.00019608081,
0.00020052008,
0.00015338087,
-0.0010698834,
-0.0024331911,
-0.0023061761,
-0.0023976429,
-0.0011853493,
0.0018817957,
0.00014907839,
-0.004268724,
-0.0011343901,
0.004515117,
0.0020944192,
-0.0017640903,
0.00075852085,
0.0026434301,
0.00079043373,
0.00018493294,
-0.00040945577,
-0.0011883777,
0.00050574244,
0.0014194532,
-0.00050872413,
-0.0012269842,
0.00088516588,
0.0013452994,
-0.00013502905,
-0.00012334551,
-0.00026045609,
-0.00042667188,
0.00060679455,
0.000167016,
-0.0005866196,
-0.00049553491,
-0.0011604372,
-0.0012928613,
0.00053880864,
0.0022506155,
0.0015102297,
-0.00028640541,
-0.0010835289,
-0.0023667398,
-0.002398829,
0.0012636977,
0.0033052231,
0.0010786857,
-0.00018800997,
0.0011564428,
-2.8203714E-005,
-0.0022337914,
-0.00030082758,
0.0012541548,
-0.00057643105,
-0.0015784869,
-0.00079977739,
-5.6911518E-005,
0.00026882382,
0.00033530034,
0.00030650693,
0.0008891137,
0.00027523909,
-0.0017776316,
0.00014431527,
0.0039531668,
0.0020484834,
-0.0020681261,
-0.0010805303,
0.00087035896,
-0.00017109164,
-0.0006054003,
0.0013611105,
0.002744325,
0.00069315429,
-0.0020201399,
-0.0017064378,
0.00078468985,
0.0014442188,
-0.0016797722,
-0.002701286,
0.001344686,
0.0032631527,
0.00049174583,
-0.0013847176,
-0.0019077312,
-0.0026854421,
-0.0011875917,
0.0012420409,
0.001072222,
0.00067129877,
0.00089938985,
3.9567461E-005,
-0.0013819073,
-0.0018229999,
-0.00025384632,
0.0025981565,
0.002683351,
-0.00058160716,
-0.0025688515,
-0.002668764,
-0.0015356725,
-0.00015829719,
-0.00059995876,
0.00062251958,
0.0024950276,
-4.8922597E-005,
-0.0026882954,
