0.00018239069,
0.00060780079,
0.00063639675,
0.0001541708,
-0.00067803147,
-0.0008860004,
-7.8375313E-005,
0.00029796833,
0.00010316155,
0.00029903685,
0.0003465648,
-2.2384538E-005,
-0.0002230297,
-0.00021577341,
-0.00028146387,
-0.00021764015,
0.00034217976,
0.0014854475,
0.0062516066,
0.0030676802,
-0.036046792,
-0.047514092,
0.04864075,
0.10687708,
0.018991325,
-0.05481644,
-0.033185616,
0.0051752087,
0.0014661634,
-0.024137868,
-0.0011021745,
0.029317925,
-0.0035780901,
-0.029946731,
-0.0058555077,
0.0082306098,
-0.0061100917,
-0.0049055903,
0.011598093,
0.0035970574,
-0.014497855,
-0.0091181798,
0.0036227859,
0.0028573568,
0.00042614972,
0.0057930974,
0.0053031882,
-0.0035299058,
-0.0043994053,
0.0024430805,
0.0038431799,
-0.00054210162,
-0.0038633258,
-0.0037257243,
0.0012002276,
0.0083112912,
0.0076546194,
-0.00085590244,
-0.0047874893,
-0.0014563531,
-0.00052478502,
-0.0022649413,
0.0033640489,
0.010530204,
0.004862925,
-0.0055403756,
-0.0053715012,
0.0001311464,
0.00053455238,
-0.0014813801,
0.00011944988,
0.002859327,
0.003524414,
0.0039071189,
0.0024443488,
-0.0015829729,
-0.003605352,
-0.0017702434,
0.00089973537,
0.0012228331,
-0.00033762737,
-0.00093791733,
-0.00043570501,
0.00044459003,
0.00099724473,
0.00035784679,
2.8819812E-005,
0.00071206869,
-1.7272478E-005,
-0.0013669111,
-0.0007205052,
9.7387696E-005,
-0.00050702563,
-0.0011751854,
-0.0015315246,
-0.0014221264,
0.0001782983,
0.0016373337,
0.00047873982,
-0.0015206265,
-0.0013973103,
-0.00022066972,
-2.3059147E-005,
-0.00020071953,
-0.00067609851,
-0.0010548934,
0.00029383707,
0.0020333915,
0.0011680133,
-0.0014575071,
-0.0020104886,
-0.00015435486,
0.00096669106,
0.00055967091,
0.00087522733,
0.0015400451,
0.000408358,
-0.0012339771,
-0.0013243975,
-0.00032813993,
0.0008116255,
0.00093463151,
-0.0002942454,
-0.00075508858,
0.00058126287,
0.00072947168,
-0.0011762087,
-0.0013124935,
0.00018350367,
-0.00023049783,
-0.0014327136,
-0.00025142764,
0.0017105145,
0.0011665334,
-0.000670954,
-0.00035179115,
0.0008947177,
0.00024692481,
-0.0013467163,
-0.0015470969,
-3.4368019E-005,
0.0011630966,
0.00057687232,
-8.445546E-005,
0.00039062081,
0.00048358506,
-0.0001897195,
-9.7759636E-005,
0.00079964224,
0.00085157325,
-3.585378E-005,
7.5948781E-005,
0.00087914319,
0.00044478753,
-6.8148118E-005,
0.00030666031,
0.00027030447,
-0.00031071657,
-0.00061403128,
-0.00031338664,
-0.00012701632,
-0.00022888521,
0.00034592659,
0.0012292925,
0.00082626904,
-0.00043350863,
-0.00041867897,
0.0002257789,
-0.00023711438,
-0.0002880496,
0.00070847588,
0.00010576279,
-0.0013920064,
-0.00062728743,
0.00082810689,
0.00013287163,
-0.001080472,
-0.00039707066,
0.00084665383,
0.00055278355,
-0.00037389022,
-0.00033669895,
4.6917063E-005,
0.00015812174,
0.00046236307,
0.00054324878,
0.00038826605,
-9.2312977E-005,
-0.0013071639,
-0.0017379537,
-0.00033446681,
0.00082184945,
0.00050842663,
-0.00024213057,
0.00012404979,
0.00097780931,
0.00010225466,
-0.0015364935,
-0.001023183,
0.00094448839,
0.0012544824,
9.8611687E-005,
0.00041410775,
0.0011061885,
-0.000230759,
-0.0017064407,
-0.0017504175,
-0.00069945375,
0.00072484097,
0.0008175965,
-0.00035115151,
-0.00067795394,
0.00011952516,
0.00057445758,
0.00028607529,
-2.1604144E-006,
-0.00035520227,
-0.00056397216,
-0.00056598557,
-0.00058233546,
-0.00017120632,
0.00034472902,
0.00063498731,
0.00090038765,
0.00030291636,
-0.00033440496,
-0.00056072371,
-0.00069722097,
-7.7588811E-005,
0.00031828118,
-1.7913253E-005,
-0.00014522963,
-0.00020461831,
0.00014628751,
0.00095694169,
0.00075477705,
-0.00020590631,
-0.00062570639,
-0.00027972131,
1.4661004E-005,
0.00015640493,
0.00024651777,
0.00029442631,
0.00063943351,
0.00076783681,
0.00027360875,
-0.00026983989,
-0.0005635795,
-0.00015270645,
0.00023413621,
-0.00020481093,
-0.00038747967,
0.00016710816,
0.00053455832,
2.3058055E-005,
-0.00034152306,
0.00051949458,
0.00049480126,
-0.0005474466,
-0.00050196436,
-7.5256932E-005,
-0.0003556392,
-0.00049283594,
-0.00026075935,
6.6903754E-005,
0.00046326281,
0.00053106784,
-3.3243701E-005,
-0.00057220407,
-0.0006518942,
-0.00031655128,
1.6641584E-006,
0.00010897141,
0.0005530417,
0.00073135563,
-0.00017013188,
-0.00097931502,
-0.00050809351,
0.00071998668,
0.00093526393,
-0.00023065512,
-0.00056381297,
0.00051441212,
0.0010625555,
0.00035481481,
3.2419241E-005,
0.00039906232,
-0.00018525985,
-0.00098315917,
-0.00031648533,
0.00028394896,
-0.00030650466,
-0.00097407872,
-0.00034938802,
0.001095071,
0.00078105589,
-0.00081433391,
-0.00088283082,
0.00036772402,
0.00045759641,
-0.00071856956,
-0.00075549295,
0.00026246012,
0.00037600208,
-0.00012223613,
-0.00040219532,
-0.0002628387,
0.00021259318,
0.00037424389,
-0.00029402049,
-0.00075091963,
2.2851864E-005,
0.00044865321,
-0.00042710078,
-0.00034112966,
0.0010067641,
0.0011244126,
-0.00057392492,
-0.0012351597,
0.00044451436,
0.0013768908,
-0.00012148747,
-0.00094506831,
0.00017304161,
0.0007156725,
-0.00010107336,
-0.00050248904,
0.00050318195,
0.00097947288,
-0.00033051681,
-0.00081326516,
0.00049144123,
0.00059114106,
-0.00072886294,
-0.0006922005,
0.00082203862,
0.0012493669,
0.00015713659,
-0.0003961928,
-0.00043516367,
-0.0009717911,
-0.00077654608,
0.00097258587,
0.0017951045,
-1.3596414E-005,
-0.0015263913,
-0.00040864709,
0.00065600564,
-6.7940244E-005,
-0.00017520667,
0.0010886284,
0.00075807486,
-0.00092584477,
-0.00085763348,
7.1057999E-005,
-0.00060562149,
-0.0012877679,
-0.000229043,
0.0011333213,
0.00077286037,
-0.00043845936,
-0.00015746534,
0.00080381613,
0.0005488969,
-0.0001489164,
-0.00023646859,
-0.00015754413,
0.00016598438,
0.00025354919,
-0.00032362007,
-0.00017553831,
0.00045305301,
-1.245217E-005,
-0.00071416103,
-0.00036510814,
0.00064690021,
0.0010210945,
0.00014986157,
-0.000649394,
-0.00049040763,
-0.00053989509,
-0.00010027843,
0.0011172643,
0.0010604265,
-0.00022631543,
-0.0009692852,
-0.00069981732,
-0.00065365055,
-0.00085695693,
0.00024511456,
0.0012370449,
0.000535784,
-0.0004487907,
-0.00087569689,
-0.00057089288,
0.00022555173,
0.00054575881,
0.00042838042,
0.00026327829,
-0.00012036178,
-2.0093696E-005,
-9.8727236E-005,
-0.00087076577,
-0.00063611905,
0.00032536878,
0.00049569173,
-5.6965902E-005,
-0.00075575465,
-0.00062117277,
0.0003769114,
0.00037684853,
-0.00051882624,
8.3251012E-005,
0.0011214906,
0.00028611146,
-0.00086790248,
-7.2691138E-005,
0.0012996979,
0.0011515646,
-0.00033854131,
-0.0010791455,
0.00034432102,
0.0013302546,
0.00055246596,
-0.00020434619,
-0.00048719998,
-0.00060138287,
-0.00015661723,
0.00039176698,
0.00043405526,
-0.00010626823,
-0.00025215253,
0.00025381029,
0.00013457681,
-0.00090004323,
-0.0010613896,
1.6462423E-005,
0.00038489208,
0.00025690714,
0.00032581601,
-2.1533993E-005,
-0.00028118445,
-0.00027328994,
-0.00034924111,
9.306617E-005,
0.0004085392,
7.2546325E-005,
-0.00012455317,
2.9133453E-005,
0.00024432834,
0.00043677623,
0.00033952337,
-0.00045456644,
-0.0010395917,
-0.00017810891,
0.00041233815,
-0.00060264784,
-0.00050839316,
0.00080542546,
0.0012013629,
0.00075408723,
0.00025817429,
0.00012979192,
4.5958357E-005,
-0.00070607523,
-0.00087623857,
0.00026158607,
0.00086709717,
8.156916E-006,
-0.00042830134,
0.00031934073,
0.00034948732,
-0.0001338812,
-6.385897E-005,
-0.0003469034,
-0.00068568933,
-0.00045151572,
0.00024424877,
0.0007329121,
0.00038301595,
-0.00024796426,
-0.00022289813,
-0.00043493981,
-0.00065913715,
0.00038634901,
0.0015487454,
0.0011744361,
1.9066216E-005,
-0.00084942667,
-0.0010607023,
-0.00050451834,
-5.7648653E-005,
0.00020798533,
0.00047573785,
0.00036935249,
0.00018837537,
-0.00047186823,
-0.0013068392,
-0.00071936846,
0.00061608356