-0.000000,
-0.000000,
0.000000,
0.000000,
-0.000000,
-0.000000,
-0.000000,
0.000000,
0.000000,
-0.000000,
-0.000000,
0.000000,
0.000000,
-0.000000,
-0.000000,
-0.000000,
0.000000,
0.000000,
-0.000000,
-0.000000,
0.000000,
0.000001,
0.000000,
-0.000001,
-0.000001,
0.000001,
0.000001,
-0.000001,
-0.000002,
0.000000,
0.000002,
0.000001,
-0.000003,
-0.000003,
0.000002,
0.000004,
-0.000001,
-0.000005,
-0.000001,
0.000006,
0.000004,
-0.000006,
-0.000008,
0.000003,
0.000011,
0.000001,
-0.000013,
-0.000006,
0.000013,
0.000013,
-0.000011,
-0.000021,
0.000003,
0.000026,
0.000008,
-0.000026,
-0.000020,
0.000024,
0.000033,
-0.000015,
-0.000047,
-0.000004,
0.000053,
0.000029,
-0.000048,
-0.000053,
0.000035,
0.000076,
-0.000010,
-0.000095,
-0.000031,
0.000097,
0.000079,
-0.000075,
-0.000120,
0.000036,
0.000153,
0.000020,
-0.000170,
-0.000098,
0.000154,
0.000181,
-0.000094,
-0.000243,
0.000005,
0.000276,
0.000106,
-0.000273,
-0.000238,
0.000210,
0.000363,
-0.000079,
-0.000440,
-0.000097,
0.000450,
0.000293,
-0.000388,
-0.000494,
0.000230,
0.000656,
0.000024,
-0.000722,
-0.000332,
0.000662,
0.000644,
-0.000471,
-0.000913,
0.000145,
0.001081,
0.000294,
-0.001078,
-0.000781,
0.000863,
0.001225,
-0.000440,
-0.001533,
-0.000152,
0.001627,
0.000842,
-0.001448,
-0.001535,
0.000955,
0.002095,
-0.000164,
-0.002361,
-0.000809,
0.002235,
0.001796,
-0.001710,
-0.002672,
0.000778,
0.003271,
0.000534,
-0.003341,
-0.001995,
0.002766,
0.003278,
-0.001661,
-0.004226,
0.000107,
0.004691,
0.001863,
-0.004327,
-0.003875,
0.002990,
0.005363,
-0.001015,
-0.006143,
-0.001331,
0.006179,
0.004025,
-0.005053,
-0.006557,
0.002578,
0.008029,
0.000577,
-0.008235,
-0.003815,
0.007410,
0.007160,
-0.005133,
-0.010026,
0.001134,
0.011101,
0.003471,
-0.010152,
-0.007570,
0.007906,
0.011273,
-0.004078,
-0.014079,
-0.001752,
0.014210,
0.007957,
-0.011373,
-0.012676,
0.007065,
0.016164,
-0.001361,
-0.018271,
-0.006415,
0.016771,
0.014146,
-0.011242,
-0.018986,
0.004236,
0.021370,
0.003487,
-0.021898,
-0.013003,
0.018021,
0.021872,
-0.009051,
-0.026051,
-0.001154,
0.026154,
0.010747,
-0.024040,
-0.021365,
0.017099,
0.030601,
-0.004171,
-0.033089,
-0.009451,
0.029549,
0.020382,
-0.023665,
-0.030968,
0.013188,
0.039404,
0.003786,
-0.039022,
-0.020612,
0.030475,
0.031925,
-0.019805,
-0.040867,
0.005699,
0.047006,
0.014807,
-0.042592,
-0.034083,
0.027916,
0.044427,
-0.011770,
-0.049768,
-0.005545,
0.051930,
0.028360,
-0.042546,
-0.048747,
0.021143,
0.056501,
0.000632,
-0.056170,
-0.020149,
0.052726,
0.043342,
-0.037884,
-0.062982,
0.009927,
0.066462,
0.016920,
-0.058606,
-0.037069,
0.048256,
0.058154,
-0.028110,
-0.074845,
-0.005292,
0.072574,
0.035870,
-0.055921,
-0.054660,
0.037988,
0.070880,
-0.013438,
-0.082365,
-0.023343,
0.073357,
0.055580,
-0.047551,
-0.070846,
0.022212,
0.079584,
0.005103,
-0.083901,
-0.042402,
0.067910,
0.073695,
-0.033735,
-0.083419,
0.002143,
0.082651,
0.025709,
-0.078501,
-0.060213,
0.056166,
0.087762,
-0.015594,
-0.090417,
-0.020160,
0.079126,
0.046011,
-0.066174,
-0.074431,
0.039031,
0.095663,
0.004952,
-0.090511,
-0.042059,
0.068966,
0.063424,
-0.048009,
-0.083026,
0.018336,
0.096033,
0.025443,
-0.083310,
-0.060750,
0.053136,
0.075590,
-0.026080,
-0.084675,
-0.003398,
0.088578,
0.043264,
-0.069523,
-0.073763,
0.033513,
0.080816,
-0.003140,
-0.079046,
-0.023361,
0.074202,
0.056104,
-0.050908,
-0.079430,
0.012605,
0.078431,
0.017842,
-0.066897,
-0.038949,
0.054889,
0.062380,
-0.030005,
-0.077226,
-0.006877,
0.068954,
0.034234,
-0.049980,
-0.048255,
0.033366,
0.061541,
-0.009692,
-0.067894,
-0.022512,
0.054035,
0.044240,
-0.030723,
-0.050442,
0.012584,
0.054172,
0.007356,
-0.053298,
-0.032614,
0.036152,
0.047249,
-0.011779,
-0.045921,
-0.004863,
0.041867,
0.019184,
-0.036044,
-0.036531,
0.018133,
0.043932,
0.004483,
-0.036263,
-0.017250,
0.026903,
0.024948,
-0.018919,
-0.034742,
0.002576,
0.036057,
0.016426,
-0.023867,
-0.024051,
0.011762,
0.025073,
-0.004299,
-0.028708,
-0.008683,
0.026063,
0.023433,
-0.011437,
-0.025996,
-0.001377,
0.021132,
0.006362,
-0.020517,
-0.014958,
0.016471,
0.025973,
-0.001382,
-0.024831,
-0.011075,
0.015473,
0.012817,
-0.012404,
-0.016834,
0.009282,
0.025428,
0.004728,
-0.022841,
-0.016893,
0.010661,
0.016022,
-0.006246,
-0.016013,
0.005499,
0.023716,
0.006520,
-0.022243,
-0.019419,
0.008859,
0.017842,
-0.003154,
-0.014893,
0.004892,
0.022806,
0.004912,
-0.024579,
-0.020065,
0.011285,
0.020516,
-0.003258,
-0.015970,
0.006077,
0.024236,
0.001903,
-0.030287,
-0.020668,
0.017886,
0.026027,
-0.005712,
-0.021214,
0.006874,
0.028739,
0.000108,
-0.038522,
-0.023013,
0.027286,
0.035515,
-0.008946,
-0.031539,
0.004888,
0.036070,
0.002145,
-0.047299,
-0.028363,
0.037043,
0.048877,
-0.011070,
-0.046517,
-0.001853,
0.045065,
0.010013,
-0.053903,
-0.037134,
0.044134,
0.064651,
-0.010363,
-0.064381,
-0.014349,
0.053923,
0.024643,
-0.055446,
-0.048761,
0.045534,
0.080168,
-0.005710,
-0.082334,
-0.032316,
0.060636,
0.045769,
-0.049355,
-0.061811,
0.038637,
0.091864,
0.003104,
-0.097058,
-0.054234,
0.063467,
0.072401,
-0.033341,
-0.074290,
0.020979,
0.095201,
0.015311,
-0.105161,
-0.077929,
0.061370,
0.104977,
-0.003021,
-0.084097,
-0.013631,
0.081167,
0.029307,
-0.102271,
-0.103164,
0.054249,
0.162509,
0.076887,
-0.089490,
-0.142026,
-0.057345,
0.042996,
0.085553,
0.085553,
0.042996,
-0.057345,
-0.142026,
-0.089490,
0.076887,
0.162509,
0.054249,
-0.103164,
-0.102271,
0.029307,
0.081167,
-0.013631,
-0.084097,
-0.003021,
0.104977,
0.061370,
-0.077929,
-0.105161,
0.015311,
0.095201,
0.020979,
-0.074290,
-0.033341,
0.072401,
0.063467,
-0.054234,
-0.097058,
0.003104,
0.091864,
0.038637,
-0.061811,
-0.049355,
0.045769,
0.060636,
-0.032316,
-0.082334,
-0.005710,
0.080168,
0.045534,
-0.048761,
-0.055446,
0.024643,
0.053923,
-0.014349,
-0.064381,
-0.010363,
0.064651,
0.044134,
-0.037134,
-0.053903,
0.010013,
0.045065,
-0.001853,
-0.046517,
-0.011070,
0.048877,
0.037043,
-0.028363,
-0.047299,
0.002145,
0.036070,
0.004888,
-0.031539,
-0.008946,
0.035515,
0.027286,
-0.023013,
-0.038522,
0.000108,
0.028739,
0.006874,
-0.021214,
-0.005712,
0.026027,
0.017886,
-0.020668,
-0.030287,
0.001903,
0.024236,
0.006077,
-0.015970,
-0.003258,
0.020516,
0.011285,
-0.020065,
-0.024579,
0.004912,
0.022806,
0.004892,
-0.014893,
-0.003154,
0.017842,
0.008859,
-0.019419,
-0.022243,
0.006520,
0.023716,
0.005499,
-0.016013,
-0.006246,
0.016022,
0.010661,
-0.016893,
-0.022841,
0.004728,
0.025428,
0.009282,
-0.016834,
-0.012404,
0.012817,
0.015473,
-0.011075,
-0.024831,
-0.001382,
0.025973,
0.016471,
-0.014958,
-0.020517,
0.006362,
0.021132,
-0.001377,
-0.025996,
-0.011437,
0.023433,
0.026063,
-0.008683,
-0.028708,
-0.004299,
0.025073,
0.011762,
-0.024051,
-0.023867,
0.016426,
0.036057,
0.002576,
-0.034742,
-0.018919,
0.024948,
0.026903,
-0.017250,
-0.036263,
0.004483,
0.043932,
0.018133,
-0.036531,
-0.036044,
0.019184,
0.041867,
-0.004863,
-0.045921,
-0.011779,
0.047249,
0.036152,
-0.032614,
-0.053298,
0.007356,
0.054172,
0.012584,
-0.050442,
-0.030723,
0.044240,
0.054035,
-0.022512,
-0.067894,
-0.009692,
0.061541,
0.033366,
-0.048255,
-0.049980,
0.034234,
0.068954,
-0.006877,
-0.077226,
-0.030005,
0.062380,
0.054889,
-0.038949,
-0.066897,
0.017842,
0.078431,
0.012605,
-0.079430,
-0.050908,
0.056104,
0.074202,
-0.023361,
-0.079046,
-0.003140,
0.080816,
0.033513,
-0.073763,
-0.069523,
0.043264,
0.088578,
-0.003398,
-0.084675,
-0.026080,
0.075590,
0.053136,
-0.060750,
-0.083310,
0.025443,
0.096033,
0.018336,
-0.083026,
-0.048009,
0.063424,
0.068966,
-0.042059,
-0.090511,
0.004952,
0.095663,
0.039031,
-0.074431,
-0.066174,
0.046011,
0.079126,
-0.020160,
-0.090417,
-0.015594,
0.087762,
0.056166,
-0.060213,
-0.078501,
0.025709,
0.082651,
0.002143,
-0.083419,
-0.033735,
0.073695,
0.067910,
-0.042402,
-0.083901,
0.005103,
0.079584,
0.022212,
-0.070846,
-0.047551,
0.055580,
0.073357,
-0.023343,
-0.082365,
-0.013438,
0.070880,
0.037988,
-0.054660,
-0.055921,
0.035870,
0.072574,
-0.005292,
-0.074845,
-0.028110,
0.058154,
0.048256,
-0.037069,
-0.058606,
0.016920,
0.066462,
0.009927,
-0.062982,
-0.037884,
0.043342,
0.052726,
-0.020149,
-0.056170,
0.000632,
0.056501,
0.021143,
-0.048747,
-0.042546,
0.028360,
0.051930,
-0.005545,
-0.049768,
-0.011770,
0.044427,
0.027916,
-0.034083,
-0.042592,
0.014807,
0.047006,
0.005699,
-0.040867,
-0.019805,
0.031925,
0.030475,
-0.020612,
-0.039022,
0.003786,
0.039404,
0.013188,
-0.030968,
-0.023665,
0.020382,
0.029549,
-0.009451,
-0.033089,
-0.004171,
0.030601,
0.017099,
-0.021365,
-0.024040,
0.010747,
0.026154,
-0.001154,
-0.026051,
-0.009051,
0.021872,
0.018021,
-0.013003,
-0.021898,
0.003487,
0.021370,
0.004236,
-0.018986,
-0.011242,
0.014146,
0.016771,
-0.006415,
-0.018271,
-0.001361,
0.016164,
0.007065,
-0.012676,
-0.011373,
0.007957,
0.014210,
-0.001752,
-0.014079,
-0.004078,
0.011273,
0.007906,
-0.007570,
-0.010152,
0.003471,
0.011101,
0.001134,
-0.010026,
-0.005133,
0.007160,
0.007410,
-0.003815,
-0.008235,
0.000577,
0.008029,
0.002578,
-0.006557,
-0.005053,
0.004025,
0.006179,
-0.001331,
-0.006143,
-0.001015,
0.005363,
0.002990,
-0.003875,
-0.004327,
0.001863,
0.004691,
0.000107,
-0.004226,
-0.001661,
0.003278,
0.002766,
-0.001995,
-0.003341,
0.000534,
0.003271,
0.000778,
-0.002672,
-0.001710,
0.001796,
0.002235,
-0.000809,
-0.002361,
-0.000164,
0.002095,
0.000955,
-0.001535,
-0.001448,
0.000842,
0.001627,
-0.000152,
-0.001533,
-0.000440,
0.001225,
0.000863,
-0.000781,
-0.001078,
0.000294,
0.001081,
0.000145,
-0.000913,
-0.000471,
0.000644,
0.000662,
-0.000332,
-0.000722,
0.000024,
0.000656,
0.000230,
-0.000494,
-0.000388,
0.000293,
0.000450,
-0.000097,
-0.000440,
-0.000079,
0.000363,
0.000210,
-0.000238,
-0.000273,
0.000106,
0.000276,
0.000005,
-0.000243,
-0.000094,
0.000181,
0.000154,
-0.000098,
-0.000170,
0.000020,
0.000153,
0.000036,
-0.000120,
-0.000075,
0.000079,
0.000097,
-0.000031,
-0.000095,
-0.000010,
0.000076,
0.000035,
-0.000053,
-0.000048,
0.000029,
0.000053,
-0.000004,
-0.000047,
-0.000015,
0.000033,
0.000024,
-0.000020,
-0.000026,
0.000008,
0.000026,
0.000003,
-0.000021,
-0.000011,
0.000013,
0.000013,
-0.000006,
-0.000013,
0.000001,
0.000011,
0.000003,
-0.000008,
-0.000006,
0.000004,
0.000006,
-0.000001,
-0.000005,
-0.000001,
0.000004,
0.000002,
-0.000003,
-0.000003,
0.000001,
0.000002,
0.000000,
-0.000002,
-0.000001,
0.000001,
0.000001,
-0.000001,
-0.000001,
0.000000,
0.000001,
0.000000,
-0.000000,
-0.000000,
0.000000,
0.000000,
-0.000000,
-0.000000,
-0.000000,
0.000000,
0.000000,
-0.000000,
-0.000000,
0.000000,
0.000000,
-0.000000,
-0.000000,
-0.000000,
0.000000,
0.000000,
-0.000000,
-0.000000,
