0.000028,
0.000034,
0.000038,
0.000043,
0.000046,
0.000049,
0.000051,
0.000052,
0.000052,
0.000051,
0.000050,
0.000047,
0.000044,
0.000040,
0.000035,
0.000030,
0.000024,
0.000018,
0.000011,
0.000004,
-0.000004,
-0.000011,
-0.000018,
-0.000025,
-0.000032,
-0.000038,
-0.000044,
-0.000048,
-0.000053,
-0.000056,
-0.000059,
-0.000060,
-0.000061,
-0.000060,
-0.000059,
-0.000056,
-0.000052,
-0.000048,
-0.000042,
-0.000036,
-0.000029,
-0.000021,
-0.000013,
-0.000004,
0.000004,
0.000013,
0.000022,
0.000031,
0.000039,
0.000047,
0.000055,
0.000061,
0.000067,
0.000071,
0.000074,
0.000077,
0.000077,
0.000077,
0.000075,
0.000072,
0.000068,
0.000062,
0.000055,
0.000047,
0.000038,
0.000028,
0.000017,
0.000006,
-0.000006,
-0.000018,
-0.000029,
-0.000041,
-0.000052,
-0.000063,
-0.000072,
-0.000081,
-0.000089,
-0.000095,
-0.000099,
-0.000102,
-0.000104,
-0.000103,
-0.000101,
-0.000097,
-0.000091,
-0.000083,
-0.000074,
-0.000063,
-0.000051,
-0.000037,
-0.000023,
-0.000008,
0.000008,
0.000024,
0.000040,
0.000056,
0.000071,
0.000085,
0.000098,
0.000110,
0.000120,
0.000128,
0.000135,
0.000139,
0.000140,
0.000140,
0.000137,
0.000131,
0.000123,
0.000113,
0.000100,
0.000085,
0.000069,
0.000051,
0.000031,
0.000011,
-0.000011,
-0.000032,
-0.000054,
-0.000075,
-0.000095,
-0.000115,
-0.000132,
-0.000148,
-0.000162,
-0.000173,
-0.000181,
-0.000187,
-0.000189,
-0.000188,
-0.000184,
-0.000176,
-0.000165,
-0.000151,
-0.000134,
-0.000114,
-0.000092,
-0.000068,
-0.000042,
-0.000014,
0.000014,
0.000043,
0.000072,
0.000100,
0.000127,
0.000153,
0.000176,
0.000197,
0.000215,
0.000230,
0.000241,
0.000248,
0.000251,
0.000249,
0.000244,
0.000233,
0.000219,
0.000200,
0.000178,
0.000151,
0.000122,
0.000090,
0.000055,
0.000019,
-0.000019,
-0.000057,
-0.000095,
-0.000132,
-0.000167,
-0.000201,
-0.000231,
-0.000259,
-0.000282,
-0.000301,
-0.000315,
-0.000324,
-0.000328,
-0.000326,
-0.000318,
-0.000304,
-0.000285,
-0.000261,
-0.000231,
-0.000197,
-0.000158,
-0.000116,
-0.000071,
-0.000024,
0.000024,
0.000074,
0.000123,
0.000171,
0.000216,
0.000260,
0.000299,
0.000334,
0.000364,
0.000389,
0.000407,
0.000418,
0.000422,
0.000419,
0.000409,
0.000391,
0.000366,
0.000335,
0.000297,
0.000252,
0.000203,
0.000149,
0.000091,
0.000031,
-0.000031,
-0.000094,
-0.000157,
-0.000218,
-0.000276,
-0.000331,
-0.000381,
-0.000426,
-0.000464,
-0.000495,
-0.000517,
-0.000531,
-0.000537,
-0.000533,
-0.000519,
-0.000497,
-0.000465,
-0.000425,
-0.000376,
-0.000320,
-0.000257,
-0.000189,
-0.000116,
-0.000039,
0.000039,
0.000119,
0.000198,
0.000275,
0.000349,
0.000418,
0.000481,
0.000537,
0.000584,
0.000623,
0.000651,
0.000669,
0.000675,
0.000670,
0.000653,
0.000624,
0.000584,
0.000533,
0.000472,
0.000401,
0.000322,
0.000237,
0.000145,
0.000049,
-0.000049,
-0.000149,
-0.000248,
-0.000344,
-0.000436,
-0.000522,
-0.000601,
-0.000671,
-0.000730,
-0.000778,
-0.000814,
-0.000835,
-0.000843,
-0.000836,
-0.000815,
-0.000779,
-0.000729,
-0.000665,
-0.000588,
-0.000500,
-0.000402,
-0.000295,
-0.000181,
-0.000061,
0.000062,
0.000185,
0.000308,
0.000428,
0.000543,
0.000650,
0.000748,
0.000835,
0.000909,
0.000968,
0.001012,
0.001039,
0.001048,
0.001039,
0.001013,
0.000968,
0.000905,
0.000826,
0.000731,
0.000622,
0.000499,
0.000366,
0.000224,
0.000076,
-0.000077,
-0.000230,
-0.000383,
-0.000532,
-0.000674,
-0.000808,
-0.000929,
-0.001037,
-0.001129,
-0.001203,
-0.001257,
-0.001291,
-0.001303,
-0.001292,
-0.001259,
-0.001203,
-0.001126,
-0.001027,
-0.000909,
-0.000773,
-0.000621,
-0.000456,
-0.000279,
-0.000094,
0.000095,
0.000287,
0.000477,
0.000663,
0.000840,
0.001007,
0.001159,
0.001293,
0.001408,
0.001501,
0.001569,
0.001612,
0.001627,
0.001614,
0.001573,
0.001504,
0.001408,
0.001285,
0.001138,
0.000968,
0.000778,
0.000571,
0.000350,
0.000118,
-0.000120,
-0.000360,
-0.000599,
-0.000833,
-0.001057,
-0.001266,
-0.001458,
-0.001629,
-0.001775,
-0.001892,
-0.001980,
-0.002035,
-0.002055,
-0.002041,
-0.001990,
-0.001904,
-0.001784,
-0.001630,
-0.001444,
-0.001229,
-0.000989,
-0.000726,
-0.000445,
-0.000151,
0.000153,
0.000460,
0.000766,
0.001065,
0.001352,
0.001623,
0.001870,
0.002091,
0.002281,
0.002435,
0.002550,
0.002624,
0.002654,
0.002638,
0.002576,
0.002468,
0.002315,
0.002118,
0.001879,
0.001602,
0.001291,
0.000949,
0.000583,
0.000198,
-0.000200,
-0.000605,
-0.001009,
-0.001406,
-0.001788,
-0.002149,
-0.002483,
-0.002781,
-0.003039,
-0.003251,
-0.003412,
-0.003518,
-0.003566,
-0.003553,
-0.003477,
-0.003340,
-0.003140,
-0.002879,
-0.002561,
-0.002190,
-0.001769,
-0.001304,
-0.000804,
-0.000273,
0.000278,
0.000841,
0.001408,
0.001968,
0.002511,
0.003029,
0.003511,
0.003948,
0.004330,
0.004650,
0.004901,
0.005074,
0.005165,
0.005169,
0.005083,
0.004904,
0.004633,
0.004271,
0.003819,
0.003283,
0.002667,
0.001978,
0.001226,
0.000420,
-0.000429,
-0.001309,
-0.002205,
-0.003105,
-0.003993,
-0.004854,
-0.005673,
-0.006434,
-0.007121,
-0.007719,
-0.008214,
-0.008591,
-0.008839,
-0.008946,
-0.008900,
-0.008694,
-0.008321,
-0.007775,
-0.007054,
-0.006155,
-0.005081,
-0.003834,
-0.002419,
-0.000845,
0.000881,
0.002745,
0.004736,
0.006837,
0.009032,
0.011302,
0.013628,
0.015990,
0.018366,
0.020734,
0.023072,
0.025357,
0.027568,
0.029683,
0.031681,
0.033542,
0.035247,
0.036780,
0.038124,
0.039265,
0.040193,
0.040898,
0.041371,
0.041609,
0.041609,
0.041371,
0.040898,
0.040193,
0.039265,
0.038124,
0.036780,
0.035247,
0.033542,
0.031681,
0.029683,
0.027568,
0.025357,
0.023072,
0.020734,
0.018366,
0.015990,
0.013628,
0.011302,
0.009032,
0.006837,
0.004736,
0.002745,
0.000881,
-0.000845,
-0.002419,
-0.003834,
-0.005081,
-0.006155,
-0.007054,
-0.007775,
-0.008321,
-0.008694,
-0.008900,
-0.008946,
-0.008839,
-0.008591,
-0.008214,
-0.007719,
-0.007121,
-0.006434,
-0.005673,
-0.004854,
-0.003993,
-0.003105,
-0.002205,
-0.001309,
-0.000429,
0.000420,
0.001226,
0.001978,
0.002667,
0.003283,
0.003819,
0.004271,
0.004633,
0.004904,
0.005083,
0.005169,
0.005165,
0.005074,
0.004901,
0.004650,
0.004330,
0.003948,
0.003511,
0.003029,
0.002511,
0.001968,
0.001408,
0.000841,
0.000278,
-0.000273,
-0.000804,
-0.001304,
-0.001769,
-0.002190,
-0.002561,
-0.002879,
-0.003140,
-0.003340,
-0.003477,
-0.003553,
-0.003566,
-0.003518,
-0.003412,
-0.003251,
-0.003039,
-0.002781,
-0.002483,
-0.002149,
-0.001788,
-0.001406,
-0.001009,
-0.000605,
-0.000200,
0.000198,
0.000583,
0.000949,
0.001291,
0.001602,
0.001879,
0.002118,
0.002315,
0.002468,
0.002576,
0.002638,
0.002654,
0.002624,
0.002550,
0.002435,
0.002281,
0.002091,
0.001870,
0.001623,
0.001352,
0.001065,
0.000766,
0.000460,
0.000153,
-0.000151,
-0.000445,
-0.000726,
-0.000989,
-0.001229,
-0.001444,
-0.001630,
-0.001784,
-0.001904,
-0.001990,
-0.002041,
-0.002055,
-0.002035,
-0.001980,
-0.001892,
-0.001775,
-0.001629,
-0.001458,
-0.001266,
-0.001057,
-0.000833,
-0.000599,
-0.000360,
-0.000120,
0.000118,
0.000350,
0.000571,
0.000778,
0.000968,
0.001138,
0.001285,
0.001408,
0.001504,
0.001573,
0.001614,
0.001627,
0.001612,
0.001569,
0.001501,
0.001408,
0.001293,
0.001159,
0.001007,
0.000840,
0.000663,
0.000477,
0.000287,
0.000095,
-0.000094,
-0.000279,
-0.000456,
-0.000621,
-0.000773,
-0.000909,
-0.001027,
-0.001126,
-0.001203,
-0.001259,
-0.001292,
-0.001303,
-0.001291,
-0.001257,
-0.001203,
-0.001129,
-0.001037,
-0.000929,
-0.000808,
-0.000674,
-0.000532,
-0.000383,
-0.000230,
-0.000077,
0.000076,
0.000224,
0.000366,
0.000499,
0.000622,
0.000731,
0.000826,
0.000905,
0.000968,
0.001013,
0.001039,
0.001048,
0.001039,
0.001012,
0.000968,
0.000909,
0.000835,
0.000748,
0.000650,
0.000543,
0.000428,
0.000308,
0.000185,
0.000062,
-0.000061,
-0.000181,
-0.000295,
-0.000402,
-0.000500,
-0.000588,
-0.000665,
-0.000729,
-0.000779,
-0.000815,
-0.000836,
-0.000843,
-0.000835,
-0.000814,
-0.000778,
-0.000730,
-0.000671,
-0.000601,
-0.000522,
-0.000436,
-0.000344,
-0.000248,
-0.000149,
-0.000049,
0.000049,
0.000145,
0.000237,
0.000322,
0.000401,
0.000472,
0.000533,
0.000584,
0.000624,
0.000653,
0.000670,
0.000675,
0.000669,
0.000651,
0.000623,
0.000584,
0.000537,
0.000481,
0.000418,
0.000349,
0.000275,
0.000198,
0.000119,
0.000039,
-0.000039,
-0.000116,
-0.000189,
-0.000257,
-0.000320,
-0.000376,
-0.000425,
-0.000465,
-0.000497,
-0.000519,
-0.000533,
-0.000537,
-0.000531,
-0.000517,
-0.000495,
-0.000464,
-0.000426,
-0.000381,
-0.000331,
-0.000276,
-0.000218,
-0.000157,
-0.000094,
-0.000031,
0.000031,
0.000091,
0.000149,
0.000203,
0.000252,
0.000297,
0.000335,
0.000366,
0.000391,
0.000409,
0.000419,
0.000422,
0.000418,
0.000407,
0.000389,
0.000364,
0.000334,
0.000299,
0.000260,
0.000216,
0.000171,
0.000123,
0.000074,
0.000024,
-0.000024,
-0.000071,
-0.000116,
-0.000158,
-0.000197,
-0.000231,
-0.000261,
-0.000285,
-0.000304,
-0.000318,
-0.000326,
-0.000328,
-0.000324,
-0.000315,
-0.000301,
-0.000282,
-0.000259,
-0.000231,
-0.000201,
-0.000167,
-0.000132,
-0.000095,
-0.000057,
-0.000019,
0.000019,
0.000055,
0.000090,
0.000122,
0.000151,
0.000178,
0.000200,
0.000219,
0.000233,
0.000244,
0.000249,
0.000251,
0.000248,
0.000241,
0.000230,
0.000215,
0.000197,
0.000176,
0.000153,
0.000127,
0.000100,
0.000072,
0.000043,
0.000014,
-0.000014,
-0.000042,
-0.000068,
-0.000092,
-0.000114,
-0.000134,
-0.000151,
-0.000165,
-0.000176,
-0.000184,
-0.000188,
-0.000189,
-0.000187,
-0.000181,
-0.000173,
-0.000162,
-0.000148,
-0.000132,
-0.000115,
-0.000095,
-0.000075,
-0.000054,
-0.000032,
-0.000011,
0.000011,
0.000031,
0.000051,
0.000069,
0.000085,
0.000100,
0.000113,
0.000123,
0.000131,
0.000137,
0.000140,
0.000140,
0.000139,
0.000135,
0.000128,
0.000120,
0.000110,
0.000098,
0.000085,
0.000071,
0.000056,
0.000040,
0.000024,
0.000008,
-0.000008,
-0.000023,
-0.000037,
-0.000051,
-0.000063,
-0.000074,
-0.000083,
-0.000091,
-0.000097,
-0.000101,
-0.000103,
-0.000104,
-0.000102,
-0.000099,
-0.000095,
-0.000089,
-0.000081,
-0.000072,
-0.000063,
-0.000052,
-0.000041,
-0.000029,
-0.000018,
-0.000006,
0.000006,
0.000017,
0.000028,
0.000038,
0.000047,
0.000055,
0.000062,
0.000068,
0.000072,
0.000075,
0.000077,
0.000077,
0.000077,
0.000074,
0.000071,
0.000067,
0.000061,
0.000055,
0.000047,
0.000039,
0.000031,
0.000022,
0.000013,
0.000004,
-0.000004,
-0.000013,
-0.000021,
-0.000029,
-0.000036,
-0.000042,
-0.000048,
-0.000052,
-0.000056,
-0.000059,
-0.000060,
-0.000061,
-0.000060,
-0.000059,
-0.000056,
-0.000053,
-0.000048,
-0.000044,
-0.000038,
-0.000032,
-0.000025,
-0.000018,
-0.000011,
-0.000004,
0.000004,
0.000011,
0.000018,
0.000024,
0.000030,
0.000035,
0.000040,
0.000044,
0.000047,
0.000050,
0.000051,
0.000052,
0.000052,
0.000051,
0.000049,
0.000046,
0.000043,
0.000038,
0.000034,
0.000028,
