-0.034024112
-0.0307354
-0.027165504
-0.023341293
-0.019293332
-0.015055185
-0.010660511
-0.0061469134
-0.0015529006
0.0030832794
0.0077207414
0.012321161
0.016844777
0.021248166
0.025497604
0.029550342
0.033372607
0.036932856
0.040192444
0.043129381
0.045712523
0.047921617
0.049732815
0.051130693
0.052106377
0.052651975
0.052758493
0.052423816
0.051656317
0.050469011
0.048864931
0.046864003
0.044484105
0.041754395
0.038697019
0.035344169
0.031730514
0.027889496
0.02386128
0.019686414
0.01540653
0.011065088
0.0067037214
0.0023684097
-0.0018975113
-0.0060500801
-0.010049915
-0.013853947
-0.017422965
-0.020721311
-0.023715707
-0.026373595
-0.028671468
-0.030577915
-0.032082092
-0.033160046
-0.033802621
-0.034005459
-0.03376754
-0.033080433
-0.031958871
-0.030411923
-0.028455894
-0.026107745
-0.023393076
-0.020339722
-0.016977167
-0.013340318
-0.0094664209
-0.0053951582
-0.0011695363
0.0031671806
0.0075697037
0.011992132
0.016386889
0.02070942
0.024910918
0.028948436
0.0327788
0.036359411
0.039650381
0.042615511
0.045221504
0.04743927
0.049237724
0.05059687
0.051503979
0.051939715
0.051893778
0.051365118
0.050351009
0.048859764
0.046899267
0.044487648
0.041638676
0.038377564
0.034731902
0.030732155
0.026417008
0.021818515
0.016980113
0.011947671
0.0067621088
0.001473156
-0.0038724735
-0.0092257829
-0.014538146
-0.019761603
-0.024847716
-0.029751236
-0.034426745
-0.038833216
-0.042928647
-0.046672303
-0.050036695
-0.052995548
-0.05551425
-0.05756966
-0.059152972
-0.060243495
-0.060836427
-0.060926568
-0.06051553
-0.059608217
-0.058218576
-0.056352425
-0.054036088
-0.05129496
-0.048157476
-0.044643179
-0.040791348
-0.036647364
-0.032244451
-0.027622029
-0.022831084
-0.017912339
-0.012914697
-0.0078836838
-0.0028639724
0.002094696
0.0069466848
0.011650244
0.016161013
0.020439165
0.024444966
0.02814585
0.031507786
0.034501914
0.037102778
0.039291356
0.04104856
0.042361185
0.043221071
0.043623991
0.043567777
0.043059353
0.042105582
0.040717591
0.038912974
0.036711194
0.03413773
0.031216351
0.027978899
0.024455162
0.020684244
0.016696965
0.01253773
0.0082425317
0.0038518121
-0.00059214066
-0.0050490815
-0.0094782645
-0.013838693
-0.018091483
-0.022199525
-0.026127161
-0.029839505
-0.033304039
-0.036493167
-0.03938029
-0.041940242
-0.044153325
-0.04600228
-0.047472764
-0.048557784
-0.04924845
-0.049537424
-0.049431529
-0.04893085
-0.048042037
-0.046776872
-0.045147613
-0.043169983
-0.040860895
-0.038241807
-0.035341933
-0.0321844
-0.028794603
-0.025195641
-0.021426497
-0.017514732
-0.013491448
-0.0093879309
-0.005239239
-0.0010740219
0.0030761512
0.0071792714
0.01120568
0.015127908
0.018918015
0.022549191
0.026000574
0.029245993
0.032267615
0.035047852
0.037568066
0.039816588
0.041782659
0.043454811
0.044826563
0.045895435
0.046657711
0.047113534
0.047264967
0.047114868
0.04667009
0.045939323
0.044934675
0.04366247
0.042133301
0.040367913
0.038385704
0.036191247
0.03380743
0.031251967
0.028545659
0.025705751
0.022751523
0.0197047
0.016583135
0.013409656
0.010202746
0.0069809216
0.003763814
0.00057213608
-0.0025757805
-0.0056633297
-0.0086737992
-0.011589642
-0.0143949
-0.017073762
-0.019614944
-0.022004999
-0.024231059
-0.026280722
-0.028143559
-0.029815806
-0.031285599
-0.032542348
-0.033589903
-0.034415688
-0.035019115
-0.035398871
-0.035550039
-0.035477627
-0.03518552
-0.034668375
-0.033930857
-0.032983966
-0.031830743
-0.030477783
-0.028933378
-0.027209157
-0.025314432
-0.023261078
-0.021063482
-0.018735159
-0.016290559
-0.013745332
-0.01111763
-0.0084237698
-0.0056831348
-0.0029139272
-0.00013579476
0.0026316647
0.0053687454
0.0080541698
0.010666829
0.013188417
0.015598859
0.017878555
0.020005938
0.021966018
0.02373969
0.025310293
0.026665758
0.027785702
0.028662598
0.029286364
0.029645648
0.029734153
0.029544074
0.029076355
0.028328052
0.027302254
0.025998484
0.02442589
0.022593245
0.020510368
0.018190401
0.015646398
0.012897336
0.0099647222
0.0068686088
0.0036312959
0.00027791079
-0.0031640234
-0.00666636
-0.010198634
-0.013736219
-0.017245308
-0.020694094
-0.024052398
-0.027287567
-0.030374508
-0.033279002
-0.035972599
-0.038431089
-0.040627062
-0.042539775
-0.044138853
-0.045411479
-0.046336129
-0.046906408
-0.047112562
-0.046934638
-0.046371441
-0.045428637
-0.04410179
-0.042395759
-0.040324759
-0.037894089
-0.035123907
-0.032030962
-0.028640017
-0.024972197
-0.021057136
-0.016925676
-0.012608611
-0.0081425384
-0.0035629221
0.0010920109
0.0057829819
0.010471257
0.015115444
0.019675693
0.024111444
0.028386582
0.032461975
0.036298275
0.039859943
0.043119214
0.046044908
0.048610419
0.05078996
0.052561752
0.053910989
0.054826491
0.055301938
0.055320024
0.054889012
0.05400981
0.052691869
0.050947607
0.048788346
0.046237629
0.043320999
0.040061064
0.036490235
0.032641847
0.028554054
0.024264958
0.01981598
0.015249183
0.01061039
0.0059432252
0.0012933409
-0.003295063
-0.007774631
-0.012102223
-0.016235437
-0.020134402
-0.023757264
-0.027070746
-0.030040218
-0.032635372
-0.034830131
-0.036602404
-0.03793671
-0.038806506
-0.039217472
-0.039161298
-0.038631957
-0.037634667
-0.036179356
-0.034282476
-0.031959165
-0.029232699
-0.0261281
-0.022677092
-0.018913638
-0.014873408
-0.010598048
-0.0061279652
-0.0015095188
0.0032123206
0.0079888869
0.012772945
0.017515263
0.022169147
0.026686218
0.031019231
0.03512571
0.038959533
0.042482741
0.045657281
0.048453622
0.050834127
0.052773483
0.054254457
0.055257108
0.055765145
0.055772889
0.055276174
0.054273658
0.052773748
0.050789591
0.048333749
0.045426518
0.042091832
0.038357086
0.034257658
0.029827777
0.025107911
0.020138875
0.014964731
0.0096329199
0.0041908822
-0.0013135996
-0.0068301712
-0.012309616
-0.01770266
-0.022960288
-0.028037675
-0.032887951
-0.037472259
-0.041740801
-0.045661274
-0.049206138
-0.052341234
-0.055032227
-0.057266608
-0.059023947
-0.060290765
-0.061057743
-0.061322592
-0.061083846
-0.060350459
-0.059130214
-0.057435963
-0.055289742
-0.052719172
-0.04974544
-0.046393808
-0.042709939
-0.038721167
-0.034474898
-0.03000739
-0.025361454
-0.020585367
-0.015721884
-0.010819058
-0.0059211375
-0.0010743124
0.0036763074
0.0082881143
0.012720165
0.016931122
0.020884635
0.02454724
0.027885446
0.03087368
0.03348558
0.035702575
0.037506871
0.038888659
0.03983343
0.040341627
0.040413443
0.040050115
0.039263643
0.038062532
0.036464762
0.034486849
0.032155409
0.029495664
0.026534492
0.0233045
0.019837424
0.01616911
0.012338415
0.0083800443
0.0043349057
0.00023969832
-0.0038638629
-0.0079393815
-0.01194859
-0.015853617
-0.019619836
-0.023212984
-0.026602846
-0.029758427
-0.032652576
-0.035260521
-0.037562992
-0.039540488
-0.04117839
-0.042461574
-0.043385688
-0.043941561
-0.044130851
-0.043951239
-0.043410838
-0.042513531
-0.041271385
-0.039701305
-0.037811924
-0.035625052
-0.033166241
-0.030452522
-0.027512098
-0.024366926
-0.021045228
-0.01758063
-0.013995282
-0.010323189
-0.0065924795
-0.002833348
0.00092394865
0.0046517942
0.008321628
0.011906767
0.015380054
0.018718805
0.021898128
0.024898469
0.027698794
0.030284248
0.032636512
0.034744091
0.036593288
0.038178258
0.039491653
0.04052683
0.041284867
0.041759763
0.041957371
0.041881345
0.041533306
0.040923122
0.040061541
0.038961485
0.037623331
0.036065035
0.034309145
0.032365613
0.030242816
0.027967026
0.02555594
0.023020685
0.02038279
0.017664034
0.014877585
0.012043467
0.0091812005
0.006309852
0.0034441673
0.00060248363
-0.002198613
-0.0049417256
-0.0076117278
-0.010194556
-0.012676728
-0.015043752
-0.017283855
-0.019382859
-0.021334104
-0.023126043
-0.024750039
-0.026197596
-0.027465452
-0.028541043
-0.029426135
-0.030115463
-0.030604323
-0.030892514
-0.030976711
-0.030864181
-0.030550655
-0.030043853
-0.029337818
-0.028444201
-0.027370047
-0.026117504
-0.024700373
-0.023121994
-0.021395123
-0.019529352
-0.017537255
-0.015431317
-0.013224486
-0.010932513
-0.0085695656
-0.0061525218
-0.0036968242
-0.0012198107
0.0012605455
0.0037256856
0.0061582378
0.0085411873
0.010853295
0.013077077
0.015193528
0.017187884
0.019041253
0.020735599
0.022255866
0.02358575
0.024713272
0.025626373
0.026309937
0.026755435
0.026956555
0.026905531
0.026597751
0.026028812
0.025198761
0.024109203
0.022765733
0.021170013
0.019331427
0.017260108
0.014969577
0.012473986
0.0097888093
0.0069314106
0.0039243223
0.00079031772
-0.0024472224
-0.0057643647
-0.0091347182
-0.012528009
-0.015917426
-0.019272745
-0.022565437
-0.025765408
-0.028844075
-0.031765033
-0.034509588
-0.037045609
-0.039346393
-0.041389216
-0.043146215
-0.044602107
-0.045734487
-0.046522792
-0.046959288
-0.047033329
-0.046738684
-0.04605788
-0.045001917
-0.043567169
-0.041763388
-0.039594047
-0.037074067
-0.034215257
-0.031036746
-0.027561802
-0.02381558
-0.019822754
-0.015615415
-0.011225289
-0.0066859256
-0.0020347347
0.002691566
0.007452691
0.012209092
0.016922871
0.021552449
0.026055787
0.030395025
0.034531806
0.038431514
0.042055421
0.045368012
0.048346393
0.050956868
0.053178567
0.054985512
0.056360923
0.057293836
0.057771176
0.057793971
0.057350051
0.056440741
0.055081837
0.053285781
0.051060073
0.048423328
0.045402616
0.042024843
0.038320042
0.034321085
0.03006256
0.025587099
0.020937642
0.016151678
0.011278704
0.0063617933
0.0014492139
-0.0034124593
-0.0081776716
-0.012800708
-0.017235855
-0.021440921
-0.025375476
-0.029001368
-0.032282263
-0.035185188
-0.037682861
-0.039748169
-0.041363079
-0.042507477
-0.043168265
-0.043343455
-0.043030616
-0.042225718
-0.040935811
-0.039176714
-0.036961559
-0.034312628
-0.031254202
-0.027813407
-0.02402515
-0.019926654
-0.015554346
-0.010952465
-0.0061653568
-0.0012389488
0.003778365
0.0088368636
0.013887436
0.018880002
0.023766646
0.028496008
0.033022944
0.03730173
0.041288793
0.044944171
0.048231561
0.051118184
0.053567611
0.055559423
0.057070542
0.058085553
0.058587987
0.058574341
0.05804095
0.05698622
0.055422444
0.053363603
0.050822299
0.047818795
0.044379573
0.040538084
0.036322847
0.031775564
0.026935849
0.021844046
0.016548483
0.0110941
0.0055311709
-9.1105241E-005
-0.0057231165
-0.011314541
-0.016815938
-0.022178123
-0.027354904
-0.032300893
-0.036972307
-0.041327596
-0.045332745
-0.048954785
-0.052162569
-0.054925833
-0.057230335
-0.05905116
-0.060381386
-0.061210923
-0.061535604
-0.061361074
-0.060688179
-0.059529774
-0.057899032
-0.055818483
-0.053314
-0.050408211
-0.047126614
-0.043514438
-0.039604835
-0.035436414
-0.031046635
-0.026484795
-0.021790961
-0.017013865
-0.012195792
-0.0073828101
-0.0026221296
0.0020466996
0.0065774187
0.010931276
0.015068602
0.018952932
0.022552053
0.025834629
0.028773593
0.031346697
0.033533029
0.035316497
0.036690403
0.037640069
0.038166285
0.038266074
0.037949052
0.037218507
0.03609179
0.034581166
0.032708067
0.030492757
0.027965726
0.025150251
0.022077763
0.018783657
0.015300726
0.011665368
0.007913162
0.0040815533
0.00021007078
-0.0036653825
-0.007507015
-0.011279007
-0.014945314
-0.018472623
-0.021828162
-0.024983667
-0.027910303
-0.030582191
-0.03297703
-0.035076354
-0.036861822
-0.038321543
-0.039442454
-0.040219791
-0.040644549
-0.040724527
-0.040455077
-0.039842643
-0.038896456
-0.037627332
-0.036052641
-0.034182705
-0.032039333
-0.029640581
-0.027015064
-0.024185637
-0.0211665
-0.017998794
-0.014704932
-0.011310424
-0.0078463675
-0.0043413336
-0.00082199631
0.0026822786
0.0061445339
0.0095389895
0.012839335
0.016022077
0.019064905
0.021946156
0.024646863
0.027148763
0.029437244
0.031499825
0.033323146
0.034897227
0.03621874
0.037276007
0.038071878
0.038603295
0.038870517
0.038876284
0.038624361
0.03812626
0.037382711
0.036409669
0.035216555
0.033808604
0.032204803
0.030427193
0.028477874
0.02637847
0.024147673
0.021800295
0.019350084
0.016818458
0.014223938
0.011582889
0.0089119095
0.0062282435
0.0035497618
0.00089315017
-0.0017263454
-0.0042942264
-0.0067949602
-0.0092129065
-0.011535984
-0.013752134
-0.015850058
-0.017816734
-0.019643761
-0.021321571
-0.022841556
-0.02419652
-0.025381792
-0.026390407
-0.027217515
-0.027860168
-0.028317474
-0.028586233
-0.028663885
-0.028554559
-0.028257696
-0.027780931
-0.027121451
-0.026279949
-0.025271857
-0.024098938
-0.022767184
-0.0212867
-0.019666886
-0.017916471
-0.016046356
-0.014070195
-0.011999193
-0.009846936
-0.0076272055
-0.0053557181
-0.0030481771
-0.00072049728
0.0016118935
0.0039319191
0.0062219375
0.0084634349
0.010640757
0.012736214
0.014732716
0.016612481
0.018358193
0.01995605
0.021389911
0.022643631
0.023704698
0.024561249
0.0252032
0.025617599
0.025798315
0.025735613
0.025428183
0.024871735
0.0240658
0.023008393
0.021702945
0.020156782
0.018376658
0.016369572
0.014147021
0.011722964
0.0091139702
0.0063377856
0.0034119117
