-0.042239074
0.00044775146
-0.029674642
-0.0032600861
-0.012389558
0.0095492154
0.0053060483
-0.0043759528
-0.0027144456
-0.0059967213
0.00018697647
0.00074396515
0.0038894219
0.0068600769
0.0019031223
0.0072306246
0.0073357201
0.012527635
0.015636472
0.018139752
0.024584079
0.024684332
0.028305132
0.023141958
0.016819283
0.017662497
0.017825473
0.019706367
0.012414961
0.0069506043
0.0053216643
0.0010150218
0.00042996448
-0.001379922
-0.00062625739
0.0029127894
0.00018781621
0.0033805475
0.00072492869
-0.0035885877
-0.0045318534
-0.011454395
-0.0020926793
-0.012456658
-0.0060743699
-0.015416596
-0.013449561
-0.0067260982
-0.013874165
0.0023105845
-0.018198766
0.0030135543
-0.01276827
0.00088374293
-0.012542289
-0.016597155
-0.022507552
-0.026682371
-0.012765978
-0.019919073
-0.0170468
-0.029214608
-0.022368178
-0.019549707
-0.012063817
-0.0078948783
-0.010578657
-0.008447228
-0.010708934
-0.0050322837
-0.0081120403
-0.0035741169
-0.0034604373
-0.0010040097
-0.0029813126
-0.0069117644
0.00035955402
-0.0052334862
0.0055740834
-0.0014153685
0.0079260962
0.00077211991
0.0064896466
0.0042043687
0.0061450526
0.0082541863
0.011767779
0.01600307
0.021755544
0.012312152
0.017440652
0.0051542548
0.021787534
0.011983832
0.014409925
0.0077739279
-0.012295769
0.0041619735
-0.036679909
0.0099582542
-0.052814465
0.0098131606
-0.064072713
0.0045588422
-0.065353885
-0.00067545631
-0.04420137
-0.00039566081
-0.021257907
-0.0090834759
-0.0046450417
-0.010534417
0.0044139354
-0.010467138
0.0043529607
-0.0083088269
-0.007373393
-0.013207602
-0.011435915
-0.0064745345
-0.0078539876
-0.0062947827
2.6905287E-005
-0.0032035178
0.0062990482
-0.0029620486
0.0095804138
-0.0037344522
0.0049131028
-0.0080399159
-0.0012041775
-0.0064909449
-0.0090819793
-0.010217618
-0.011441676
-0.0064338739
-0.009686931
-0.0069176629
-0.0042810328
-0.0012421727
0.00017643449
-0.0040901005
0.00097463973
0.0037103302
0.0063387807
0.008903441
0.0059245187
0.016140027
0.004614363
0.014119558
4.364983E-005
0.015335694
0.004090724
0.011319122
0.0056079612
0.0085590482
0.0091505004
0.0093044927
0.015832026
0.01918707
0.023488604
0.030115452
0.030358506
0.033693839
0.024990702
0.026535043
0.022150004
0.018222818
0.014148091
0.007049955
0.010210223
0.0012567677
0.0048774853
-0.0025481812
0.0041384357
-0.0008169724
0.0027881993
0.004421242
0.0070695919
0.0041332175
0.0027232089
0.001999988
0.0047351616
0.0021245349
-0.00089230109
-0.0030447838
-0.0037587315
-0.0049375775
-0.0064372811
-0.0063718553
-0.0049591106
-0.0048759691
0.0029160662
0.0015840248
0.0091760019
0.0021385879
0.0026175766
3.8945294E-005
-0.011172027
-0.0014814367
-0.031064847
-0.0024212489
-0.048116233
-0.0019992201
-0.048326075
0.0021648777
-0.035162751
0.0039449646
-0.016031217
0.0043124561
0.0004622878
0.0015724869
0.0085233049
-0.0010925567
0.0069292192
-0.0037529382
0.0032126512
0.0010637576
0.0011892213
0.0023388821
0.0015232144
0.0069313189
0.0051497766
0.0069681453
0.010419801
0.0080649294
0.013873175
0.0019631181
0.0099050142
-0.0071731703
0.0086915828
-0.0089856954
0.007815226
-0.011336982
0.0048091905
-0.0043987841
0.005588369
0.0091195209
0.0099446913
0.012164185
0.0038041859
0.0041212267
0.0060255099
-0.0073205992
0.0034888666
-0.017489145
0.0065568346
-0.0052327453
0.0071948394
0.027909307
0.011371465
0.081616752
0.013636381
0.121312
0.0050432738
0.12993108
-0.0017176766
0.10741258
-0.0087734619
0.057942841
-0.012225457
0.0091680987
-0.012076362
-0.018830106
0.00067745807
-0.015422887
0.007847378
-0.0047285259
0.012986904
0.011128551
0.012224408
0.012583037
0.0084250849
0.0035686784
-0.0014079721
-0.011426285
-0.0032531498
-0.019183042
-0.010394877
-0.025510864
-0.0082175676
-0.016858248
-0.0036369832
-0.0095487861
-0.00085582864
-0.00025152246
-0.00048001733
0.0036457679
0.0019659135
0.0073689963
0.0041298941
0.0090478053
0.0084278751
0.003645757
0.0073840385
0.00018676314
0.010343095
-0.0037551459
0.0039724461
-0.0080492515
-0.0070672589
-0.0089212386
-0.015833007
-0.0039212774
-0.023560833
-0.0020646877
-0.021691527
0.0080072815
-0.007817029
0.013868562
0.0001920432
0.017687278
0.011417587
0.019793553
0.011890288
0.012939666
0.0068966188
0.0073728873
0.00043637535
7.2519986E-005
-0.0045970599
-0.00070390513
9.9010227E-005
-0.00014147683
-0.0015971235
-0.003638857
0.0035718009
0.0027971067
0.0057792934
0.0048232623
0.0085547836
0.012003147
0.0065582786
0.012141557
0.0070299855
0.013844416
0.0044123125
0.013468797
0.0057609533
0.011596837
0.0042594122
0.0047629946
0.0019244178
0.0047547319
0.0021604665
0.0080034519
0.0022398711
0.010690399
-0.00069974695
0.0034905525
-0.00096308073
-0.0078691887
-0.00091634749
-0.031917501
0.00067586085
-0.049152959
0.006968935
-0.062857352
0.0074039246
-0.059749328
0.012381342
-0.03739769
0.011538052
-0.0094738984
0.010047934
0.011159795
0.0042718914
0.017010028
0.0028311743
0.011868211
-0.0027860454
-0.0026352347
-0.005942334
-0.0060401759
-0.0060483515
-0.0075000818
-0.0086921817
0.00064795651
-0.0038471206
0.0070739742
-9.3313633E-005
0.010531925
0.0057203174
0.0083723031
0.014125778
0.0074794479
0.013607965
-0.00083929725
0.0050414852
0.00017234824
-0.0014038191
-0.003572158
-0.01157199
-0.007488966
-0.0084348088
-0.0071558403
0.0029835745
-0.0078980764
0.007402583
-0.012653261
0.0025858218
-0.0082288934
-0.015777469
-0.0076762694
-0.050056923
-0.0068249577
-0.082084991
-0.0097672995
-0.095410794
-0.0098799886
-0.08204437
-0.017202199
-0.055226941
-0.014279154
-0.020065144
-0.017675132
-0.0074091726
-0.017568467
0.0021587061
-0.0096145514
-0.0016579754
-0.0092453845
-0.0048864135
0.0018635986
0.0036646635
0.0056074639
0.0075096972
0.0089144185
0.019312261
0.01036797
0.01820999
-0.0012268728
0.011446197
-0.010007087
0.0066130678
-0.023960127
0.00026999717
-0.02492824
-0.0019130344
-0.013100023
0.00066857185
0.0066399411
0.0055728871
0.013759186
0.0061573558
0.0015816051
0.0021020358
-0.023611831
0.0058420701
-0.036713719
0.0028522271
-0.027998034
0.002423943
0.02703419
-0.000350605
0.10534094
-0.0031209376
0.17822424
-0.0018535322
0.20480883
-0.00070200989
0.16760235
0.0028350796
0.098455124
0.0063251783
0.026489235
0.0097552845
-0.01901878
0.0084178597
-0.028983584
0.0084603131
-0.012593631
0.0039373296
0.00064252713
-0.0047719888
0.0011634836
-0.0077279666
-0.0088966433
-0.011996678
-0.032572329
-0.014335707
-0.037209358
-0.0028841505
-0.030785272
-0.00053532445
-0.020612959
0.0077239103
-0.0063472609
0.01081607
-0.00054635789
0.00069207547
-0.00087737892
-0.0081090825
-0.0049142493
-0.016767006
-0.0068085417
-0.0096573038
-0.0073613203
-0.00038333255
-0.0091026807
