-0.00016203395
-0.00021253701
-8.1806211E-005
-0.00011001003
-0.00012911009
4.4714725E-006
8.130238E-005
-4.0853629E-006
5.7569483E-005
-3.5840432E-005
-3.1584295E-006
4.9701208E-005
-0.00012161315
-4.8557853E-005
-3.3810857E-006
-1.8275865E-005
4.6490346E-005
5.2604642E-005
-5.0181257E-005
-9.4293144E-005
-0.00035276945
-0.00040144197
-0.0001409593
-0.0013012284
-0.008091785
-0.01278012
-0.0078240326
-0.0014729922
1.8039924E-006
0.0075489525
0.0093085961
0.0034901674
0.0007222835
-0.0026014138
0.0001701154
0.0016852202
0.0070626973
0.0073969085
0.0060115755
0.0018855002
-0.0023902291
-0.0045300531
-0.0019188453
0.0029814721
0.0026158346
0.0060431794
0.0020702481
-0.00030397181
-0.0042772563
-0.0042355554
-0.00098745502
0.001382303
0.0027602573
0.0025131013
0.00063814397
-0.0014574201
-0.0039239665
-0.0033192653
-0.00010926986
0.001319895
0.0011826486
0.0014199667
-0.0011254264
-0.0023836144
-0.0036355478
-0.0025384214
0.00052972249
0.00058427453
0.0015957518
0.0001176496
-0.00095773523
-0.0017298275
-0.0028846532
-0.00098533335
0.00025363508
0.0010209692
0.0011471241
0.00033680847
-0.00069496239
-0.0015531777
-0.0021511619
0.00064316212
0.0033884123
0.004174239
0.0047735111
0.0021032405
0.00056656695
-0.0017946677
-0.0037636973
-0.0030391652
-0.0033368291
-0.0036544565
-0.0036940642
-0.004919549
-0.0046322299
-0.0040463544
-0.0028052635
-9.120757E-005
0.0013795114
0.0024125646
0.0025379162
0.00052694994
0.0014542701
0.00046620728
0.001169176
0.0028483237
0.0026487685
0.0026147023
0.0013846242
-0.00028806832
-0.00020101546
-0.00071151846
0.00017833873
0.0013940197
0.00083794096
0.0013533933
-0.00033420129
-0.0012035192
-0.00052749045
-0.00081783551
0.00048542541
0.0014856257
0.0012735736
0.00074930151
-0.00059906329
-0.00068981334
-0.00074870035
-0.00092927186
0.00081928499
0.00089796225
0.00041189595
0.00031200511
-0.00089655479
-0.00071456505
-0.00055655441
-0.00016199003
0.001212947
0.00080547575
0.00070356549
6.5731064E-007
-0.00054566644
-0.00031661007
5.3701722E-005
0.00045450253
0.00076065981
-0.00019237309
-0.00039908782
-0.0011593894
-0.0015864879
-0.00025398936
0.00022045811
0.0012904699
0.0014191001
0.0010999106
0.00048088087
-0.0012219164
-0.0019637351
-0.0018557725
-0.0022753919
-0.0023645007
-0.0019304377
-0.0021942563
-0.0019411411
-0.0024915419
-0.0013768449
-0.00029549221
-8.2366299E-005
0.0010379599
0.001291954
0.0014231072
0.0011454611
0.00079553411
0.0011512855
0.0011871349
0.0011445801
0.0013935895
0.00095896079
0.0004004626
0.00036781767
-0.00018969373
-0.00011593177
-8.4608E-006
-0.00021672438
0.00026707005
-0.00053820014
-0.00034218232
1.1369236E-005
-0.00019193726
0.00013894249
0.00017215645
0.00028030016
0.00025787175
-0.00030002752
-0.00016806426
4.0474377E-005
-0.00022768091
-2.5242616E-005
-3.0046693E-005
-0.00013290899
-2.2005092E-005
-0.00051404181
-3.860781E-005
-5.8620095E-005
-7.548555E-006
0.00033594851
0.00018962972
0.00034395585
0.00019809324
0.00021740174
0.00012176453
0.00014189864
0.00025546475
0.00044325244
-0.00016118831
-0.00026288585
-0.00042293809
-0.0007036528
-0.00065633171
-0.00020163102
0.00018439436
0.00028119222
-0.00022379478
-5.5857701E-005
-0.00040424569
-0.0012360533
-0.0012984632
-0.0013366702
-0.00097676052
-0.001316053
-0.0011861527
-0.00072842551
-0.00083504163
-0.00075032719
-0.00029923371
0.00017247791
0.00079357065
0.00069740543
0.00086248451
0.0013600162
0.00089349266
0.00076479389
0.00052821514
0.00083604036
0.000525243
0.00033895118
0.00025007775
0.00031239737
-9.6198077E-005
-0.00048637646
-0.00043117366
-0.00037132704
-0.00015356363
-0.0005608935
-0.00034270715
-0.00010357171
-0.00033930968
-0.0003515475
-0.00013883531
0.00027808509
0.00050188432
9.2473325E-005
0.00029347738
0.00015447354
4.7692945E-005
-0.0003262512
-3.5362755E-005
5.9116697E-005
0.00033178745
-0.00018101324
-0.00030370126
-0.00021361149
-0.00034566474
-0.00033817923
-0.00028956748
0.00044890883
0.00028887962
3.4105838E-006
-0.00022516843
5.2991385E-005
-0.00023342649
-0.00031262633
-4.0719657E-005
2.575958E-005
-0.00021779045
-0.0006108135
-0.00040151444
-0.00045379461
-0.00012649367
-3.6349033E-005
9.4997667E-005
0.00015035202
-0.00031022509
-0.00057826668
-0.00055292976
-0.00063313002
-0.0004602292
-0.00063833123
-0.0003876671
-0.00047156931
-0.00025341491
-0.00025842531
-9.3347255E-005
0.00030395779
0.00067473832
0.0005007803
0.00059812365
0.00073685229
0.00061850279
0.00072199875
0.00048126309
0.00046264948
0.00028745743
0.00010089707
-2.8918905E-005
-0.0001624814
-6.3576415E-005
-0.00019550341
-0.00024480993
-0.0004098113
-0.00032629562
-0.00071910652
-0.00055896299
-0.000374617
-9.257652E-005
-0.00010442558
-9.3934563E-005
0.00013176429
-0.00011973171
1.412263E-005
-1.6122985E-005
5.0138457E-005
0.00016633599
0.00029955976
0.00017432989
1.905204E-005
-8.9862879E-005
-0.00024719894
-0.00028299639
-0.00019178285
9.399846E-006
-0.00012065786
-0.00017763139
-2.6560054E-005
-0.00050623366
-0.00032312077
-0.0003451735
-0.00017159643
-3.2433603E-005
-0.00034845844
-0.00028007381
-0.00054793374
-0.0004597576
-0.00072065584
-4.5365807E-005
-2.7047594E-005
0.00037757886
-2.4365707E-005
0.00010038988
-7.0826558E-005
-0.00013491194
1.2708902E-005
-3.7072673E-006
2.8726463E-005
-0.00019466245
-0.00035640819
-0.000405609
-0.00026868432
-9.4560681E-005
8.1890663E-005
0.00032395188
0.0004549195
0.00063000573
0.00031760914
0.00040544532
0.00037756367
0.00034361717
0.00042165222
0.00021938921
0.00038281703
-2.8558516E-005
-0.0001295613
-0.00028638536
-0.00021318634
-4.8597511E-005
-9.3405622E-005
1.5270167E-005
-0.00015369673
-0.00019679568
-0.00050525152
-0.00041840691
-0.00043153876
-0.00026825909
-1.6673683E-005
-0.00011550639
-1.1979528E-005
0.00012033364
-7.9241341E-005
-0.00015772002
-0.00011896509
-1.9510655E-005
0.00011472956
0.00010032341
0.00027279495
0.00023839675
4.836317E-005
2.3962015E-005
-0.00012603658
5.2700143E-005
7.6552627E-005
-7.6917975E-005
9.5772622E-005
-0.00016182121
-0.00016374319
-0.00038714529
-0.00047520545
-0.00021407001
-0.00036757538
-0.00040598641
-0.00048772153
-0.00025838133
-0.0004524723
-0.00043981726
-0.00047320535
-4.8148882E-005
0.00010411495
9.4559218E-005
2.1698172E-005
-7.7310586E-005
-0.00019008951
-0.00056072004
-0.00036250724
-0.00011632114
-0.00015035413
-5.2416221E-005
0.00026131677
0.00017873777
0.0002394701
-8.6265851E-007
0.00025967736
0.00012800815
0.00021373744
0.00025885849
0.00031243335
0.00035348622
8.7715831E-005
-0.00011194129
-0.00017901063
-0.00013810628
-0.00038640722
-0.00021726475
3.2749949E-007
-5.6255616E-005
0.00013509304
-0.00012188367
-7.8351637E-005
-0.0002136518
-0.00023071584
-0.00024336694
-0.00026773472
0.00011261587
-5.6053512E-005
-3.7744056E-005
-2.2700711E-005
3.6046957E-005
-5.2242016E-005
-0.0002884306
-9.3226199E-006
-3.1860516E-005
-3.0389185E-005
-6.0803955E-005
-0.00015878405
-4.9146707E-005
-0.00011074228
-0.00016127237
-1.288858E-005
0.00032257018
4.3463282E-005
-3.7926272E-006
-1.3191837E-005
-0.00011322706
-0.00017572245
-7.9606805E-005
1.1465305E-005
4.1885793E-005
7.8958974E-006
-0.00022442236
-0.0005573206
-0.00043477799
-0.00039091866
-0.00025788214
-1.5845211E-005
0.00037155827
7.6810669E-005
-9.1297785E-005
-0.00028438467
-0.00034250072
-0.00034483479
-3.6665315E-005
0.00018418703
0.00012140644
