9.7017219E-005
-1.6706266E-005
7.6887802E-005
4.5740894E-006
1.2040923E-005
2.7710274E-005
4.7146295E-006
2.4966019E-005
-5.9604426E-005
1.0049455E-005
-7.9376521E-005
3.4127519E-005
-2.5114248E-006
-4.4189114E-006
3.6807778E-005
7.4629679E-005
6.0796369E-006
9.8216071E-005
3.1782874E-005
8.6920765E-005
7.2262951E-006
-0.00014379782
0.00016453629
-0.001483648
-0.009451827
-0.014684012
-0.010967204
-0.0026447431
0.00051866489
0.010536523
0.014128918
0.0080126133
0.0051366072
0.00099331152
0.0037485342
0.0053604092
0.011337393
0.0085478611
0.0056439973
-0.0022140897
-0.0081258575
-0.011116839
-0.010304554
-0.0045755464
-0.0031486908
0.0017859212
-0.00069447106
0.00024247773
-0.0025755714
-0.00098734361
0.00243088
0.0053796903
0.0076123495
0.0073294286
0.004788293
0.00064072968
-0.0021074349
-0.002786875
-0.0021321261
-0.0019211198
-0.0023058902
-0.0029216141
-0.0044661392
-0.0051491605
-0.0040967003
-0.002524683
0.00056711753
0.0013367377
0.0032318328
0.0025933525
0.0024381483
0.0019129557
0.001488145
0.0020070139
0.0017150143
0.0010274779
-0.00078658399
-0.0014029451
-0.0026198747
-0.0027141359
-0.0030229718
-0.0018368525
-0.0012022803
-0.0012480096
-0.00088223274
-0.00028491241
0.00081980985
0.0013326496
0.0016854994
0.0026417477
0.0025435751
0.0016497972
0.00084540161
0.00017910647
7.3826304E-005
-0.00060703489
-0.00070986105
-0.00097438134
-0.0010721011
-0.001572771
-0.0015774783
-0.0014411317
-0.00051842502
-7.9057427E-005
0.00038688036
0.0011928917
0.0012539394
0.0013253328
0.00082582858
0.00099409628
0.001093138
0.00078148069
0.00033754724
0.00020413112
-0.00031809093
-0.0007718897
-0.0011503687
-0.0010359032
-0.0007754587
-0.00066805026
-0.00031834308
4.7590493E-005
9.9353543E-005
0.00022678146
0.00025111172
0.00054638478
0.00054291124
0.00052727672
0.00085243525
0.00055168616
0.00012426049
-0.00015699251
-0.00014921679
-0.00043605114
-0.00064583734
-0.000514279
-0.00020556127
-0.00015296666
-9.1669957E-005
1.0713702E-005
3.2383796E-005
0.00022942807
0.00016125817
0.00036036022
0.00046449975
0.00031680134
0.00016750176
-1.0800358E-005
-0.00011250166
-0.0001235737
-0.00026172871
-0.00017774949
-0.00018072978
-0.00026782681
-0.0001966094
-0.00010581982
0.00015670576
0.000154535
9.0255708E-005
0.00019290824
0.00034249888
0.00031435161
0.00027023919
0.00026431342
0.0002215381
0.00012269335
-0.00012768009
-0.00018715979
-0.00029924797
-0.00023309771
-0.00024806106
-0.00023196964
-5.849162E-005
6.5780782E-006
2.1577284E-006
5.4066732E-005
0.00010008711
0.00015105652
0.00022763487
0.00023635046
0.0003672039
0.0002405113
0.00012728505
-6.7181158E-005
-0.00014934622
-0.00019072572
-0.00023171946
-0.00027212998
-0.00013684759
-0.00013919057
-0.00012929729
-0.00015695205
-9.1584101E-005
7.1360737E-005
0.00021863072
0.00035631761
0.00043013997
0.00052289444
0.00029833027
8.0105841E-005
-0.00012253749
-0.00019461008
-0.00012991301
-0.00013563549
-8.4001003E-005
-0.00017096203
-0.00018562828
-0.00024277721
-0.00016828212
-3.2793334E-005
0.00015110317
0.00037550088
0.00046241173
0.0004033561
0.0003251
0.00013825465
-5.2752675E-006
-2.7236996E-005
0.00013961057
9.486809E-005
1.6270837E-005
-0.00014573609
-0.0003194031
-0.00039421234
-0.00052314583
-0.00032341943
-0.00016973533
4.8618003E-005
0.00011761345
0.00018606598
0.00022473752
0.00015942214
0.00020264855
0.00021972644
0.00032032435
0.00034605956
0.00033596289
0.00019575511
-1.7841047E-006
-0.0001635503
-0.00041152359
-0.0003423547
-0.00026144864
-0.00021813127
-0.00022656826
-0.00027082127
-0.00018548901
-0.00018673997
-1.3693486E-005
0.00019444739
0.00040203665
0.00051561795
0.00052367843
0.00036848322
0.00018444068
8.48321E-005
3.6184341E-005
-6.7531219E-005
-0.00011017872
-0.00010743542
-0.00013794877
-0.00025216257
-0.00034049273
-0.00030041375
-0.00016395152
1.6308752E-005
9.4471376E-005
0.00023941889
0.00040651381
0.00036729095
0.00023572295
0.00015799206
0.00010748136
-4.0252573E-005
-6.1587518E-005
-6.7383517E-005
-8.6465676E-005
-0.00011869556
-0.00018869029
-0.00026191902
-0.00029711259
-0.00021606304
-0.00012628225
4.2700147E-005
0.00018157186
0.00030091565
0.00022787414
0.00012015113
0.00017601998
0.00022387563
0.00025611598
0.00023583647
0.00026040105
5.3917258E-005
-0.00013582154
-0.00028405993
-0.00034223386
-0.00023004432
-0.00011442322
2.510026E-005
2.9127339E-005
0.00016821975
6.8418907E-005
7.4241936E-005
5.0710238E-005
8.1281665E-005
0.00015656443
0.00021369981
0.00022453534
8.683827E-005
-4.3832129E-005
-0.00020453363
-0.00023349503
-0.00018380689
-0.00011489243
-6.1127121E-006
5.5944223E-005
-9.6202484E-006
-9.651445E-005
-0.00010878496
-4.334655E-005
9.6842545E-005
0.00032188839
0.00035151152
0.00019831756
0.00015268364
-2.2473279E-005
-0.00016917285
-0.00020926779
-6.1690364E-005
1.712455E-005
0.0001013896
0.00013131167
-0.00010133427
-0.00013043669
-0.00016847825
-0.00011275912
-3.5703666E-005
0.00014926985
0.00025779675
0.00018913238
9.8722528E-005
-3.2999156E-005
-1.8971383E-005
2.345929E-005
7.8785706E-005
4.7702528E-005
0.00012374106
4.3179734E-006
-0.00016491527
-0.00017060718
-1.2047496E-005
3.925585E-005
9.0886206E-005
6.6586268E-005
0.00010383114
2.0134319E-005
-1.1265281E-005
-1.1392794E-005
0.00011838144
0.00011719573
8.9488472E-005
4.855137E-005
4.1658518E-006
-9.5419084E-005
-0.00016716699
-6.9947695E-005
3.7858226E-005
0.00013359929
9.4745097E-005
-4.1254898E-005
-0.00017490773
-0.00016863178
-0.00010004479
9.8421056E-005
0.0002911902
0.00031884215
0.00020228763
5.1634386E-005
-1.4852837E-005
-6.4145308E-005
-3.5345252E-005
4.7659429E-005
0.00014598625
0.0001958549
-1.4564729E-006
-0.00016918474
-0.00024456851
-0.00029660645
-0.00011356964
0.00013587943
0.00026760667
0.00021555355
1.1834101E-005
-2.0659174E-005
-4.9367201E-005
9.8524906E-006
0.00016786589
0.0001732228
0.00018532627
3.0007834E-005
-0.00016020743
-0.00020198961
-0.00015952541
-8.4669409E-005
8.7523349E-006
7.6599994E-005
4.2174954E-005
-1.6093596E-005
-0.00013158905
2.0207339E-005
6.0572114E-005
0.00025736023
0.0003067338
0.00022379629
0.00019500015
-4.2708754E-005
-7.3612515E-005
-0.00010274485
-1.5026716E-006
-6.9628913E-005
-0.00010513345
-0.00012237144
-0.00020971822
-0.00020502941
-0.000110988
-6.6952739E-006
8.5588566E-005
0.00016805477
0.00011177483
0.00018412223
0.00023368758
0.00028224237
0.0002664279
0.00023911124
0.00013963587
8.9464331E-005
-4.8909507E-005
-3.5388122E-005
-0.00020484213
-0.00024730025
-0.00019470936
-0.00019609183
-0.00011995694
-0.00018480711
-4.263888E-005
-3.1987921E-007
0.00011774006
0.00022729748
0.00029340675
0.00036098424
0.00024211935
0.00027696844
0.00022312879
0.00025215547
-7.1453123E-006
2.5548734E-006
-0.00020458008
-0.000259077
-0.00030137351
-0.0003018493
-0.0002582529
-0.00028136093
-0.00015111518
-9.7724303E-005
-4.0143193E-005
0.00011071069
0.00016109383
0.00019925332
0.00031414602
0.00017450802
0.00021733098
0.00015508181
0.00014291573
8.0420577E-005
0.0001138038
-1.8293795E-005
-7.1089453E-005
-0.00018972837
-0.00021731049
-0.00025947797
-0.00010531593
1.0836701E-005
2.5021327E-005
0.0001366011
4.1410669E-005
0.00010635783
0.00013412394
0.00022386713
0.0002367518
0.00034013335
0.0002602122
8.3746374E-005
-3.07802E-005
-0.00012241158
-0.00020511191
-0.00028548428
-0.00019509274
-0.00019582808
-0.0001703806
