-9.6109623E-005
-0.00010413588
-0.0001077583
-0.00010597413
-0.00010189779
-0.00010070452
-9.9510129E-005
-9.9808167E-005
-0.0001010154
-9.9402241E-005
-9.6896518E-005
-9.3513321E-005
-8.9715679E-005
-8.6249282E-005
-8.3889114E-005
-8.2197119E-005
-8.0264283E-005
-7.9869533E-005
-8.1746024E-005
-8.134418E-005
-7.7745004E-005
-6.8504865E-005
-5.9347596E-005
-5.1784853E-005
-4.8378402E-005
-4.5774355E-005
-4.6911857E-005
-4.349534E-005
-4.4328845E-005
-4.7018475E-005
-4.4599336E-005
-3.9897681E-005
-3.4488192E-005
-3.0287825E-005
-3.0761959E-005
-2.9111096E-005
-3.1247702E-005
-3.7327231E-005
-4.2889849E-005
-4.9009952E-005
-5.4789176E-005
-5.5016422E-005
-5.5008099E-005
-5.0533752E-005
-4.6372912E-005
-4.3355292E-005
-4.3943168E-005
-4.5746008E-005
-5.1995004E-005
-5.0980663E-005
-4.8529375E-005
-5.1154926E-005
-5.378815E-005
-6.0594819E-005
-6.9284775E-005
-7.7057026E-005
-8.1434577E-005
-8.0727848E-005
-7.705982E-005
-6.9573136E-005
-6.5942659E-005
-6.2719475E-005
-6.2405903E-005
-6.9233931E-005
-7.4107746E-005
-7.6449731E-005
-7.6954319E-005
-7.3971976E-005
-7.0774186E-005
-6.7629917E-005
-6.5092041E-005
-7.1527858E-005
-7.010097E-005
-6.6684486E-005
-6.5096065E-005
-6.3456879E-005
-6.5379703E-005
-6.6694971E-005
-6.965694E-005
-7.5070973E-005
-8.1045364E-005
-8.3341889E-005
-8.3908933E-005
-7.7242541E-005
-6.8780639E-005
-5.8837621E-005
-5.2023173E-005
-5.5477227E-005
-6.4127518E-005
-7.862506E-005
-8.8004141E-005
-9.2403956E-005
-8.8783578E-005
-8.6792112E-005
-8.7374356E-005
-8.8284309E-005
-9.4979274E-005
-0.00010074431
-0.00010451221
-0.0001175773
-0.00017657301
-0.00033930739
-0.00062020181
-0.0009687632
-0.001258544
-0.0013656599
-0.0012879994
-0.0011382534
-0.001018561
-0.00098818785
-0.0010649447
-0.0012585896
-0.0015365169
-0.0018004191
-0.0018962773
-0.0016727039
-0.0011232343
-0.00043511714
6.7191497E-005
0.00011292656
-0.00023523578
-0.00064737472
-0.00085098401
-0.00075055636
-0.00043568635
-0.00010026909
0.00010825234
0.00014810107
9.2444192E-005
4.469536E-005
5.3861935E-005
0.00012050854
0.00020783099
0.00029881977
0.00047555778
0.00083422923
0.0013509335
0.0018181085
0.0019676455
0.0017051427
0.0011306528
0.00050762988
0.0001024457
5.8427464E-005
0.00032806554
0.00068203511
0.00088591158
0.00087921938
0.0007788816
0.00068099459
0.00056380191
0.00036897149
0.0001172972
-9.7262608E-005
-0.00019380498
-0.00016549646
-1.7775063E-005
0.00019673938
0.00033252296
0.00025996767
3.4277517E-005
-0.00011702751
-3.7770846E-005
0.00019400191
0.00041188646
0.00052618096
0.00054794416
0.00051159022
0.00041846037
0.00029895006
0.00024444732
0.00028994918
0.00038374876
0.00047834634
0.00061072543
0.00085516105
0.0011802547
0.0014312008
0.0014709324
0.0012907605
0.00098519516
0.00066269527
0.00039993529
0.00023415877
0.0002019063
0.00030567765
0.00049441849
0.00069033657
0.00083080091
0.00087925588
0.00080448244
0.00057337142
0.00022942168
-0.00015590462
-0.00052676938
-0.00081503479
-0.00097174
-0.00095551414
-0.00075757562
-0.00048520259
-0.00032172701
-0.00037909782
-0.00058742729
-0.00078072085
-0.00086581055
-0.00089072884
-0.00095529557
-0.00109475
-0.0012620275
-0.0013714425
-0.0013486508
-0.0012127529
-0.0010401208
-0.00088876276
-0.00075161253
-0.00057301862
-0.00034945036
-0.00017234613
-0.00015380242
-0.00030957564
-0.00055873959
-0.00075687788
-0.00080301554
-0.00070665253
-0.00054433267
-0.00037380494
-0.00020583933
-3.4323522E-005
0.0001341076
0.00024933103
0.00026841951
0.00018955491
4.1801537E-005
-0.00013981863
-0.00031855606
-0.0004490705
-0.00049646228
-0.00044503348
-0.00032795043
-0.00020069038
-8.6193038E-005
6.2087656E-006
7.5943994E-005
7.8917808E-005
-2.4506779E-005
-0.0002199075
-0.00043988271
-0.00061681453
-0.00069104339
-0.000630642
-0.00049076567
-0.00036871678
-0.00031202161
-0.00028009579
-0.00020014493
-7.2407543E-005
1.775708E-005
2.1512894E-006
-7.4606076E-005
-0.00011602735
-8.6688E-005
-1.2592595E-005
7.6989527E-005
0.00017078339
0.0002653171
0.00035050901
0.00042507294
0.00049926562
0.0005809851
0.0006235594
0.00060918863
0.00058087846
0.00059653062
0.00065386074
0.00068063405
0.00061836391
0.00050894223
0.00045874334
0.00049817999
0.00057555846
0.00061792572
0.00061146548
0.00057336129
0.0005225307
0.00044307031
0.00033627465
0.00022750633
0.00013509825
7.0503913E-005
4.5586399E-005
6.2528859E-005
0.00010603414
0.00014098067
0.00014925125
0.00011893009
4.8087193E-005
-5.105227E-005
-0.00016109414
-0.00025484071
-0.00030817967
-0.00031801185
-0.00029758838
-0.00025772903
-0.00020809764
-0.0001627483
-0.00012411717
-9.2518276E-005
-7.9722173E-005
-7.4819E-005
-8.5784064E-005
-0.00012096608
-0.00016738694
-0.00018853573
-0.00014525713
-4.9505263E-005
3.1233347E-005
3.5334844E-005
-3.4092398E-005
-0.00012973326
-0.00021936637
-0.0002848072
-0.00032145338
-0.00031907542
-0.00027389897
-0.00021138208
-0.00016473915
-0.00016080563
-0.00019383781
-0.00025487749
-0.00033790633
-0.00042611494
-0.00049942697
-0.00053788081
-0.00053586828
-0.00049909105
-0.00045521109
-0.00043136897
-0.0004566283
-0.00053869281
-0.00063967373
-0.00069431349
-0.00065284781
-0.00053969084
-0.00043784338
-0.00041647643
-0.00046729602
-0.00053586508
-0.00055789668
-0.00052647915
-0.00048213295
-0.00045600234
-0.00044085583
-0.0003927972
-0.0002866392
-0.00013887945
-1.1998018E-005
3.920354E-005
2.4672556E-006
-8.3754516E-005
-0.00013788606
-0.00013910839
-0.00011264788
-9.5762407E-005
-9.2466587E-005
-6.9648217E-005
-6.33181E-007
0.00010976519
0.00021373972
0.00026400218
0.00024947675
0.00018703204
0.00011258684
4.9684273E-005
2.2844129E-005
3.171889E-005
7.1389826E-005
0.00012776496
0.00016579946
0.00016413814
0.00013138991
9.593337E-005
7.9869598E-005
8.6978835E-005
0.00010229075
0.00011207849
9.6815282E-005
5.8970436E-005
2.3764516E-005
1.6188766E-005
2.610903E-005
2.9800445E-005
1.2807079E-005
8.3740442E-006
5.1428549E-005
0.00014297821
0.00024107235
0.00029671387
0.00029383451
0.00024117871
0.00016506347
9.7141761E-005
8.2140512E-005
0.00012586868
0.00019621948
0.00026515927
0.00032127553
0.0003622605
0.00038621528
0.00038253792
0.00033628786
0.00025582055
0.00015609368
6.7814639E-005
1.4851737E-005
9.4914058E-006
4.0194314E-005
8.081337E-005
0.0001129397
0.00012370736
0.00013067856
0.00012903495
0.00012155688
9.7167496E-005
4.6196339E-005
-2.9979135E-005
-0.00011832205
-0.00019844329
-0.00024519511
-0.0002456459
-0.00020740602
-0.00016333915
-0.00014411555
-0.0001618071
-0.00020161056
-0.00023406137
-0.00023724572
-0.00022433919
-0.00021969806
-0.00024153276
-0.00028505866
-0.00032072072
-0.00032988668
-0.00030624869
-0.00026299787
-0.00022349099
-0.00019911492
-0.00018523884
-0.00015821467
-0.00011559362
-7.5567383E-005
-6.8276873E-005
-0.00011775428
-0.0002015733
-0.00025787461
-0.00025898212
-0.00021840695
-0.00017993052
-0.0001664459
-0.00017498493
-0.00018688983
-0.00018514364
-0.00016169771
-0.0001281751
-0.00010498088
-0.00011234652
-0.00015457977
-0.00021515824
-0.000252247
-0.00024797281
-0.00021119804
-0.00016429691
-0.00012570343
-0.00010081346
-9.6235395E-005
-0.00011760956
-0.00014866657
-0.00017498816
-0.0001824387
-0.00017635425
-0.00015509389
-0.00012388499
-8.3805215E-005
-4.7805675E-005
-2.7140135E-005
-3.467756E-005
-5.1606032E-005
-6.4752705E-005
-7.3016388E-005
-6.8791414E-005
-4.9265116E-005
-3.6525805E-006
4.5956982E-005
7.5752505E-005
7.7395103E-005
7.0679132E-005
8.8256384E-005
0.00011900593
0.00015410279
0.00018029533
0.00019477152
0.0002037532
0.00020991075
0.00021134921
0.00021060754
0.00020555231
0.00018526879
0.00015911993
0.00012569218
0.00010731352
0.00010785429
0.00012109133
0.00014062895
0.00015421964
0.00016465024
0.0001647437
0.00014933664
0.00012134774
9.081106E-005
7.2513853E-005
6.4829794E-005
7.0141752E-005
8.526801E-005
0.00011129189
0.00013584932
0.00014437304
0.00012896299
0.00010117814
6.4884414E-005
3.2798136E-005
1.9079444E-005
2.374436E-005
4.1888859E-005
6.0850391E-005
6.7292967E-005
5.5604898E-005
3.0033119E-005
3.468235E-006
-1.6286172E-005
-2.233735E-005
-1.5686071E-005
-2.2728905E-006
1.113482E-005
2.5365049E-005
4.0957191E-005
5.4776068E-005
5.9656348E-005
5.0525643E-005
2.569434E-005
-2.0281341E-006
-3.2523229E-005
-5.0560277E-005
-6.0961709E-005
-7.441554E-005
-9.1277834E-005
-0.0001061837
-0.00012309541
-0.00013535473
-0.00014027684
-0.00014263144
-0.00014276366
-0.00014572748
-0.00015170658
-0.00016307534
-0.00017773242
-0.0001879656
-0.00019507149
-0.00020166875
-0.00021281831
-0.00022136411
-0.00022101187
-0.00021126485
-0.00019411174
-0.00016482107
-0.00013429021
-0.00010934691
-0.00010006431
-0.00010793852
-0.00013089966
-0.00016440451
-0.00019501474
-0.00022107124
-0.00023834554
-0.00023010479
-0.00020569783
-0.00016340095
-0.00011490647
-7.8192636E-005
-5.4602177E-005
-4.3420525E-005
-4.8644852E-005
-6.446195E-005
-7.5084834E-005
-7.9485013E-005
-7.1703289E-005
-6.1565443E-005
-5.8183596E-005
-5.5164168E-005
-4.3722084E-005
-2.5606148E-005
-6.6420371E-006
5.8882586E-007
-5.8172104E-006
-2.1374583E-005
-4.6524987E-005
-7.0204274E-005
-7.8848294E-005
-6.983005E-005
-5.2495558E-005
-4.1918123E-005
-4.2707939E-005
-4.4802913E-005
-3.3917742E-005
-1.0323463E-005
1.4683548E-005
2.7631098E-005
2.7125789E-005
1.6480075E-005
8.0312157E-006
6.0296848E-006
1.8156532E-005
3.4273107E-005
4.3203683E-005
4.1005635E-005
3.7714482E-005
4.3728447E-005
6.5618384E-005
9.0389745E-005
0.00010695591
0.00010418929
7.3612828E-005
3.7854781E-005
1.0598447E-005
3.3288279E-006
1.6884E-005
3.4142548E-005
5.3947402E-005
7.3959054E-005
9.5347212E-005
0.00011537954
0.00012819578
0.00012361463
0.0001032868
7.6308257E-005
4.7132071E-005
2.8133689E-005
1.7356613E-005
1.6911086E-005
2.5563162E-005
3.9750368E-005
5.428728E-005
6.1011306E-005
6.3564818E-005
5.9470935E-005
4.8323745E-005
3.2217824E-005
1.0968277E-005
-1.0800759E-005
-3.3753342E-005
-5.2993517E-005
-6.268228E-005
-5.611722E-005
-4.4502129E-005
-3.8632737E-005
-4.5902561E-005
-5.6580251E-005
-6.2985127E-005
-5.693801E-005
-4.103169E-005
-3.394558E-005
-4.2000331E-005
-6.6563225E-005
-9.1870388E-005
-0.00011048956
-0.00011793988
-0.00011416926
-0.00011242332
-0.00011114191
-0.00011286754
-0.00010998612
-0.00010118228
-9.5204916E-005
-9.0437854E-005
-0.00010069917
-0.00011523321
-0.00012796985
-0.00013289912
-0.0001241424
-0.00011237377
-0.00010248415
-0.00010108478
-0.00010447617
-0.00011277276
-0.00012006825
-0.00011871774
-0.00011517146
-0.00011000818
-0.00011112238
-0.00011718207
-0.00012611397
-0.00013171101
-0.00013418759
-0.00013042778
-0.0001248741
-0.00011950239
-0.00011929261
-0.00012347903
-0.00013322823
-0.00014110589
-0.00014050768
-0.00013836265
-0.00013375565
-0.00012840312
-0.000120852
-0.00011387728
-0.00010795757
-0.00010510328
-0.00010644535
-0.00011643098
-0.00012519174
-0.00012414721
-0.00011250268
-9.3551069E-005
-7.3875693E-005
-6.6133543E-005
-6.3457068E-005
-6.5884531E-005
-6.2807543E-005
-5.2884167E-005
-4.2717533E-005
-3.2670934E-005
-2.5960619E-005
-1.9411844E-005
-1.2855307E-005
-6.6878106E-006
-1.6034538E-006
4.7854992E-006
2.4575938E-006
-3.9991787E-007
-7.8810317E-006
-1.2512638E-005
-1.262258E-005
-1.0029477E-005
-2.1928365E-006
4.7465696E-006
1.0219863E-005
1.6925173E-005
2.1184767E-005
2.5113008E-005
2.9296325E-005
3.0906518E-005
3.0371977E-005
2.4810828E-005
1.8093266E-005
1.3041854E-005
9.8204355E-006
5.5037303E-006
-1.3132571E-006
-1.1040228E-005
-2.3369368E-005
-3.234655E-005
-3.8198577E-005
-3.4030378E-005
-2.4075731E-005
-1.054471E-005
-3.6451213E-006
-8.1527014E-006
-1.8672683E-005
-3.6325513E-005
-5.0514351E-005
-6.2154148E-005
-6.9937465E-005
-6.9541449E-005
-5.9937902E-005
-4.7517919E-005
-3.5721107E-005
-2.6032374E-005
-2.1495633E-005
-2.1231786E-005
-2.4751898E-005
-3.3554294E-005
-3.9782539E-005
-4.4159722E-005
-4.4401393E-005
-4.6845395E-005
-5.037653E-005
-5.8890382E-005
-7.034927E-005
-7.6743767E-005
-7.6264223E-005
-6.4768094E-005
-5.1930161E-005
-4.5343553E-005
-4.6103025E-005
-5.220306E-005
-6.1862855E-005
-6.8383539E-005
-7.1177514E-005
-7.3268813E-005
-8.0958285E-005
-9.199902E-005
-0.0001004353
-0.00010128807
-9.7204713E-005
-9.0733403E-005
-8.8414119E-005
-9.1106471E-005
-9.9967583E-005
-0.00011826908
-0.00013256686
-0.00014705441
-0.00016347718
-0.00017539007
-0.00018461421
-0.00018259416
-0.00017449335
-0.00015886316
-0.00014068502
-0.00013276607
-0.00013309969
-0.0001389751
-0.00014974765
-0.00015785127
-0.00015933922
-0.00015554379
-0.00015071731
-0.00014197765
-0.00013143488
-0.00012469231
-0.00011942595
-0.00011423422
-0.00011082122
-0.00010718645
-0.00010839259
-0.00010805066
-0.00010881077
-0.00011197603
-0.00011273253
-0.00010879659
-0.00010237355
-9.6272874E-005
-8.8361463E-005
-7.8087593E-005
-6.7181616E-005
-5.9679547E-005
-5.7301888E-005
-5.9195161E-005
-6.4374348E-005
-7.6720338E-005
-8.4446125E-005
-9.2185139E-005
-9.3691422E-005
-9.0242807E-005
-8.5515829E-005
-8.5805368E-005
-8.998152E-005
-8.7785971E-005
-8.3754327E-005
-7.9146113E-005
-7.5612021E-005
-7.6586191E-005
-8.2455364E-005
-9.6110911E-005
-0.00010592655
-0.00011051857
-0.00010493051
-9.16875E-005
-7.619676E-005
-5.6690074E-005
-4.1350821E-005
-2.5708623E-005
-1.5894148E-005
-1.2525526E-005
-1.3242153E-005
-2.2216236E-005
-3.3199849E-005
-4.1881092E-005
-4.6339308E-005
-4.326729E-005
-3.4833483E-005
-2.3972261E-005
-1.7626542E-005
-1.4929145E-005
-1.7872893E-005
-1.8200224E-005
-1.379825E-005
-1.2286278E-005
-1.1638743E-005
-1.5052367E-005
-1.7860964E-005
-1.5674033E-005
-1.8242068E-005
-2.0454801E-005
-2.3651426E-005
-2.7079132E-005
-2.8754979E-005
-2.59811E-005
-2.1428436E-005
-1.2008382E-005
-3.4093473E-006
2.8156664E-006
9.4800492E-007
-6.2992322E-006
-1.8496166E-005
-3.1176274E-005
-4.3458938E-005
-5.6613178E-005
-6.3449406E-005
-6.668047E-005
-6.6739223E-005
-6.2147978E-005
-5.6908881E-005
-5.3627835E-005
-5.2258481E-005
-5.3654836E-005
-6.1087339E-005
-6.4213251E-005
-6.9019508E-005
-7.1707203E-005
-6.7792898E-005
-6.2234132E-005
-5.7537385E-005
-6.0003997E-005
-6.6883855E-005
-7.5365162E-005
-7.8679288E-005
-8.0253318E-005
-7.5802251E-005
-7.0995986E-005
-6.989843E-005
-7.0188638E-005
-7.8879602E-005
-8.3660016E-005
-8.7346125E-005
-8.9304944E-005
-9.0027395E-005
-9.1743925E-005
-9.2899696E-005
-9.2654613E-005
-9.243661E-005
-8.9614849E-005
-8.4894244E-005
-8.6975379E-005
-9.4447045E-005
-0.00010370563
-0.00010804311
-0.00010669916
-0.00010350368
-0.00010250516
-0.00010495914
-0.0001085862
-0.00011150308
-0.00011022054
-0.00010082649
-9.702536E-005
-9.7657794E-005
-0.00010577534
-0.00011697111
-0.00012489536
-0.00012680671
-0.00012248542
-0.0001096048
-9.994406E-005
-9.1605223E-005
-8.2861254E-005
-7.7614393E-005
-7.7368015E-005
-7.6209915E-005
-8.1236336E-005
-8.150794E-005
-8.0623089E-005
-7.5845383E-005
-6.881934E-005
-6.6251931E-005
-6.8009896E-005
-6.7932953E-005
-6.9190115E-005
-7.0647395E-005
-7.0187853E-005
-6.8799243E-005
-6.6776491E-005
-6.264812E-005
-5.7414156E-005
-5.119764E-005
-5.2472857E-005
-6.0378159E-005
-6.8627225E-005
-7.1246686E-005
-6.8780872E-005
-6.2577754E-005
-5.4846369E-005
-4.557932E-005
-3.984417E-005
-3.5779281E-005
-3.0103036E-005
-2.6438647E-005
-2.4032333E-005
-2.7479267E-005
-3.4395809E-005
-3.7704714E-005
-3.6138663E-005
0.0
0.0
0.0
0.0
0.0
0.0
0.0
0.0
0.0
0.0
0.0
0.0
0.0
0.0
0.0
0.0
0.0
0.0
0.0
0.0
0.0
0.0
0.0
0.0
0.0
0.0
0.0
0.0
0.0
0.0
0.0
0.0
0.0
0.0
0.0
0.0
0.0
0.0
0.0
0.0
0.0
0.0
0.0
0.0
0.0
0.0
0.0
0.0
0.0
0.0
0.0
0.0
0.0
0.0
0.0
0.0
0.0
0.0
0.0
0.0
0.0
0.0
0.0
0.0
0.0
0.0
0.0
0.0
0.0
0.0
0.0
0.0
0.0
0.0
0.0
0.0
0.0
0.0
0.0
0.0
0.0
0.0
0.0
0.0
0.0
0.0
0.0
0.0
0.0
0.0
0.0
0.0
0.0
0.0
0.0
0.0
0.0
0.0
0.0
0.0
0.0
0.0
0.0
0.0
0.0
0.0
0.0
0.0
0.0
0.0
0.0
0.0
0.0
0.0
0.0
0.0
0.0
0.0
0.0
0.0
0.0
0.0
0.0
0.0
0.0
0.0
0.0
0.0
0.0
0.0
0.0
0.0
0.0
0.0
0.0
0.0
0.0
0.0
0.0
0.0
0.0
0.0
0.0
0.0
0.0
0.0
0.0
0.0
0.0
0.0
0.0
0.0
0.0
0.0
0.0
0.0
0.0
0.0
0.0
0.0
0.0
0.0
0.0
0.0
0.0
0.0
0.0
0.0
0.0
0.0
0.0
0.0
0.0
0.0
0.0
0.0
0.0
0.0
0.0
0.0
0.0
0.0
0.0
0.0
0.0
0.0
0.0
0.0
0.0
0.0
0.0
0.0
0.0
0.0
0.0
0.0
0.0
0.0
0.0
0.0
0.0
0.0
0.0
0.0
0.0
0.0
0.0
0.0
0.0
0.0
0.0
0.0
0.0
0.0
0.0
0.0
0.0
0.0
0.0
0.0
0.0
0.0
0.0
0.0
0.0
0.0
0.0
0.0
0.0
0.0
0.0
0.0
0.0
0.0
0.0
0.0
0.0
0.0
0.0
0.0
0.0
0.0
0.0
0.0
0.0
0.0
0.0
0.0
0.0
0.0
0.0
0.0
0.0
0.0
0.0
0.0
0.0
0.0
0.0
0.0
0.0
0.0
0.0
0.0
0.0
0.0
0.0
0.0
0.0
0.0
0.0
0.0
0.0
0.0
0.0
0.0
0.0
0.0
0.0
0.0
0.0
0.0
0.0
0.0
0.0
0.0
0.0
0.0
0.0
0.0
0.0
0.0
0.0
0.0
0.0
0.0
0.0
0.0
0.0
0.0
0.0
0.0
0.0
0.0
0.0
0.0
0.0
0.0
0.0
0.0
0.0
0.0
0.0
0.0
0.0
0.0
0.0
0.0
0.0
0.0
0.0
0.0
0.0
0.0
0.0
0.0
0.0
0.0
0.0
0.0
0.0
0.0
0.0
0.0
0.0
0.0
0.0
0.0
0.0
0.0
0.0
0.0
0.0
0.0
0.0
0.0
0.0
0.0
0.0
0.0
0.0
0.0
0.0
0.0
0.0
0.0
0.0
0.0
0.0
0.0
0.0
0.0
0.0
0.0
0.0
0.0
0.0
0.0
0.0
0.0
0.0
0.0
0.0
0.0
0.0
0.0
0.0
0.0
0.0
0.0
0.0
0.0
0.0
0.0
0.0
0.0
0.0
0.0
0.0
0.0
0.0
0.0
0.0
0.0
0.0
0.0
0.0
0.0
0.0
0.0
0.0
0.0
0.0
0.0
0.0
0.0
0.0
0.0
0.0
0.0
0.0
0.0
0.0
0.0
0.0
0.0
0.0
0.0
0.0
0.0
0.0
0.0
0.0
0.0
0.0
0.0
0.0
0.0
0.0
0.0
0.0
0.0
0.0
0.0
0.0
0.0
0.0
0.0
0.0
0.0
0.0
0.0
0.0
0.0
0.0
0.0
0.0
0.0
0.0
0.0
0.0
0.0
0.0
0.0
0.0
0.0
0.0
0.0
0.0
0.0
0.0
0.0
0.0
0.0
0.0
0.0
0.0
0.0
0.0
0.0
0.0
0.0
0.0
0.0
0.0
0.0
0.0
0.0
0.0
0.0
0.0
0.0
0.0
0.0
0.0
0.0
0.0
0.0
0.0
0.0
0.0
0.0
0.0
0.0
0.0
0.0
0.0
0.0
0.0
0.0
0.0
0.0
0.0
0.0
0.0
0.0
0.0
0.0
0.0
0.0
0.0
0.0
0.0
0.0
0.0
0.0
0.0
0.0
0.0
0.0
0.0
0.0
0.0
0.0
0.0
0.0
0.0
0.0
0.0
0.0
0.0
0.0
0.0
0.0
0.0
0.0
0.0
0.0
0.0
0.0
0.0
0.0
0.0
0.0
0.0
0.0
0.0
0.0
0.0
0.0
0.0
0.0
0.0
0.0
0.0
0.0
0.0
0.0
0.0
0.0
0.0
0.0
0.0
0.0
0.0
0.0
0.0
0.0
0.0
0.0
0.0
0.0
0.0
0.0
0.0
0.0
0.0
0.0
0.0
0.0
0.0
0.0
0.0
0.0
0.0
0.0
0.0
0.0
0.0
0.0
0.0
0.0
0.0
0.0
0.0
0.0
0.0
0.0
0.0
0.0
0.0
0.0
0.0
0.0
0.0
0.0
0.0
0.0
0.0
0.0
0.0
0.0
0.0
0.0
0.0
0.0
0.0
0.0
0.0
0.0
0.0
0.0
0.0
0.0
0.0
0.0
0.0
0.0
0.0
0.0
0.0
0.0
0.0
0.0
0.0
0.0
0.0
0.0
0.0
0.0
0.0
0.0
0.0
0.0
0.0
0.0
0.0
0.0
0.0
0.0
0.0
0.0
0.0
0.0
0.0
0.0
0.0
0.0
0.0
0.0
0.0
0.0
0.0
0.0
0.0
0.0
0.0
0.0
0.0
0.0
0.0
0.0
0.0
0.0
0.0
0.0
0.0
0.0
0.0
0.0
0.0
0.0
0.0
0.0
0.0
0.0
0.0
0.0
0.0
0.0
0.0
0.0
0.0
0.0
0.0
0.0
0.0
0.0
0.0
0.0
0.0
0.0
0.0
0.0
0.0
0.0
0.0
0.0
0.0
0.0
0.0
0.0
0.0
0.0
0.0
0.0
0.0
0.0
0.0
0.0
0.0
0.0
0.0
0.0
0.0
0.0
0.0
0.0
0.0
0.0
0.0
0.0
0.0
0.0
0.0
0.0
0.0
0.0
0.0
0.0
0.0
0.0
0.0
0.0
0.0
0.0
0.0
0.0
0.0
0.0
0.0
0.0
0.0
0.0
0.0
0.0
0.0
0.0
0.0
0.0
0.0
0.0
0.0
0.0
0.0
0.0
0.0
0.0
0.0
0.0
0.0
0.0
0.0
0.0
0.0
0.0
0.0
0.0
0.0
0.0
0.0
0.0
0.0
0.0
0.0
0.0
0.0
0.0
0.0
0.0
0.0
0.0
0.0
0.0
0.0
0.0
0.0
0.0
0.0
0.0
0.0
0.0
0.0
0.0
0.0
0.0
0.0
0.0
0.0
0.0
0.0
0.0
0.0
0.0
0.0
0.0
0.0
0.0
0.0
0.0
0.0
0.0
0.0
0.0
0.0
0.0
0.0
0.0
0.0
0.0
0.0
0.0
0.0
0.0
0.0
0.0
0.0
0.0
0.0
0.0
0.0
0.0
0.0
0.0
0.0
0.0
0.0
0.0
0.0
0.0
0.0
0.0
0.0
0.0
0.0
0.0
0.0
0.0
0.0
0.0
0.0
0.0
0.0
0.0
0.0
0.0
0.0
0.0
0.0
0.0
0.0
0.0
0.0
0.0
0.0
0.0
0.0
0.0
0.0
0.0
0.0
0.0
0.0
0.0
0.0
0.0
0.0
0.0
0.0
0.0
0.0
0.0
0.0
0.0
0.0
0.0
0.0
0.0
0.0
0.0
0.0
0.0
0.0
0.0
0.0
0.0
0.0
0.0
0.0
0.0
0.0
0.0
0.0
0.0
0.0
0.0
0.0
0.0
0.0
0.0
0.0
0.0
0.0
0.0
0.0
0.0
0.0
0.0
0.0
0.0
0.0
0.0
0.0
0.0
0.0
0.0
0.0
0.0
0.0
0.0
0.0
0.0
0.0
0.0
0.0
0.0
0.0
0.0
0.0
0.0
0.0
0.0
0.0
0.0
0.0
0.0
0.0
0.0
0.0
0.0
0.0
0.0
0.0
0.0
0.0
0.0
0.0
0.0
0.0
0.0
0.0
0.0
0.0
0.0
0.0
0.0
0.0
0.0
0.0
0.0
0.0
0.0
0.0
0.0
0.0
0.0
0.0
0.0
0.0
0.0
0.0
0.0
0.0
0.0
0.0
0.0
0.0
0.0
0.0
0.0
