2.4901119E-005
1.3971048E-005
1.3891202E-005
1.9760633E-005
2.2682199E-005
5.7863013E-005
6.8878391E-005
8.2006365E-005
8.827167E-005
9.5845877E-005
7.6797303E-005
7.4496013E-005
4.9970437E-005
4.6895577E-005
3.1812317E-005
2.7482574E-005
3.9606581E-005
3.3438828E-005
4.7020243E-005
4.6876976E-005
4.6177523E-005
3.5016827E-005
9.9373647E-006
-1.3828807E-006
4.0951331E-006
1.4611402E-005
3.8110815E-005
2.8028333E-005
3.6944111E-005
1.5163457E-005
7.4621853E-006
-6.5458194E-006
-1.5611991E-005
-1.7164117E-005
-1.8674036E-005
-3.342305E-005
-2.6930731E-005
-3.72701E-005
-1.1069518E-005
-1.2716527E-005
-1.4767671E-005
-2.383333E-005
-2.2069284E-005
-3.0079864E-005
-2.582806E-005
-2.1048596E-005
-3.1043081E-005
-3.1332602E-005
-4.0793944E-005
-3.2737877E-005
-6.4818138E-005
-6.3451611E-005
-6.1908882E-005
-5.4825872E-005
-5.6847515E-005
-6.9230104E-005
-6.3453197E-005
-4.4433033E-005
-3.159319E-005
-4.9939381E-006
1.4622892E-005
2.2134736E-005
2.1412607E-005
8.5548791E-006
-1.1276607E-005
-1.5290972E-005
-3.3584656E-005
-4.0803843E-005
-3.9268783E-005
-2.8028267E-005
-1.5080165E-005
-2.6192161E-005
-2.7273845E-005
-8.8550398E-005
-0.00056193979
-0.0020585421
-0.00437896
-0.0069666612
-0.00782739
-0.0079788966
-0.0085461019
-0.0087166959
-0.0071482137
-0.0049193464
-0.0035080132
-0.0030729508
-0.0031108619
-0.0031503241
-0.0036441847
-0.0046803895
-0.005478411
-0.0048658899
-0.0036496897
-0.0026985749
-0.0019519989
-0.00050663372
0.0011250753
0.0021749779
0.0022700001
0.0020632942
0.0025336077
0.0039595817
0.0058838623
0.0081287595
0.0092992354
0.0096844006
0.0093478682
0.0082181245
0.006021888
0.0037985381
0.0024863766
0.003099367
0.0051863678
0.0073423032
0.008066847
0.0073478213
0.0054280018
0.0037911916
0.003037944
0.0033252155
0.0036985017
0.0035725215
0.0028254602
0.0017584123
0.00069576601
0.00023081568
9.3341252E-005
5.9853235E-005
-0.00025569374
-0.00066527911
-0.00012616653
0.0014271014
0.0031372358
0.0037410997
0.0036369341
0.0034775361
0.0033522299
0.0027440549
0.0021442005
0.0023210847
0.0032454501
0.0034972604
0.0019575756
1.9575202E-005
-0.0010013991
-0.001059404
-0.0013566583
-0.0024257153
-0.0028355408
-0.0015575329
0.0009351105
0.0017829165
0.00056022382
-0.0017744522
-0.0037956433
-0.0054201134
-0.0060949055
-0.0063773706
-0.0064198351
-0.0062294034
-0.0059475922
-0.0058539766
-0.0058008321
-0.0054200729
-0.0047628745
-0.003983391
-0.0034934124
-0.0032764943
-0.002688433
-0.0016051119
-0.00057681592
-0.00016569413
-0.00027098556
-0.00051086984
-0.00085502648
-0.0012964227
-0.0014654406
-0.00099831168
-8.0401507E-005
0.00096311845
0.0019072993
0.0026538211
0.0027311344
0.0025116387
0.0023915195
0.0024073271
0.0023341877
0.0021004288
0.0017396535
0.0013531267
0.00092575827
0.00020130487
-0.00038675242
-0.00049539487
-0.00019855608
0.00039923197
0.0012786608
0.0019535057
0.0021219274
0.0020933608
0.0019750558
0.001866867
0.0019166106
0.0020153774
0.0018511422
0.001483949
0.0013850352
0.0019315829
0.0026482206
0.003039205
0.0027240817
0.0020550017
0.0013894315
0.0011154572
0.0011483957
0.0016046207
0.0023489739
0.003133008
0.003189937
0.0024002299
0.0010647896
0.00034821968
0.00010647755
-0.00017617515
-0.00083704939
-0.0016907472
-0.0018984557
-0.0015940582
-0.0015181456
-0.0018206921
-0.0018396049
-0.0014017144
-0.0011640196
-0.0014579033
-0.0019424161
-0.002361787
-0.0025961669
-0.0026426504
-0.0025798385
-0.0023892347
-0.0022367439
-0.0021798431
-0.0022365623
-0.0023407745
-0.0025825794
-0.0028800052
-0.0028788284
-0.0025324428
-0.002069785
-0.001602942
-0.0011375197
-0.00060439639
-0.00033114161
-0.00045189724
-0.00095526292
-0.0014049046
-0.001741448
-0.0020166039
-0.0021564909
-0.0019803471
-0.0014622345
-0.00076354149
-0.00023236375
-7.5724107E-005
-8.84697E-005
-0.00013052243
-9.0458641E-005
2.4194869E-005
0.00012185163
0.00021112816
0.0003284541
0.00042508799
0.00055472879
0.00066418556
0.00065998017
0.00061454321
0.00064763933
0.00071314513
0.00067368092
0.00063402095
0.00090025732
0.0013588385
0.0016755597
0.0017457749
0.0017539884
0.0018196885
0.0018394995
0.0017495804
0.001628136
0.0015613143
0.0014693723
0.0011533556
0.00069959735
0.0004963408
0.00082712388
0.0012512369
0.0013039999
0.0011119354
0.0011049038
0.0013777947
0.0015546542
0.0012994404
0.00093301665
0.00068015378
0.00049322756
0.0001634346
-0.00022374318
-0.00030208044
-0.00015075911
-4.132192E-005
-0.00015936166
-0.00037960749
-0.00052069989
-0.0006586581
-0.00086711859
-0.001076162
-0.0011443391
-0.00093258749
-0.00059333741
-0.00030916173
-0.00029762142
-0.00049111701
-0.00087422354
-0.0013252439
-0.0018395762
-0.0021303808
-0.0020914751
-0.001742485
-0.0013202005
-0.0008851926
-0.00068511302
-0.00063531852
-0.00073345558
-0.00084888207
-0.0009831629
-0.0010754311
-0.0010923133
-0.0010317994
-0.00097512378
-0.00092220225
-0.00090762769
-0.00085326057
-0.00086901465
-0.00091459864
-0.00091917859
-0.00076898158
-0.00057785085
-0.00039529798
-0.00029940603
-0.00022884921
-0.00016509583
-9.2565082E-005
-5.5901317E-005
8.7853405E-005
0.00031758501
0.000495933
0.00042911511
0.00025877642
0.00015997302
0.00013032439
9.5991054E-005
0.00014849195
0.00037482518
0.00079047662
0.0011597842
0.0014876869
0.001683929
0.0016495273
0.0013389576
0.00096330955
0.00081164599
0.00091456587
0.00098444556
0.00095715112
0.0010595171
0.0012369745
0.0012789175
0.0010526164
0.00072746672
0.00054077379
0.0005639852
0.00060600956
0.00055392255
0.0005316477
0.00058963709
0.00069989747
0.00067497627
0.00047609472
0.00022892393
2.304384E-005
-5.0217979E-005
-0.00011626866
-0.00024971951
-0.00036156393
-0.00035915885
-0.00024867302
-0.00018080218
-0.000163772
-8.9048262E-005
7.7375626E-005
0.00018384117
0.0001094525
-0.00014813898
-0.00034465609
-0.00048618938
-0.00057494902
-0.00060870533
-0.00056424295
-0.00044457911
-0.0003486104
-0.00034111127
-0.00040962338
-0.00048820025
-0.00058056094
-0.00065534934
-0.00073285401
-0.00078320474
-0.00076084613
-0.00065731187
-0.00056825072
-0.00055495696
-0.00059733499
-0.00066679664
-0.00077197416
-0.00084748765
-0.00090135145
-0.00091051543
-0.00085275696
-0.0007388161
-0.00056810491
-0.00033807472
-0.00019736696
-0.00012610316
-7.2454393E-005
-4.1975381E-005
-5.873874E-005
-4.5147746E-005
1.7019021E-006
0.0001097641
0.00018773989
0.0002363848
0.00024835812
0.00030526402
0.00042824185
0.00058000471
0.00067104778
0.00069824443
0.00064948568
0.0006095373
0.00058669219
0.00060948532
0.00066890853
0.00070538447
0.00069914747
0.00064853171
0.00057680917
0.00052139693
0.00054648839
0.00057974295
0.0005707292
0.00046596519
0.00039570066
0.00038906166
0.00041101093
0.00041603739
0.00045486816
0.00054568925
0.00062636455
0.00066209881
0.00063971884
0.00049467979
0.00030247422
0.00012453037
3.9207578E-005
3.8184473E-005
0.00015799594
0.00028184202
0.00040714489
0.00044423659
0.00038586184
0.00019408403
4.4076471E-005
-8.0115322E-005
-0.0001440112
-0.00016140711
-0.00015397882
-9.8062526E-005
-1.722663E-005
1.5235549E-005
-1.9869727E-005
-0.00013147623
-0.00029246879
-0.00045938342
-0.000570887
-0.00053781696
-0.0004480092
-0.00036597482
-0.00032626782
-0.00029340843
-0.00032027866
-0.00039975514
-0.00047702983
-0.0005065985
-0.00051756145
-0.0005154637
-0.00051144225
-0.00052872195
-0.00052753976
-0.0005239161
-0.00055450603
-0.00053755456
-0.00043114432
-0.00033131358
-0.00025651467
-0.00026011444
-0.0002980335
-0.00034348969
-0.00039676591
-0.00040314358
-0.0003553913
-0.00026017084
-0.00015607812
-6.2908337E-005
-2.7650343E-005
-2.9089957E-005
-6.0222246E-005
-6.9640948E-005
-6.6745924E-005
-3.818941E-005
2.3163564E-005
7.0999129E-005
0.0001628258
0.00029188357
0.00038488256
0.00039343676
0.00035248531
0.00030168326
0.00024044071
0.00020599653
0.00019560532
0.00022937251
0.00027222565
0.00032254972
0.00035561624
0.00040644838
0.00040289454
0.00035834004
0.00033266022
0.00032115201
0.00034091171
0.00034490341
0.00030919572
0.00023844086
0.00020598716
0.00019426504
0.00021387461
0.00026106182
0.00031299892
0.00032613761
0.00026141261
0.00016301901
8.7510183E-005
8.5932617E-005
0.00013782014
0.000191322
0.00023924297
0.00029234379
0.0003194935
0.00029508985
0.00022133703
0.0001322168
7.5481577E-005
1.9499001E-005
-5.7693967E-005
-0.00010254615
-0.00010182694
-8.6614884E-005
-6.5762186E-005
-6.0427108E-005
-7.6606491E-005
-9.9972094E-005
-9.5368036E-005
-0.00011618676
-0.00016099046
-0.00026397547
-0.00035063783
-0.00038734148
-0.00038550512
-0.00037269131
-0.00039229263
-0.00041820487
-0.00044130805
-0.00045300226
-0.00046513806
-0.00049370492
-0.00048669759
-0.00043582346
-0.00037724193
-0.00034125519
-0.00028791264
-0.00024069479
-0.00020790163
-0.00020344203
-0.00025426029
-0.00031204621
-0.00034216681
-0.00031709456
-0.00022838479
-0.00017335334
-0.00011436004
-6.4230822E-005
-1.5046686E-005
1.2652163E-005
3.3274879E-005
6.6891858E-005
0.00011300659
0.00011720322
0.00012613791
8.8232067E-005
6.8830865E-005
5.5024695E-005
6.871744E-005
6.4424501E-005
5.2596613E-005
8.1509359E-005
0.00016221964
0.00023977533
0.00025976199
0.00022796101
0.00018345987
0.00017535675
0.00022437527
0.00026408109
0.00028867606
0.00032377368
0.00035596016
0.00035609701
0.00034603997
0.0003091293
0.00025750173
0.00024112455
0.0002523828
0.00029209509
0.00031160729
0.00036083066
0.0003916595
0.00041665859
0.00036030321
0.0003006295
0.00025356375
0.00023730822
0.00019559562
0.00014492797
9.6407071E-005
7.9364145E-005
4.7668251E-005
2.4900479E-005
-4.2038987E-006
-1.0064511E-005
-2.8357146E-005
-5.5460292E-005
-0.00010094863
-0.00013196384
-0.00017921791
-0.00019814787
-0.00024200285
-0.00025542011
-0.00026659123
-0.00025180564
-0.00024522978
-0.00022811798
-0.00024999399
-0.00029602146
-0.00033863075
-0.00036045941
-0.00035180477
-0.00034301725
-0.00031882379
-0.00026501287
-0.00020968431
-0.00016006373
-0.00015705301
-0.00017062212
-0.0002057308
-0.00022563453
-0.00024879107
-0.00026208069
-0.00025014981
-0.00023937432
-0.00022172366
-0.00019981278
-0.00018107252
-0.00017949454
-0.00012850184
-0.00010199984
-8.4311003E-005
-9.4520408E-005
-8.7014691E-005
-8.3849431E-005
-2.8316297E-005
-1.0114108E-005
1.3362609E-005
4.976974E-005
7.9177189E-005
9.9418357E-005
9.1013921E-005
9.9370467E-005
0.0001241181
0.00014350581
0.00015632194
0.00018250347
0.0002410817
0.00029485137
0.00033417827
0.00035468792
0.00037195079
0.00035513949
0.00034421837
0.00031265174
0.00029787474
0.00027650286
0.00026970755
0.00025349183
0.00027015622
0.00028708449
0.00028582232
0.00026285494
0.00024616165
0.0002178921
0.00021119342
0.000194081
0.00018012302
0.00016177131
0.00015536042
0.00014527612
0.00012150421
9.1899514E-005
6.7761219E-005
3.3567914E-005
2.5178751E-005
-3.1683533E-006
-4.2805725E-005
-8.5296335E-005
-9.735184E-005
-6.5097265E-005
-4.1487248E-005
-1.5942465E-005
-7.7552977E-006
-1.0851306E-005
-3.3969402E-005
-7.3985255E-005
-0.00012965527
-0.00016316921
-0.00020256113
-0.00023904043
-0.00023513398
-0.00022844788
-0.00021965698
-0.00023201061
-0.00024720421
-0.00025755426
-0.00023544069
-0.00022334009
-0.00022683262
-0.000205898
-0.00020538463
-0.00022113729
-0.0002401513
-0.00025692413
-0.00025905107
-0.00025070042
-0.00025105794
-0.00024907297
-0.00024404399
-0.00023066913
-0.00022256772
-0.00020530602
-0.00018703932
-0.0001541697
-0.00010499135
-6.6956534E-005
-2.2850156E-005
1.2772655E-005
3.5594567E-005
3.9748738E-005
2.4455434E-005
4.9310192E-006
-1.2392881E-005
9.2859163E-006
3.4609475E-005
6.0753227E-005
9.7300872E-005
0.00014208286
0.00018759037
0.00022060744
0.00023160121
0.00020010243
0.00019257893
0.00021261332
0.00025137467
0.0002840317
0.00029610028
0.00029475949
0.00028984941
0.00025170273
0.00025270079
0.00024323548
0.00023525716
0.00024567734
0.0002345644
0.00025495503
0.00025432749
0.00027680158
0.00027393849
0.00026828711
0.00025538224
0.00023976709
0.00022995274
0.00020650894
0.00017578395
0.00012543857
8.3639978E-005
4.3339052E-005
1.3198725E-005
-1.0033802E-006
2.2187421E-006
4.9965965E-006
-9.5447012E-006
-3.1016472E-005
-4.1035943E-005
-6.5835738E-005
-0.00011156308
-0.00015111289
-0.00019630515
-0.00021894919
-0.00020653431
-0.00020617894
-0.00018841631
-0.00018419532
-0.00021292147
-0.00025121364
-0.00026637851
-0.00027630336
-0.00025523925
-0.00023068012
-0.00022276632
-0.00021065485
-0.00019078085
-0.00019286312
-0.00018570306
-0.00018048762
-0.00018627585
-0.00019593285
-0.00020407118
-0.00021102309
-0.00020317911
-0.00018087008
-0.00016092359
-0.00016248015
-0.00014119063
-0.00013667632
-0.00013185049
-0.00010798939
-9.5653188E-005
-8.3322135E-005
-5.2710318E-005
-2.9356201E-005
2.418793E-006
1.9159079E-005
2.678596E-005
2.8886017E-005
3.2821601E-005
3.481983E-005
4.0813662E-005
5.5227185E-005
9.2283262E-005
0.00013326958
0.00016207738
0.00017244442
0.00017069175
0.00018189992
0.00022316653
0.00026336347
0.00029590202
0.00029748888
0.00028937194
0.00028883436
0.00029359898
0.00029977647
0.00028100572
0.00026958861
0.00027532564
0.00024798338
0.00025319273
0.0002640617
0.00028317983
0.00028442492
0.00025525322
0.00023068748
0.00017100618
0.00012533522
8.9420057E-005
6.3836371E-005
5.8754227E-005
4.1065428E-005
1.3292632E-005
-1.8904899E-005
-4.8961003E-005
-7.3474519E-005
-9.7177224E-005
-0.00011672101
-0.0001412322
-0.00014215903
-0.00011750736
-8.6300133E-005
-6.5360851E-005
-8.2622995E-005
-0.00011591174
-0.00013728206
-0.00016579378
-0.00016570071
-0.00018064307
-0.00017662786
-0.00018270734
-0.00018904485
-0.00019291203
-0.00017083088
-0.00015561584
-0.00014063218
-0.00013575336
-0.00013863931
-0.00014309454
-0.00013328716
-0.00013605243
-0.00014308725
-0.00016667975
-0.0001735876
-0.00018612349
-0.00020435851
-0.00020810599
-0.00019923746
-0.0001928633
-0.00018899531
-0.00017431277
-0.00015604348
-0.00012382433
-9.5362062E-005
-4.9402122E-005
-1.2090613E-005
1.970039E-005
3.3424047E-005
3.5834921E-005
3.1474949E-005
5.3450774E-005
6.7954279E-005
6.1081053E-005
7.5975971E-005
6.6991153E-005
8.419696E-005
0.00011027839
0.00015073948
0.00019004458
0.00021508803
0.00022797073
0.00024656497
0.00025258242
0.00026402209
0.00024866904
0.00024572905
0.0002368557
0.00021049513
0.00018003274
0.00016403706
0.00014277136
0.00012672719
0.00011620194
0.00012563862
0.00013430334
0.00013878824
0.00014144125
0.00015035135
0.00017288586
0.00016273878
0.00016236835
0.00013680987
0.00013587798
0.00011540401
8.0505706E-005
4.9310962E-005
2.9311646E-005
1.2444752E-005
1.4996631E-005
-5.8778346E-007
1.8355893E-005
2.6001233E-005
1.7875178E-005
-4.4865701E-006
-2.5605957E-005
-4.8595259E-005
-6.3179192E-005
-7.8289937E-005
-0.00010067563
-0.00014177566
-0.00018775201
-0.00023260171
-0.00025211601
-0.00026532254
-0.00027268607
-0.0002860988
-0.00026662395
-0.00024530207
-0.00022962947
-0.00019529402
-0.00020677387
-0.00020730609
-0.00020952956
-0.00019299967
-0.00020390845
-0.00018481347
-0.00018961873
-0.00018473169
-0.00016345002
-0.00016014265
-0.0001571584
-0.00013266892
-0.00010736581
-0.00010375554
-6.6157656E-005
-2.8337363E-005
-5.8485534E-006
2.4221916E-005
5.834721E-005
8.006869E-005
6.7069246E-005
6.6344473E-005
5.5887333E-005
4.622935E-005
1.7422577E-005
-2.129429E-006
1.4002728E-005
1.5180464E-005
4.0024293E-005
5.4462336E-005
5.7504494E-005
7.9256337E-005
8.995767E-005
9.5817486E-005
9.7964039E-005
0.00011403568
0.00011057151
0.00011525327
0.00011628105
0.00013038139
0.00012514934
0.00011567321
0.000117713
0.00010974406
0.00010319149
0.00012207337
0.00013703189
0.00017246751
0.00019296886
0.00018394657
0.00018490994
0.00016440419
0.00013934812
0.00013981655
0.00011559154
0.00010369883
0.00010626477
7.6441902E-005
5.8946946E-005
3.1223626E-005
1.7682118E-005
1.1288263E-005
1.150806E-005
-2.2917842E-005
2.2881588E-006
4.0799923E-006
1.1333126E-005
8.3490004E-006
-6.023969E-006
-3.333725E-007
-1.0464946E-005
-3.3182936E-005
-5.7573227E-005
-7.3136238E-005
-8.9075795E-005
-8.1023885E-005
-8.3794504E-005
-5.0866129E-005
-5.8266654E-005
-3.6808291E-005
-2.863095E-005
-4.0207407E-005
-3.3972359E-005
-8.8333218E-006
6.1659061E-006
3.9928404E-006
-2.1539249E-006
-1.7743843E-005
-4.8525824E-005
-4.5625729E-005
-7.0831513E-005
-7.00167E-005
-7.7560682E-005
-8.1411345E-005
-9.0335052E-005
-0.0001279382
-0.00011731883
-9.8872915E-005
-9.2418937E-005
-9.7903765E-005
-5.311902E-005
-4.4356435E-005
-5.5262826E-005
-6.3816828E-005
-7.7008015E-005
-9.0105081E-005
-0.00011079597
-9.6130512E-005
-8.8839501E-005
-5.7940757E-005
-5.6261732E-005
-4.158479E-005
-7.7559134E-006
1.7277451E-005
4.2132822E-005
7.0045717E-005
7.8971643E-005
9.0063979E-005
0.0001107985
0.00011111685
0.00012394208
0.00010711568
0.00010947382
8.3430765E-005
7.7714554E-005
8.1116981E-005
8.1631326E-005
9.1102018E-005
0.00011253339
0.00012526843
0.00013645356
0.00013350318
0.00013106987
0.0001298455
0.00012962794
9.1049056E-005
7.5035736E-005
5.57206E-005
2.8785296E-005
1.3149602E-005
6.3139114E-006
-4.6874852E-006
-1.6815091E-005
-2.1261507E-005
-4.447118E-006
2.4625313E-006
1.9307725E-005
5.019204E-005
3.1228665E-005
3.8325776E-005
2.3008402E-005
1.2929449E-005
-1.8460421E-005
-3.7145699E-005
-5.5421187E-005
-6.1009188E-005
-8.3822968E-005
-9.6117219E-005
-9.3483774E-005
-9.2762028E-005
-0.00012188482
-0.00010767549
-9.5733354E-005
-8.8728957E-005
-8.4037529E-005
-6.2311781E-005
-6.7920846E-005
-6.7012836E-005
-6.6951339E-005
-6.2714738E-005
-8.6961452E-005
-8.7508342E-005
-0.00010990544
-0.00012683407
-0.0001031265
-6.888061E-005
-6.6107459E-005
-6.0448103E-005
-5.3772943E-005
-4.3379299E-005
-3.2248383E-005
-2.1824873E-005
-3.2672098E-005
-1.1571141E-005
3.1756604E-006
2.2996477E-005
2.5095407E-005
1.5671805E-005
-1.398046E-005
-2.0169227E-005
-4.2252428E-005
-4.6040132E-005
-5.7410263E-005
-5.4265511E-005
-3.2554548E-005
-1.0216872E-006
1.7208176E-005
3.9455961E-005
5.5146047E-005
6.1762126E-005
5.0911614E-005
5.7072677E-005
7.4372423E-005
0.00010214785
0.00010817603
0.00012426788
9.1795868E-005
6.1749241E-005
5.1184947E-005
2.8938493E-005
1.7613062E-005
3.022417E-005
6.0790997E-005
6.8687274E-005
8.7599081E-005
9.4415118E-005
9.9943143E-005
8.7841945E-005
7.8442419E-005
5.1189749E-005
1.1068226E-005
-1.8613679E-005
-2.6972382E-005
-3.9484865E-005
-3.7745031E-005
-3.5379519E-005
-4.6220066E-005
-5.8482412E-005
-6.1704763E-005
-7.4745032E-005
-7.3782343E-005
-9.19534E-005
-6.5962966E-005
-3.5183519E-005
-2.1222711E-006
1.479503E-006
-1.0590833E-005
-2.7603939E-005
-5.0829745E-005
-6.9923182E-005
-7.9744139E-005
-8.5655141E-005
-6.9624009E-005
-7.785335E-005
-6.8131441E-005
-4.9971044E-005
-4.3403503E-005
-2.4752555E-005
-2.8136037E-006
6.2763193E-006
-1.37646E-006
-4.3967379E-006
1.7335829E-005
1.3705298E-005
1.5146061E-005
4.9462569E-006
8.39122E-006
-2.8280705E-005
-4.0238323E-005
-4.8120728E-005
-5.7618981E-005
-6.3915679E-005
-4.1885738E-005
-1.8049061E-005
7.5916441E-006
3.2449931E-005
4.3790369E-005
4.7711092E-005
5.2664564E-005
5.2639509E-005
3.6648362E-005
1.801357E-005
2.1848553E-005
1.5317532E-005
1.2850915E-005
2.0333373E-006
-1.6552589E-005
-1.8491506E-005
-9.833152E-006
1.296304E-006
2.4175533E-006
-2.5789482E-006
4.6897208E-006
3.6227026E-005
6.1010822E-005
5.7355315E-005
4.1762396E-005
3.7004564E-005
2.0256415E-005
4.3468863E-006
-1.3710142E-005
-2.2059581E-005
-3.5679812E-005
-3.1365373E-005
-3.1956297E-005
-2.0227717E-006
9.6770236E-007
-1.0227919E-005
1.4344786E-006
2.0207804E-005
2.9781515E-005
4.0552568E-005
4.7541733E-005
6.1145605E-005
2.6094433E-005
1.7587003E-006
-2.2852253E-005
-8.4850171E-006
-1.171649E-005
-2.7788456E-005
-3.950949E-005
-2.598324E-005
-2.5585088E-005
-4.8282036E-006
3.4579768E-006
2.1321979E-005
5.0205954E-006
-2.1744707E-005
-4.0298943E-005
-5.2869964E-005
-6.4999593E-005
-7.6370481E-005
-9.4320771E-005
-0.00010695629
-0.00013216607
-0.0001343519
-0.00013156563
-0.0001135132
-9.61802E-005
-8.6081585E-005
-6.0172213E-005
-4.3337433E-005
-2.6814554E-005
-3.7085938E-005
-5.0236482E-005
-6.4239444E-005
-4.2556716E-005
-1.5284606E-005
-2.3577029E-005
-1.2776411E-005
-4.6312471E-006
-2.0829498E-006
-3.7160619E-006
6.4086294E-006
1.5348889E-005
5.0768918E-005
6.9087597E-005
8.2094317E-005
8.4179381E-005
8.9758447E-005
8.8216337E-005
9.6598204E-005
9.3691218E-005
0.00010387209
7.7104472E-005
4.2029042E-005
4.1746134E-005
2.1644433E-005
6.5962681E-006
-7.9025567E-006
-5.7408488E-006
1.4027677E-005
9.4129009E-006
-4.8477264E-006
1.5099149E-006
9.7332963E-007
2.0995956E-005
2.9345401E-005
3.0259367E-005
1.3400089E-005
1.9179393E-007
-1.8739369E-005
-1.552068E-005
-1.8248029E-005
-1.8039851E-005
-1.6888964E-005
-2.6335149E-005
-1.3355037E-005
-8.4398738E-007
1.1376104E-005
4.4746903E-005
7.6489254E-005
6.0130213E-005
7.2610186E-005
6.6053886E-005
4.9659509E-005
2.7881832E-005
-4.8164879E-006
-1.7517461E-006
-5.1925545E-006
1.8667281E-005
4.7355334E-005
5.3717751E-005
3.9850824E-005
3.0780207E-005
8.9602054E-006
-7.7397899E-006
-9.4342687E-007
1.8883121E-006
-1.3634055E-006
-6.4017327E-006
-2.7962587E-005
-3.1748528E-005
-3.8347211E-005
-3.6742815E-005
-4.4147855E-005
-7.9178826E-005
-9.3973831E-005
-9.9836667E-005
-7.6213219E-005
-3.9349066E-005
-1.9987325E-005
-2.2042992E-005
-3.4446104E-005
-5.1568764E-005
-5.9050017E-005
-5.5438268E-005
-5.0819908E-005
-2.7952949E-005
1.6036721E-006
7.5929927E-007
1.606964E-005
1.25028E-005
2.1097861E-005
4.7323815E-006
-8.7190128E-006
-3.8325266E-005
-2.4343195E-005
4.6573828E-006
2.2027434E-005
2.7950735E-005
2.5281603E-005
1.4696328E-005
-3.5788519E-006
3.8610988E-006
2.0586783E-006
-2.1238153E-005
-2.2588198E-005
-1.8662098E-005
-2.4791982E-005
-2.8642195E-005
-4.2824082E-005
-5.7759236E-005
-6.7888679E-005
-6.8307963E-005
-6.8336347E-005
-5.6442557E-005
-4.8889597E-005
-5.5985158E-005
-5.1155454E-005
-4.8614358E-005
-4.8095502E-005
-3.1166051E-005
-1.9330111E-005
-1.10498E-005
1.2469353E-005
2.5535513E-005
2.7033524E-005
3.1186286E-005
3.345219E-005
2.5373894E-005
2.225346E-005
2.6025546E-005
2.9203818E-005
3.4668905E-005
6.2451225E-005
8.4291263E-005
7.7989193E-005
7.8029218E-005
6.725132E-005
3.8476432E-005
3.5321962E-005
1.7340946E-005
-2.112055E-006
-7.9201318E-006
-8.8445249E-006
1.1530193E-005
-5.2671494E-006
-1.1934789E-005
-2.4914209E-005
-1.4928986E-005
-3.8303013E-005
-6.6414636E-005
-6.99351E-005
-5.139635E-005
-5.4914944E-005
-3.9457784E-005
-3.1003383E-005
-4.856697E-005
-4.8264159E-005
-5.9976672E-005
-7.7802761E-005
-6.3273648E-005
-3.9161972E-005
-1.750945E-005
-2.0615319E-006
2.1960998E-006
4.3668742E-006
-1.4425168E-005
-2.5586458E-005
-2.6779366E-005
2.8368916E-008
-3.7265813E-006
-3.0857907E-006
-5.3977756E-006
-5.6572588E-007
-2.4616549E-005
-4.6635112E-005
-6.2472383E-005
-5.5349137E-005
-5.2317286E-005
-2.8987435E-005
-3.385852E-005
-4.2124764E-005
-3.831962E-005
-6.0595252E-005
-7.3227595E-005
-6.9398317E-005
-7.9664242E-005
-8.4457119E-005
-7.6446871E-005
-7.9775207E-005
-5.3186763E-005
-4.1957617E-005
-3.6302492E-005
-2.9268305E-005
-2.8962042E-005
-2.0549653E-005
-2.6561014E-005
8.2929619E-006
2.0529353E-005
2.7862789E-005
2.9407891E-005
2.1539816E-005
2.2519531E-005
1.3194966E-005
1.3963649E-005
1.188165E-005
4.6509987E-005
6.2803192E-005
5.9361966E-005
6.5267464E-005
6.3369276E-005
7.5113159E-005
6.8265705E-005
4.1157582E-005
1.9018033E-005
4.1923016E-005
6.0549373E-005
7.3352494E-005
4.9380997E-005
5.1562874E-005
3.4939108E-005
5.1913896E-005
6.4699649E-005
7.6557131E-005
7.6117409E-005
6.893136E-005
7.8433121E-005
9.4155985E-005
0.00010294567
0.0001165671
0.00012026035
0.00010066155
6.0100974E-005
4.4070446E-005
4.7685811E-005
5.7775494E-005
6.7532419E-005
5.4488512E-005
5.5907476E-005
3.6315854E-005
4.6381843E-005
3.4932673E-005
2.7950096E-006
7.3977899E-006
-7.8463181E-006
-2.2371551E-005
-4.1329447E-005
-4.5556531E-005
-5.3788448E-005
-6.915706E-005
-6.4516586E-005
-7.4743977E-005
-8.7741268E-005
-8.9132554E-005
-9.1487804E-005
-9.566755E-005
-7.9955433E-005
-7.4831369E-005
-5.394021E-005
-2.1647184E-005
-1.1206878E-005
-1.832948E-005
-4.4396289E-005
-5.0121707E-005
-5.3048967E-005
-1.2617771E-005
1.5535212E-006
-6.3457001E-006
1.3411062E-006
-3.5793951E-006
-3.7196947E-005
-5.8253456E-005
-6.2805055E-005
-4.6133704E-005
-1.7480477E-006
5.6457875E-006
2.924513E-006
-1.8745494E-006
-1.6422597E-005
-3.4043449E-005
-5.0890609E-005
-6.5077715E-005
-6.8986839E-005
-4.9621609E-005
-5.615587E-005
-5.3969125E-005
-5.9637059E-005
-3.7228434E-005
-9.1282254E-006
4.3061432E-006
2.2523249E-005
1.8591363E-005
2.4830708E-005
4.274572E-005
6.9018301E-005
6.8232148E-005
6.8740737E-005
5.2377192E-005
6.7546636E-005
4.5786033E-005
3.9154424E-005
3.8108912E-005
3.2408254E-005
2.3456725E-005
3.8990103E-005
6.0256982E-005
5.7947098E-005
5.8927508E-005
4.6710418E-005
3.613385E-005
1.2706448E-005
-6.2598332E-007
1.6003506E-006
-3.7798302E-006
-2.4198676E-005
-5.8388287E-005
-9.3048788E-005
-0.00012628247
-0.00011552441
-9.8349228E-005
-0.0001002119
-7.1675742E-005
-6.0932067E-005
-3.8813487E-005
-3.0626165E-005
-3.8125509E-005
-2.5743768E-005
-1.5470345E-006
-1.9436182E-008
-2.0738817E-006
-1.4484034E-005
-1.3371131E-005
3.5590481E-006
4.1410858E-006
2.9527058E-005
3.7958685E-005
5.2446518E-005
6.3054125E-005
6.8910194E-005
7.3578376E-005
5.7205456E-005
5.2879794E-005
5.3500888E-005
4.8967671E-005
4.5877023E-005
6.0454036E-006
-2.0081359E-005
-4.1996442E-005
-6.1018451E-005
-7.6045792E-005
-8.6500491E-005
-7.6883065E-005
-7.7606412E-005
-8.7080334E-005
-7.9873695E-005
-7.7067671E-005
-7.9226986E-005
-8.8798042E-005
-9.6631637E-005
-9.1395777E-005
-9.9527206E-005
-9.5589574E-005
-9.6230222E-005
-6.7668734E-005
-6.5878907E-005
-5.0232382E-005
-3.5958252E-005
-1.7600434E-005
-2.0190795E-005
-8.2703637E-006
-8.3197638E-006
-2.0118084E-006
2.6325399E-005
3.1478106E-005
4.1953914E-005
4.8697642E-005
4.3515676E-005
6.3963889E-005
6.005614E-005
2.2872448E-005
3.3791322E-005
2.5314061E-005
5.4124757E-007
2.3682403E-006
8.4378589E-006
1.1735117E-005
4.167694E-006
1.6804492E-005
1.4452979E-005
-1.4059941E-006
-1.7110049E-005
-3.9503077E-005
-5.1690535E-005
-6.2871739E-005
-6.5365639E-005
-5.6346475E-005
-5.5816425E-005
-4.2916381E-005
-4.4229331E-005
-3.3497192E-005
-4.8541555E-005
-4.6132482E-005
-4.5529643E-005
-3.2734461E-005
-3.086494E-005
-2.2131863E-007
1.3502644E-005
2.5267247E-005
3.0272191E-005
4.84062E-005
2.7276614E-005
3.483719E-005
1.7602084E-005
3.2283766E-005
4.409024E-005
4.1005358E-005
4.0791423E-005
2.6498827E-005
1.5729058E-005
-5.6731137E-006
-2.0950518E-005
-2.9730383E-005
-2.2410413E-005
-6.0951861E-006
-2.661548E-006
-6.4302785E-006
-1.5627518E-005
-3.2441418E-005
-4.2998126E-005
-7.7664772E-005
-6.8626992E-005
-5.9769183E-005
-5.695139E-005
-6.6747976E-005
-7.0088849E-005
-7.4581912E-005
-8.6472406E-005
-8.7403161E-005
-8.8121633E-005
-7.7619123E-005
-6.826366E-005
-5.1175579E-005
-1.1401879E-005
2.0803595E-006
1.5474864E-006
1.9068959E-005
3.763507E-006
-8.7305207E-006
1.5714799E-005
1.7039181E-005
3.9950562E-005
4.9069829E-005
6.4805987E-005
7.4684911E-005
8.8112516E-005
9.4305353E-005
9.2531518E-005
5.6902838E-005
6.7783738E-005
6.3027495E-005
5.642233E-005
5.8688147E-005
6.5117485E-005
5.794939E-005
4.4169868E-005
1.2009806E-005
3.6160623E-006
-8.2161187E-006
-6.0110601E-006
9.6578231E-007
-1.6119931E-005
-3.3275814E-005
-5.2145766E-005
-5.1663861E-005
-4.5495028E-005
-5.0287672E-005
-3.574229E-005
-3.2274667E-005
-3.3655433E-005
-2.633562E-005
-1.3458165E-005
-7.7736422E-006
-7.299644E-006
1.5551786E-005
1.9108462E-005
2.4145386E-006
7.256127E-006
8.2393053E-006
9.9479521E-006
7.6531342E-006
2.4803774E-005
5.0075829E-005
5.0823142E-005
7.0048773E-005
6.1025716E-005
6.0180981E-005
6.636107E-005
4.3280048E-005
7.1016337E-005
5.1488798E-005
4.6811041E-005
5.2405361E-005
3.6980775E-005
4.1212257E-005
3.997891E-005
1.6081678E-005
5.3083791E-006
1.68887E-005
1.6598042E-005
1.4534568E-005
1.1538677E-005
1.6680528E-005
1.2778473E-005
3.4438308E-005
3.6091085E-006
1.0436469E-005
-2.0638565E-005
-4.2445969E-005
-3.8288035E-005
-3.3642234E-005
-2.0074045E-005
-2.1962222E-005
-1.9840107E-005
-2.1941254E-005
-1.3592627E-005
-2.9484818E-006
-2.4793387E-006
-1.8885437E-005
-3.4590837E-005
-2.7537664E-005
-4.0813979E-005
-2.6287707E-005
-4.6470192E-005
-4.2040781E-005
-4.2458301E-005
-4.6016594E-005
-6.2784646E-005
-6.4810942E-005
-8.266107E-005
-8.7705252E-005
-8.2240011E-005
-4.6320456E-005
-3.7289603E-005
-1.4776278E-005
-2.3676626E-005
-1.1285619E-005
-2.9184988E-005
-3.6770922E-005
-5.3763786E-005
-5.4100325E-005
-5.8023037E-005
-5.2228454E-005
-3.3715685E-005
-3.0465368E-005
-2.275053E-005
-4.6211742E-005
-6.3983738E-005
-7.7840581E-005
-5.6472512E-005
-2.1683285E-005
8.564989E-007
1.8055429E-005
3.2033546E-005
3.6875699E-005
2.7747059E-005
3.335455E-005
2.213321E-005
-9.2833834E-006
1.2161595E-005
1.9446998E-005
4.6326117E-005
5.3504464E-005
6.8880792E-005
8.0146929E-005
9.6678661E-005
8.794832E-005
8.6431908E-005
7.5072909E-005
8.6669163E-005
9.0129521E-005
9.1744281E-005
9.9548415E-005
0.00010065439
9.4693991E-005
8.0782796E-005
6.7042507E-005
8.2384933E-005
7.4912001E-005
7.3987692E-005
7.5553951E-005
9.9082987E-005
8.2156395E-005
7.5722957E-005
7.396884E-005
6.0046452E-005
4.0708615E-005
2.8310073E-005
1.8224755E-005
5.157342E-006
1.1859495E-005
-3.638585E-006
-7.5124362E-006
-2.2645458E-005
-3.6140162E-005
-5.0456019E-005
-7.6944467E-005
-5.1189498E-005
-4.0138442E-005
-2.4693996E-005
-2.7296361E-005
-4.085233E-005
-3.1120355E-005
-2.3493849E-005
-2.3504337E-005
-4.9172122E-005
-4.7900321E-005
-5.1420262E-005
-4.511113E-005
-4.145526E-005
-3.1978914E-005
-4.6045985E-005
-3.5295663E-005
-4.181952E-005
-2.6273003E-005
-3.0412533E-005
-2.0767442E-005
-6.3562761E-006
-9.0952271E-006
-2.3232667E-005
-4.0162053E-005
-3.9360173E-005
-3.4053326E-005
-3.2765136E-005
-4.0396721E-005
-6.0388233E-005
-5.8489979E-005
-5.7500161E-005
-6.8291076E-005
-7.0813141E-005
-5.8454247E-005
-4.2772528E-005
-4.3735607E-005
-5.2030191E-005
-4.3793552E-005
-4.1301882E-005
-3.5253404E-005
-3.7620943E-005
-2.4026513E-005
-1.3728057E-005
-1.6163969E-005
-1.6449709E-005
-8.3584546E-006
-2.2653234E-005
-1.6790584E-005
2.1991453E-005
