-0.0001303273
-0.00011126066
-8.678349E-005
-7.774587E-005
-0.00012044964
-0.00012508374
-9.6580945E-005
-6.0739058E-005
-7.683166E-005
-7.2892995E-005
-6.6434193E-005
-8.1288796E-005
-8.062167E-005
-0.00010345941
-8.172985E-005
-7.8792305E-005
-8.175955E-005
-3.2994412E-005
-2.0335237E-005
1.9408349E-006
3.6828882E-005
2.2674118E-005
4.2059666E-005
4.1675408E-005
4.6126632E-005
2.8678762E-005
-7.5978569E-006
-2.2136932E-005
1.6010973E-006
3.6711488E-005
6.1932362E-005
7.5925018E-005
6.0289083E-005
2.0590571E-005
-4.7786296E-005
-7.6347947E-005
-9.0506888E-005
-7.4382457E-005
9.3113545E-007
-3.5680736E-005
-3.3384571E-005
-6.1198654E-005
-9.6098149E-005
-0.00011557193
-0.00015179112
-0.00013036827
-0.00011414094
-0.00014629023
-0.00013524909
-0.00014428902
-0.000156818
-0.00012610707
-0.00020933987
-0.00021357997
-0.00019905156
-0.00019163397
-0.00011222863
-0.00011973699
-0.00010902207
-6.1140527E-005
-6.3522246E-005
-5.6514265E-005
-1.9771118E-005
-4.1695384E-006
-3.424126E-005
-7.6062111E-005
-0.00010789218
-0.00012631025
-0.00015679195
-0.00015197827
-0.0001271247
-0.00011527217
-9.2322218E-005
-0.00012753869
-0.0001879654
-0.00020779143
-0.00023927128
-0.000208693
-0.00021350785
-0.00021746842
-0.00020198633
-0.00045262321
-0.0010943504
-0.0026178549
-0.0040493384
-0.0046478356
-0.0043646009
-0.00360719
-0.0033995013
-0.0039199134
-0.0050892076
-0.0062528886
-0.0056438828
-0.0031550953
-0.00028402475
0.00068183016
-0.00033979837
-0.0016909933
-0.0023182554
-0.0017382124
-0.00053718046
0.00034636803
0.00049050106
0.00029886482
0.00027000174
0.00048186089
0.0010430149
0.0017881916
0.002773928
0.0041093957
0.0056859558
0.0062928079
0.005384298
0.0034690339
0.0015332575
0.0010208203
0.0017691307
0.0028567724
0.0032644421
0.0027942115
0.0019365986
0.00098754803
2.0341209E-005
-0.0003060945
0.00015850799
0.0011584286
0.0016946429
0.0011844081
0.00026457445
-0.00035912453
-0.00025073564
0.00030281628
0.001005517
0.0016150677
0.0017711434
0.0014360525
0.0010579193
0.0010949337
0.0014483149
0.0017788199
0.0022339879
0.0033325816
0.0042546503
0.0041364119
0.0031824438
0.0018916288
0.0011348188
0.00097975531
0.001238679
0.001845115
0.0022836402
0.0023953852
0.002087554
0.0010003457
-0.00041160273
-0.0018310964
-0.0025598502
-0.0022098036
-0.0016564676
-0.0014060733
-0.0016800686
-0.0023505166
-0.0029340107
-0.0034223795
-0.0036638095
-0.0036367613
-0.0036210758
-0.0035907323
-0.0034052792
-0.0030855064
-0.0027490603
-0.0023493448
-0.0017160453
-0.0012158437
-0.0012281832
-0.0016204541
-0.0020717841
-0.0020005375
-0.0015509215
-0.0011317483
-0.00065747235
-0.00024692077
0.00018358129
0.00054845773
0.00052003853
0.00042754886
0.00029228616
-2.2896895E-005
-0.00046855788
-0.00069218437
-0.00051267305
-0.00016557073
0.00012512571
0.00023915141
0.0001520012
-0.00012594512
-0.00059804448
-0.0010475315
-0.0012975757
-0.0011202496
-0.00079159904
-0.00050797721
-0.00027578537
-0.00010797242
-6.9537033E-005
-2.1662889E-005
0.00012666076
0.00036850202
0.00057937263
0.00080820528
0.0011045473
0.001292315
0.0013690055
0.0013826891
0.0014596707
0.0015405865
0.0016776784
0.001959037
0.002205241
0.0022940482
0.0021742906
0.0020327896
0.0019710951
0.0018248139
0.0016796996
0.0017071121
0.0018437654
0.0017258666
0.0012623307
0.00055832509
3.7504833E-005
-0.00015482306
-0.00022499033
-0.00025415974
-0.00028801104
-0.00030876891
-0.00036787579
-0.00055006548
-0.00078410003
-0.00089631532
-0.00098466512
-0.0010142581
-0.00095778774
-0.00082626933
-0.00065032352
-0.00054804143
-0.0006807585
-0.00098381704
-0.0010961782
-0.0009235359
-0.00057544012
-0.00040835605
-0.00047969286
-0.00069211621
-0.0009425662
-0.0011663351
-0.0012420866
-0.00099929306
-0.00056864478
-0.00030000586
-0.00035128836
-0.00060616486
-0.00097705366
-0.0013028424
-0.0015837225
-0.0017085779
-0.001663083
-0.0014473471
-0.0011329745
-0.0010516673
-0.0013185554
-0.0017458145
-0.0019162216
-0.001730188
-0.0014836772
-0.0013216444
-0.0011945927
-0.00097959454
-0.00089417532
-0.0009267024
-0.00097706355
-0.00077761023
-0.00041276347
-6.7205571E-007
0.00019926626
0.00014133978
7.3015144E-005
1.3733166E-005
7.8117992E-005
0.00013915572
0.00028844349
0.00054946507
0.00086206076
0.0010601433
0.0010264344
0.00084622973
0.000643279
0.00064308848
0.00082998007
0.0010457715
0.0011278364
0.00099377101
0.00079148205
0.00054662017
0.00041082641
0.0004001105
0.00049065094
0.00062004675
0.00064599235
0.0006089551
0.00046854682
0.0002618882
0.00013479628
0.00011150329
0.00025858701
0.00048354449
0.00061791431
0.00063910306
0.00046926845
0.00028657401
0.00015827289
0.0002043139
0.00042634903
0.00060614856
0.00056212768
0.0003701197
0.00023725156
0.00019769126
0.0001013463
-6.4820124E-005
-0.0002187902
-0.00024570693
-0.00022720064
-0.00021276502
-0.00025324675
-0.00026613681
-0.00021535905
-0.00027779047
-0.00044989435
-0.00075900974
-0.00093425962
-0.00095169776
-0.0008402305
-0.00070108258
-0.00077602238
-0.00085598073
-0.0009120655
-0.00091963698
-0.00087511697
-0.00097044604
-0.0010454948
-0.0010884125
-0.0011210275
-0.00100417
-0.00088949688
-0.00077199761
-0.00068589457
-0.00062005589
-0.00050911208
-0.00047896695
-0.00048049222
-0.00052605465
-0.00063780241
-0.00070620893
-0.00075204147
-0.00069180632
-0.00052282441
-0.00036857152
-0.00021146539
-0.00012544154
-0.00021867454
-0.00043685001
-0.00062316615
-0.00066484022
-0.00044809369
-0.000136569
0.00017932191
0.00030952197
0.00022566109
8.0999707E-005
-3.7004822E-005
-6.3306616E-005
5.4597942E-005
0.00022656015
0.00035944194
0.00045264207
0.00039235281
0.00029289853
0.00022260624
0.00023486953
0.00041331822
0.00054934481
0.00064928079
0.00066785212
0.00059763825
0.00056869083
0.00055459153
0.00070059899
0.00081719295
0.00085777044
0.00082747824
0.00066975853
0.00051390822
0.00039297601
0.0002428179
0.00017221148
0.00022976323
0.00035635821
0.00052773696
0.00054643961
0.00040750942
0.00023447715
5.526335E-005
-3.2095147E-006
2.6280939E-005
8.3595849E-005
0.00016760941
0.00024068308
0.00019299096
8.9415807E-005
-8.643906E-005
-0.00024711207
-0.00025205076
-0.00017728707
-0.00010203919
-9.8237026E-005
-0.0001732214
-0.00027722272
-0.00035606485
-0.00040080686
-0.00038903367
-0.00031038362
-0.00024279412
-0.00023905694
-0.00032190379
-0.0003999394
-0.00046096902
-0.00051080715
-0.00052194839
-0.00055468106
-0.00058323675
-0.00058793998
-0.00061217556
-0.00059994491
-0.00059529761
-0.00055948697
-0.00053952599
-0.00058929319
-0.00062318309
-0.00065622688
-0.00063257868
-0.00057392824
-0.00059855933
-0.00049904635
-0.00041563666
-0.00035877855
-0.00027132707
-0.00018706801
-0.00011271048
-0.00011481952
-0.00016947811
-0.0001849126
-0.00020327802
-0.00016225704
-0.00010199667
-5.9398302E-005
3.9893697E-005
0.00018004226
0.00024246541
0.00022589773
0.00017858179
0.00010393023
5.1856976E-005
7.4062897E-005
0.00010180983
0.00025162584
0.0003316947
0.00031907199
0.00027240222
0.00017246953
0.00013348358
9.9189136E-005
8.4259103E-005
0.0001181822
0.00017804779
0.0002876271
0.00032513862
0.00026123004
0.00024752351
0.00024139392
0.0002371758
0.00027208566
0.00032958644
0.00036181198
0.00040974194
0.00040996794
0.00037272857
0.00034337246
0.00033993728
0.00034797873
0.00037333643
0.00038291575
0.00028240142
0.00014450336
8.7265857E-005
6.6724402E-005
0.00016999753
0.00020582348
0.00016512137
0.00015294673
4.3809119E-005
-7.7865479E-005
-0.00014457147
-0.00025741375
-0.00025497176
-0.00023189001
-0.00019215338
-0.00014382268
-0.00018479525
-0.0002397229
-0.00032716503
-0.00040223275
-0.00036688359
-0.00031575403
-0.0002729391
-0.00022788122
-0.00020960173
-0.00016473238
-0.00017439376
-0.00016218323
-0.00015635745
-0.00010872393
-2.0879503E-005
-3.7726935E-005
-5.521443E-005
-0.00013785322
-0.0002203831
-0.00020121361
-0.00019296084
-0.00018416345
-0.00017537961
-0.00018275388
-0.00015558933
-0.00015532477
-0.00021916821
-0.00020783501
-0.00025212963
-0.00029040102
-0.00026374467
-0.00032084584
-0.00033588413
-0.0003711691
-0.00037985572
-0.00035184124
-0.00033085395
-0.00033530514
-0.00031636978
-0.00031868694
-0.00029657991
-0.00022558494
-0.00014100324
-0.00014929101
-0.00012267764
-4.6668771E-005
-2.8656357E-005
6.3095074E-005
0.00011192908
7.5981879E-005
0.00010589861
8.4247324E-005
9.1453156E-005
0.00013817668
0.0001173261
0.00014462028
0.00016701387
0.00015694875
0.00024799831
0.00022217679
0.00018043975
0.000192273
0.0001816662
0.00022853004
0.00020704175
0.00017051719
0.00017097498
0.00012884851
0.00010682915
4.5689365E-005
-4.0878498E-005
-8.9664289E-005
-9.4323215E-005
-2.1452141E-005
7.397693E-006
5.5362172E-005
0.0001087971
0.00011801647
0.00012286832
0.0001160817
8.3489402E-005
0.00011882074
0.00014025718
0.00019525355
0.00026664583
0.00022460014
0.00020277359
0.00018038454
0.00010758859
0.00013538059
8.2533887E-005
1.8071874E-005
-1.372427E-005
-9.6471194E-005
-3.76879E-005
-4.5001652E-005
-5.1626786E-005
-3.8018261E-005
-7.6214106E-005
-8.2206992E-005
-6.6010405E-005
-6.9886722E-005
-9.7463191E-005
-0.00015400306
-0.00020807081
-0.00025091544
-0.00026623221
-0.00027488355
-0.00028217208
-0.00030682812
-0.000306531
-0.00035807645
-0.00031845141
-0.00031378411
-0.00030800118
-0.00025238341
-0.00023020706
-0.0002222131
-0.00018763528
-0.00017657437
-0.00017221016
-0.00014367314
-0.00011917159
-7.8701778E-005
-5.457814E-005
-1.5022433E-005
-2.3623968E-006
-4.3806518E-005
-4.6466503E-005
-0.00010591587
-0.00012049337
-0.00012600566
-8.0986661E-005
-6.4656952E-006
-1.928973E-006
9.7064649E-006
2.0112549E-005
-5.1837392E-006
-1.2782793E-005
-1.8419976E-005
3.4077298E-006
-1.4703012E-005
-1.770989E-005
-2.9891811E-005
-5.8369606E-005
-8.1303828E-005
-6.3333457E-005
-8.1724924E-005
-3.3481778E-005
-6.7022802E-006
6.2512649E-005
8.4964508E-005
6.0804199E-005
7.1623814E-005
9.2855262E-005
0.00011651206
0.00017496667
0.00020346619
0.00023511479
0.00026794849
0.0002230648
0.00026225284
0.00021862143
0.00022901926
0.00030287032
0.00027871126
0.0002881586
0.00025331081
0.00022562982
0.00019461081
0.00019898998
0.00024093474
0.00024867686
0.00025700478
0.00023559466
0.00021513773
0.00012953331
0.0001448955
0.00011542612
9.424665E-005
0.00010524413
3.7489452E-005
2.0775391E-005
-2.4689261E-005
-2.0574897E-005
5.206051E-005
7.1283939E-005
0.00010458305
6.6142908E-005
5.1973675E-005
2.696141E-005
-1.2662204E-005
-4.4789022E-006
-1.3601089E-005
1.1080497E-005
3.8968057E-005
3.0046802E-005
-4.2372071E-006
-7.3616443E-006
-6.3499556E-006
-2.0680518E-005
-2.3789522E-005
-6.9297857E-005
-7.7657234E-005
-0.00013756884
-0.00018914285
-0.00015935824
-0.00019923419
-0.00018516807
-0.00017084896
-0.00022283428
-0.00019092577
-0.00021922871
-0.00026568159
-0.00027974937
-0.00028788045
-0.00026698428
-0.00023705197
-0.00025155663
-0.000262958
-0.00025892683
-0.00027368692
-0.0002543586
-0.00022754748
-0.00020434154
-0.00014949073
-0.00010101765
-8.0817117E-005
-7.9528385E-005
-7.0135036E-005
-4.3981665E-005
-2.5272471E-005
1.3936249E-005
4.9233797E-005
9.0210087E-005
0.00010502716
6.2735024E-005
9.631431E-005
7.4026102E-005
6.3153268E-005
0.00011349597
0.00011347656
0.00016435749
0.00015274274
0.00010228832
0.00010293715
0.00012038441
0.00013157264
0.00019198009
0.00019012195
0.00013785901
0.00015772309
0.00010587538
6.9743102E-005
5.3471191E-005
5.0422539E-005
0.00010874319
0.00013597656
0.00014797256
0.00011939829
0.00014258151
9.2759386E-005
9.9736921E-005
0.00015396487
0.00017736215
0.0002165442
0.000209896
0.00016348249
0.00012786685
0.00010231566
0.00012516383
0.00014375336
0.00019685169
0.0002439729
0.00020180712
0.00014428097
7.6646094E-005
4.586955E-005
7.2753319E-005
8.8037843E-005
8.8144654E-005
6.9212641E-005
1.4746455E-005
-4.0396368E-005
-0.0001221352
-7.04099E-005
-7.9207173E-005
-0.00010419717
-0.00011670151
-0.00016402887
-0.00021834257
-0.00024586933
-0.00031855737
-0.00030276563
-0.00026468147
-0.00023997063
-0.00021498359
-0.00021865011
-0.00021617061
-0.00024104091
-0.00026011761
-0.00024112129
-0.00025115415
-0.0002061671
-0.0001615345
-0.00015885741
-0.00016180467
-0.00018428109
-0.00017034503
-0.00015171968
-0.00013479793
-0.00013099621
-8.0030339E-005
-0.00010193554
-0.00011475402
-0.00014471669
-0.00013736592
-0.00013602001
-8.1061968E-005
-6.0392769E-005
-7.3505915E-005
-0.00011126031
-0.00012880328
-0.00018668761
-0.00022445484
-0.00023934388
-0.00022062111
-0.00017948134
-0.00012195364
-9.4869603E-005
-6.034032E-005
-8.5775871E-005
-0.00010948803
-0.00011350265
-6.9637012E-005
-5.0681512E-005
2.9765502E-005
3.1361018E-005
8.0890444E-005
7.3898824E-005
8.2227227E-005
0.00010500674
9.3647737E-005
0.00014579383
0.00014665777
0.00017834977
0.00021379243
0.00020656994
0.00023223828
0.00022102888
0.00026465731
0.00026484462
0.00022506992
0.00020127012
0.00013918662
0.00011784085
0.00012664884
0.00010070338
0.0001290934
0.00014461453
9.1572765E-005
8.56064E-005
1.2418253E-005
7.829738E-006
6.5862137E-006
7.2756361E-006
-1.4439674E-005
8.0386117E-006
3.7328082E-006
2.66068E-005
8.6819571E-005
0.00010530728
0.00010056078
4.8582733E-005
-7.1259944E-007
-2.1784372E-005
-2.188189E-005
1.1028254E-005
9.5788191E-006
2.2155371E-005
1.0343554E-005
3.031493E-005
1.9409061E-005
2.2017216E-006
-1.0136831E-005
-6.9974507E-005
-6.6428554E-005
-9.8230266E-005
-0.0001296307
-0.00010947079
-8.9909823E-005
-8.6065083E-005
-9.6692616E-005
-0.00013383174
-0.00019007418
-0.00021647949
-0.00026899623
-0.00026438507
-0.00023113893
-0.0002703878
-0.00026787314
-0.00025417152
-0.00024054651
-0.00019010443
-0.0001984526
-0.00018034391
-0.00013715483
-0.00013949438
-0.00011250703
-0.00012637088
-0.0001157017
-6.0655941E-005
-2.6739535E-005
4.9551204E-006
-1.3999661E-006
9.8045875E-006
1.8486157E-006
9.4853349E-006
3.4340843E-005
5.1458705E-005
9.5824107E-005
8.7554661E-005
8.3080944E-005
0.00013209484
0.00010924722
6.3850224E-005
4.2227934E-005
6.4673754E-006
2.9786215E-005
1.7002354E-005
-8.639302E-006
7.5056632E-006
-2.4737816E-005
2.0271082E-006
4.4658445E-005
8.9077193E-006
4.726445E-005
-2.315442E-005
-4.1912666E-005
-4.844178E-005
-5.0864819E-005
4.3029922E-005
5.5904649E-005
0.00010982452
0.00011033157
9.4336887E-005
0.00013610929
0.00010388246
0.00015708129
0.0001997284
0.00018122993
0.00018111046
0.00013428136
0.00012383092
0.00019493594
0.00021278228
0.00020188429
0.00022238784
0.00015263724
0.00010132964
5.0459967E-005
2.6166621E-005
5.4503325E-005
4.8014459E-005
5.5333407E-005
-8.1935463E-007
-8.4136111E-005
-9.636458E-005
-0.00015510681
-0.00014026454
-0.00014141588
-0.000139212
-8.9873349E-005
-0.00012780284
-0.00014671014
-0.00010011921
-0.00010079209
-0.00010096817
-0.00011127633
-0.00013382782
-0.00013872745
-0.00013709128
-0.00015073824
-0.00012952715
-0.00011812407
-7.8485842E-005
-4.7955757E-005
-8.8481342E-005
-8.8477951E-005
-0.00011601955
-0.00013348057
-0.00010834049
-0.00010413377
-7.3216834E-005
-6.5823515E-005
-0.00010570099
-0.00013113518
-0.0001531411
-0.00016525506
-0.00020165548
-0.00020272467
-0.00018902443
-0.00017935285
-0.0001686265
-0.00015027898
-0.00014422701
-9.8843972E-005
-7.7221368E-005
-9.5491887E-005
-5.8772715E-005
-6.4431595E-005
-6.4865097E-005
-3.1212094E-005
-4.703509E-005
-1.9623531E-005
2.1459728E-005
4.7484118E-005
9.4381969E-005
9.4243347E-005
0.00010621522
9.2295173E-005
5.0906379E-005
9.2155627E-005
0.00011493857
0.00014643831
0.00015281248
0.00013071651
0.00013881558
0.00013482416
0.0001231698
7.2821786E-005
5.8249127E-005
3.7110069E-005
7.2334085E-005
9.9331242E-005
0.0001112671
0.0001195982
0.00013527268
0.00011553849
0.00012010463
0.00013801405
0.00011151427
0.00010797448
9.6775264E-005
0.00011225312
0.00014459861
0.00015086403
0.00014624299
0.00017726325
0.00017164557
0.00015527834
0.00015597662
0.00010948485
0.00012550769
0.0001861558
0.00014877185
0.00013695151
0.00010197869
6.854278E-005
5.0957915E-005
4.4620592E-005
3.646221E-005
3.6708057E-005
-3.7118482E-006
-4.5455774E-005
-6.5065011E-005
-3.9661718E-005
-5.0242823E-005
-4.9820443E-005
-5.5830602E-005
-0.00010043303
-8.414223E-005
-0.00010319077
-0.00014226641
-0.00018418553
-0.00022282422
-0.00018146337
-0.00016814259
-0.00013129602
-0.00010001265
-0.00012176604
-0.00013538676
-0.00010564867
-9.81759E-005
-7.0053022E-005
-6.3978143E-005
-7.205033E-005
-5.7127752E-005
-4.0600229E-005
9.5398327E-006
-3.6715388E-005
-2.0558371E-005
-2.5406305E-005
-5.0988157E-005
-1.6328493E-005
-7.2168485E-005
-6.158265E-005
-2.625175E-005
-6.4432694E-005
-4.8461505E-005
-4.9999122E-005
-3.0105975E-005
1.0106445E-005
1.3086521E-005
2.4553405E-005
6.4936335E-006
-3.7100472E-005
-3.1382657E-005
6.9986424E-007
5.4955446E-005
8.652571E-005
1.541144E-005
-4.3098926E-006
1.1929983E-005
5.2067455E-005
0.00011821876
0.0001430009
0.0001165639
8.0292128E-005
4.4578865E-005
6.3373169E-005
0.00010743157
0.00014738244
0.00015815625
0.00010058421
0.00010308232
7.7970166E-005
4.7611811E-005
0.00010154983
9.4352239E-005
0.00011781242
0.00017030076
0.00014244512
0.0001050361
7.6826756E-005
2.6912036E-005
4.9747596E-005
3.4389646E-005
6.11129E-005
7.1940311E-005
6.8847407E-006
-1.6208121E-005
-8.0614656E-005
-7.2806608E-005
-1.3274786E-005
1.3622777E-005
8.6226864E-005
6.7173758E-005
-1.9705212E-005
-5.4454573E-005
-0.00011199876
-9.4486466E-005
-2.2073737E-005
2.6805303E-005
4.3188567E-005
-3.4540626E-005
-6.6560802E-005
-0.00012727964
-0.00014017739
-0.00011917576
-0.00010619401
-7.8232464E-005
-8.6947031E-005
-0.00013226399
-0.00016764601
-0.00019334686
-0.00020726195
-0.00020561143
-0.00019019039
-0.00016238591
-0.00017378455
-0.00021755595
-0.00023470515
-0.00025477566
-0.00023775722
-0.00020313614
-0.0001949212
-0.00014017522
-0.0001567836
-0.00018899729
-0.00020743073
-0.00023326714
-0.00017929486
-0.00011424222
-7.1176881E-005
-7.453921E-005
-7.4398915E-005
-4.5509812E-005
-5.8977836E-005
-2.2398493E-005
-1.8415669E-006
1.6106822E-005
2.992416E-005
2.8637593E-005
6.1437415E-005
6.9705617E-005
7.142275E-005
9.1208909E-005
0.00010432176
0.00011605649
0.00012103355
0.00011838692
8.4573505E-005
4.0089177E-005
2.7629256E-005
3.5950841E-005
5.7642024E-005
3.9245289E-005
4.4144323E-005
3.2466309E-005
-1.5586975E-005
-5.9604258E-006
-7.5735056E-006
1.803862E-005
3.6253557E-005
2.6882175E-005
4.1592124E-005
9.7439925E-006
8.8037314E-006
3.9845312E-005
6.498419E-005
8.9678026E-005
6.6271452E-005
5.4429587E-005
1.5712392E-005
-2.8888768E-005
1.7158683E-005
1.6149699E-005
5.0371134E-005
0.00010005441
0.00011493464
0.00010630566
8.86782E-005
7.6296521E-005
5.1999221E-005
4.2917563E-005
5.2420255E-005
4.747992E-005
8.5821939E-006
-1.5088393E-005
-6.2276515E-005
-9.7401229E-005
-0.0001412678
-0.00015179544
-0.00015664175
-0.00015759164
-0.00014678389
-0.00014205853
-0.00017029472
-0.00017216928
-0.00012990664
-0.00012740526
-0.00013155778
-0.00012805754
-0.00015478031
-0.0001328306
-0.00020130847
-0.00018945495
-0.00017574249
-0.00016505846
-0.00010400298
-6.7025401E-005
-3.9721341E-005
-5.409525E-005
-4.4207889E-005
-5.1476422E-005
-4.3915585E-005
-1.3838245E-005
3.3606608E-005
6.0342398E-005
2.2345272E-005
4.2558684E-005
1.0537206E-005
-3.8616603E-005
-2.2197913E-005
7.6501385E-007
2.6657328E-005
1.6057582E-005
-4.3179934E-005
-6.6216133E-005
-7.3364303E-005
-5.1965442E-005
-2.2029513E-005
-2.8067816E-005
-4.1637675E-005
-0.00011314474
-9.8976736E-005
-0.00010393405
-9.4649295E-005
-3.1516327E-005
-6.3480351E-005
-5.1257401E-005
-5.6281828E-005
-6.4606633E-005
-5.8184032E-005
-8.3822742E-005
-7.3825409E-005
-4.1885207E-005
-9.6599442E-006
1.8366696E-005
2.5928508E-005
-3.5864792E-005
-5.1508974E-005
-5.0893716E-005
-7.0875489E-005
-2.6431388E-005
-1.3437038E-005
3.1685486E-005
5.3439398E-005
1.1543603E-005
1.1334769E-005
-7.9194087E-006
7.5884873E-006
-3.7734131E-005
-4.9365779E-005
-5.5682929E-005
-5.601866E-005
-6.0165574E-005
-0.00012111414
-0.0001065231
-0.00011334106
-0.00011796864
-9.8111945E-005
-0.00016625405
-0.00017610868
-0.00018235888
-0.00022324418
-0.00018939497
-0.00015129826
-0.00010397837
-8.0062637E-005
-6.4067062E-005
-7.8620411E-005
-0.00014951888
-0.00019306257
-0.00020858274
-0.00016400477
-0.00012842011
-6.8976202E-005
-2.8777038E-005
-1.5067752E-005
-3.2370139E-005
-1.6955464E-005
-4.5235774E-005
-7.5122014E-005
1.4070401E-005
-2.7933025E-005
-4.4816347E-006
9.9511099E-006
-5.7422065E-005
-3.2350952E-005
-7.903183E-005
-5.350553E-005
1.1578741E-006
-4.0603649E-005
-4.0338899E-005
-6.7279783E-005
-0.00013834165
-0.00013116001
-0.00012299643
-9.3644448E-005
-3.21999E-005
-7.7100478E-005
-8.3007959E-005
-0.0001309239
-0.00018759281
-0.00016265277
-0.00013111782
-8.7077766E-005
-3.6932015E-005
-8.1647704E-006
2.6247504E-005
2.3248023E-005
2.3791239E-005
2.9319774E-005
-2.8061613E-005
-1.9981157E-006
-2.9642337E-005
-4.2495678E-005
9.1795364E-006
-9.7415432E-007
3.2508564E-005
1.795664E-005
-9.2802738E-006
1.1265898E-005
9.0034791E-006
1.4032975E-006
7.7130799E-006
-4.6415716E-005
-6.7297246E-005
-6.9474219E-005
-6.7307141E-005
1.4358803E-007
-5.7794086E-006
-2.1515585E-005
-5.7648824E-005
-0.00010360018
-0.00010529519
-8.2105027E-005
-8.9137029E-005
-8.3579005E-005
-6.6623033E-005
-0.00010447059
-9.7025528E-005
-7.7397599E-005
-7.413829E-005
-7.7425684E-005
-9.477757E-005
-8.2559476E-005
-6.4650398E-005
-5.4349432E-005
-9.1821879E-005
-8.4659019E-005
-6.7291745E-005
-4.2666768E-005
-2.759203E-005
-5.1774914E-005
-9.0076734E-005
-0.00011599356
-0.00011313457
-0.00010714471
-0.00010378478
-7.7913399E-005
-9.9599456E-005
-0.00012006155
-0.00016528774
-0.00016599614
-0.00017094337
-0.00017671807
-0.00014137087
-0.00016699723
-0.00014617517
-0.00013785953
-0.00016578773
-0.00017668835
-0.00021739573
-0.00023866983
-0.00024824121
-0.00023973682
-0.00019024393
-0.00019243364
-0.0001687769
-0.00020334874
-0.00018785021
-0.00017771628
-0.00014465628
-7.9230915E-005
-9.8115292E-005
-6.2077153E-005
-4.3491298E-005
-6.5050539E-005
-4.1351981E-005
-6.8956331E-005
-3.1542349E-005
7.2295334E-006
-2.3055667E-005
-1.1849757E-005
-1.4593827E-005
-3.1863448E-007
3.6185538E-005
3.6890677E-005
5.7072637E-005
3.6388839E-005
1.8012948E-005
2.8507337E-005
1.0953058E-005
3.5311521E-005
-3.9621882E-006
-5.0684605E-005
-7.6393E-005
-6.6274406E-005
-4.4156379E-005
-1.0706059E-005
-3.8122616E-005
-6.7305562E-005
-0.00011656754
-0.00016012162
-0.0001299892
-0.00013318341
-5.3661264E-005
-2.890088E-005
-7.6384276E-005
-7.4001233E-005
-0.00013848121
-0.00012270144
-0.00010057549
-6.7000117E-005
-2.1305066E-005
-2.0737916E-005
-2.343192E-005
-2.5218433E-005
-3.5073324E-005
1.0794246E-005
7.661439E-007
2.8378811E-006
2.6907097E-005
2.3505749E-005
5.5143657E-005
4.8955833E-005
-1.6888273E-005
-9.7523291E-005
-0.00012551293
-9.2058712E-005
-5.0430248E-005
-9.7739962E-007
-2.9771267E-005
-0.00012066594
-0.0001723164
-0.00020443373
-0.00017738507
-0.00011494594
-8.976485E-005
-0.00010863887
-0.00014355787
-0.00019067989
-0.00019166617
-0.00019199999
-0.00018430769
-0.00018495294
-0.00018281399
-0.00018461543
-0.00018144818
-0.00019430481
-0.00019022678
-0.00020575157
-0.00020352082
-0.00015867726
-0.00014283189
-9.5160824E-005
-9.3942697E-005
-0.00012547869
-0.00012424015
-0.00013447546
-0.00014501523
-0.00013312513
-9.1527989E-005
-7.5374322E-005
-9.4937277E-005
-9.4807467E-005
-0.00011181967
-0.00012403468
-0.00011251077
-0.00010184995
-6.4666674E-005
-7.6805743E-005
-0.00015348241
-0.0001325543
-0.00016927825
-0.00014631604
-0.00015534161
-0.00017942391
-0.00010585037
-0.00011380404
-6.7165507E-005
-6.932937E-005
-0.0001141744
-0.00012327415
-0.00012274334
-8.8041765E-005
-8.8759727E-005
-5.4835702E-005
-8.4849169E-005
-0.00010607601
-0.00014001438
-7.8133264E-005
-5.6921584E-005
-4.1811843E-005
4.7422195E-006
-3.5720877E-005
-7.3083879E-006
-8.8540219E-006
4.2784804E-006
2.7896162E-005
-1.4623175E-005
-1.6397045E-005
-2.0919228E-005
-6.6128676E-005
-4.4049757E-005
-4.707351E-005
-4.5706038E-005
-3.5267891E-005
-0.00010893594
-7.2646319E-005
-0.00010968051
-0.00015513602
-0.00015713782
-0.00020936492
-0.0001803178
-0.00019162288
-0.0001846356
-0.00018648645
-0.00020550408
-0.00020562099
-0.00022391588
-0.00023413698
-0.0002168175
-0.00020627778
-0.00024024768
-0.00020361532
-0.00019670048
-0.00017101824
-0.00016012577
-0.00015708657
-0.00014276641
-0.00014504373
-0.00012548482
-0.00011511326
-0.00011273471
-8.0164871E-005
-6.6109766E-005
-4.809098E-005
-7.563761E-005
-0.00010417831
-8.5123946E-005
-9.5414725E-005
-0.00011271267
-9.9103578E-005
-9.4651325E-005
-0.00011614877
-0.00014082056
-0.00011690021
-0.00011758109
-0.00012818359
-0.0001358576
-0.00017604574
-0.00018924839
-0.0001825386
-0.00019076128
-0.00017607152
-0.00016558086
-0.00014045935
-9.2771552E-005
-0.00012426876
-0.00013553219
-0.00015515563
-0.00013755212
-9.4790797E-005
-9.9003148E-005
-6.8834917E-005
-8.8355002E-005
-8.6410961E-005
-6.2632243E-005
-4.6450779E-005
-3.7440241E-005
-2.7254744E-005
-5.7208468E-005
-4.7165744E-005
-4.8354097E-005
-2.3301622E-005
-1.1201732E-005
-2.8529095E-005
-4.8131024E-005
-6.1887622E-005
-7.8763478E-005
-6.4803578E-005
-9.0933368E-005
-0.00012321345
-0.00014018118
-0.00018122687
-0.00015278772
-0.00015798595
-0.00015872001
-0.00012239249
-0.00016158889
-0.00016930075
-0.0001860537
-0.00017681147
-0.0001659979
-0.00017146407
-0.00012799144
-0.00010419828
-0.00014365843
-0.00013513256
-0.00011664096
-0.00014497532
-9.1607755E-005
-5.5668956E-005
-6.6875531E-005
-1.3597342E-005
-1.6491309E-005
-1.8477873E-005
-3.2929074E-005
-3.216289E-005
-1.4015851E-005
-7.6073807E-006
3.0606025E-006
-2.0632982E-005
-5.1453761E-005
-0.00014266669
-0.00018815993
-0.00018379185
-0.00015209394
-0.00015662989
-0.00014222713
-0.00018412581
-0.00019302653
-0.00020414323
-0.00021282803
-0.00015645415
-0.0001365161
-0.00010191551
-0.00011818312
-0.00012172961
-0.00012240522
-0.0001119013
-0.00011490435
-0.00012159075
-6.9995891E-005
-6.4481035E-005
-1.8866391E-005
-3.5491925E-005
-6.9868409E-005
-7.022464E-005
-9.7747012E-005
-4.2851414E-005
7.1882378E-006
6.5994827E-005
1.9411691E-005
-2.2335364E-005
-9.1275768E-005
-0.00012238852
-0.00010335823
-9.7325865E-005
-8.7631583E-005
-9.4457813E-005
-8.2739723E-005
-8.7889523E-005
-0.00011361225
-0.00013598325
-0.00013771576
-0.00011545413
-9.9881538E-005
-6.6125816E-005
-9.5479067E-005
-0.00011774714
-0.00014852872
-0.00015481014
-0.00013495289
-7.138768E-005
-3.10219E-005
-2.5036629E-006
1.6162785E-006
-7.5358716E-005
-4.9191382E-005
-7.8107019E-005
-7.4572003E-005
-1.1254907E-005
-2.5399495E-006
-1.1575694E-005
-3.9317001E-005
-0.00011117778
-0.00014281075
-0.00015063562
-0.00015352508
-0.00011094695
-0.00011874089
-9.5578842E-005
-9.8125238E-005
-0.0001024309
-0.00012208062
-0.0001119427
-8.1084232E-005
-0.0001075149
-8.9994945E-005
-0.00010556286
-0.00010616258
-0.00011345017
-0.00012625153
-7.9850724E-005
-8.2760831E-005
-7.6828685E-005
-7.1683979E-005
-0.00011206396
-9.8611286E-005
-8.9142311E-005
-9.0044879E-005
-6.4504748E-005
-7.9249847E-005
-8.1488419E-005
-3.8444792E-005
-4.1251311E-005
-4.9416587E-005
0.0
0.0
0.0
0.0
0.0
0.0
0.0
0.0
0.0
0.0
0.0
0.0
0.0
0.0
0.0
0.0
0.0
0.0
0.0
0.0
0.0
0.0
0.0
0.0
0.0
0.0
0.0
0.0
0.0
0.0
0.0
0.0
0.0
0.0
0.0
0.0
0.0
0.0
0.0
0.0
0.0
0.0
0.0
0.0
0.0
0.0
0.0
0.0
0.0
0.0
0.0
0.0
0.0
0.0
0.0
0.0
0.0
0.0
0.0
0.0
0.0
0.0
0.0
0.0
0.0
0.0
0.0
0.0
0.0
0.0
0.0
0.0
0.0
0.0
0.0
0.0
0.0
0.0
0.0
0.0
0.0
0.0
0.0
0.0
0.0
0.0
0.0
0.0
0.0
0.0
0.0
0.0
0.0
0.0
0.0
0.0
0.0
0.0
0.0
0.0
0.0
0.0
0.0
0.0
0.0
0.0
0.0
0.0
0.0
0.0
0.0
0.0
0.0
0.0
0.0
0.0
0.0
0.0
0.0
0.0
0.0
0.0
0.0
0.0
0.0
0.0
0.0
0.0
0.0
0.0
0.0
0.0
0.0
0.0
0.0
0.0
0.0
0.0
0.0
0.0
0.0
0.0
0.0
0.0
0.0
0.0
0.0
0.0
0.0
0.0
0.0
0.0
0.0
0.0
0.0
0.0
0.0
0.0
0.0
0.0
0.0
0.0
0.0
0.0
0.0
0.0
0.0
0.0
0.0
0.0
0.0
0.0
0.0
0.0
0.0
0.0
0.0
0.0
0.0
0.0
0.0
0.0
0.0
0.0
0.0
0.0
0.0
0.0
0.0
0.0
0.0
0.0
0.0
0.0
0.0
0.0
0.0
0.0
0.0
0.0
