6.9844282E-005
-3.2688167E-005
7.5699201E-005
1.1118624E-005
1.6423577E-005
3.4482626E-005
1.5148024E-007
1.558789E-005
-6.7785106E-005
1.5322015E-005
-7.3304625E-005
3.926225E-005
-6.4435631E-006
-1.3651815E-005
1.6390763E-005
4.5943627E-005
-2.1102729E-005
7.8905767E-005
2.7166603E-005
7.7232311E-005
2.2364691E-007
-0.00015802938
0.00014994828
-0.0014990561
-0.0094318166
-0.014627155
-0.010886232
-0.0026014661
0.00053360639
0.010522369
0.014077648
0.0079786712
0.0051100273
0.00099345285
0.0037362545
0.0053347177
0.011296517
0.0084727975
0.0055935644
-0.0022438935
-0.0081204614
-0.011090609
-0.010258028
-0.0045507243
-0.0031429089
0.0017762684
-0.00070243247
0.00024745948
-0.0025570926
-0.00095189613
0.0024342702
0.0053682388
0.007574094
0.0072751581
0.0047399616
0.00061877997
-0.0021143178
-0.0027859153
-0.0021396531
-0.0019294285
-0.0023054969
-0.0029187803
-0.0044524628
-0.0051303254
-0.0040698689
-0.0025066088
0.00057585799
0.001344673
0.003225612
0.0025764208
0.002427961
0.0019027609
0.0014793178
0.0019825569
0.0016836342
0.00099514192
-0.00080893352
-0.0014180422
-0.0026266349
-0.002705148
-0.0030222195
-0.0018346302
-0.0011996455
-0.0012352286
-0.0008663144
-0.000245195
0.00085489842
0.0013460426
0.0016870323
0.0026352296
0.0025270698
0.0016307816
0.00083614839
0.00016950075
6.2752457E-005
-0.00062506989
-0.00073967979
-0.0010011204
-0.0010887225
-0.001574569
-0.0015614331
-0.0014141044
-0.0004872866
-5.8483882E-005
0.00041018374
0.0012071014
0.0012688527
0.0013292008
0.00082152907
0.00097287842
0.0010525497
0.0007388888
0.00030145247
0.00018113652
-0.00033318019
-0.00077570329
-0.0011487346
-0.0010294612
-0.00076757203
-0.00064582215
-0.00028510511
8.8246445E-005
0.0001427013
0.00026031706
0.00026569358
0.00054006738
0.00052339112
0.00050464243
0.00082508335
0.00053613697
0.00011263233
-0.00016418257
-0.00017182437
-0.0004628899
-0.00066021964
-0.00051774789
-0.00020364104
-0.0001396219
-5.6000692E-005
4.7760048E-005
5.7243276E-005
0.00023000294
0.00015173994
0.00034527155
0.00045096444
0.00030718299
0.00015480982
-2.9588449E-005
-0.00014285502
-0.00014884672
-0.00027615429
-0.00017914749
-0.00016313698
-0.00024375555
-0.00016470392
-7.2632567E-005
0.00019444442
0.00017899313
0.000100991
0.00019804518
0.00033268615
0.00027900236
0.00022598979
0.0002335087
0.00020495121
0.0001037321
-0.0001419217
-0.00019134305
-0.00029519302
-0.0002231463
-0.00023816354
-0.00022023704
-3.1618758E-005
3.7846839E-005
2.0165924E-005
6.4016589E-005
0.00011525177
0.00015535862
0.00020985259
0.00021302473
0.00034886078
0.0002233769
0.00010187747
-8.7720167E-005
-0.00015165034
-0.00017747506
-0.0002255617
-0.00025944447
-0.00011969836
-0.00012311756
-0.00011676981
-0.00013495651
-6.0230548E-005
8.6765685E-005
0.00021388859
0.00033308295
0.00040029886
0.00048110812
0.00025581958
5.0008213E-005
