-6.7389446E-005
-7.3041854E-005
-8.3053448E-005
-8.7262182E-005
-7.9145218E-005
-8.0479906E-005
-7.1835137E-005
-7.4415344E-005
-7.8698235E-005
-7.8804114E-005
-8.1992788E-005
-8.4281259E-005
-9.1187554E-005
-8.9782814E-005
-8.6441622E-005
-8.3423729E-005
-8.3769803E-005
-9.4551833E-005
-9.5054027E-005
-9.4201379E-005
-9.3623552E-005
-8.3352337E-005
-8.7603526E-005
-8.2694445E-005
-7.7071229E-005
-7.8726662E-005
-8.0708909E-005
-8.2995321E-005
-8.6242035E-005
-7.7730685E-005
-6.9868838E-005
-6.7234221E-005
-6.6653505E-005
-6.7964829E-005
-6.9730515E-005
-7.4252523E-005
-7.5109281E-005
-7.4750176E-005
-7.7689256E-005
-8.0054728E-005
-8.0468279E-005
-8.6763961E-005
-8.8273271E-005
-8.9168992E-005
-9.1360787E-005
-8.4538406E-005
-9.0616595E-005
-9.7247932E-005
-9.9108125E-005
-9.7623961E-005
-9.6400807E-005
-9.6525939E-005
-9.2644623E-005
-0.00010000773
-0.00010170136
-0.0001072481
-0.0001032477
-0.00010159899
-9.113874E-005
-8.4865162E-005
-8.7420107E-005
-7.8573081E-005
-7.9362602E-005
-8.4838379E-005
-8.8380213E-005
-8.9440633E-005
-9.1196598E-005
-8.8246066E-005
-8.0993625E-005
-7.4131473E-005
-7.156661E-005
-8.0224476E-005
-8.5658517E-005
-0.00015087827
-0.00038527837
-0.0009476429
-0.0015094907
-0.0017763027
-0.0015982465
-0.0013670507
-0.0013210266
-0.0015673117
-0.0020682637
-0.0025239072
-0.0024147902
-0.0013833153
-0.0002209349
0.00019660867
-0.0004281617
-0.001027082
-0.00098579237
-0.00041051398
6.2684907E-005
0.0002239657
0.00014383084
0.00011596727
0.00020387859
0.00033932153
0.00071961951
0.0014986702
0.0023714907
0.0026482597
0.0019587909
0.00078800938
9.7273049E-005
0.00027247443
0.00096187409
0.0012317603
0.0010990333
0.00087227731
0.00059942878
0.00013135931
-0.00019625195
-0.00022383129
7.0561931E-005
0.00039549189
0.00036378551
-3.410114E-005
-0.00013577293
0.00025306188
0.00058905163
0.00069667876
0.00063269318
0.00045605024
0.00032490649
0.00040549246
0.00057407981
0.00086219673
0.0013391648
0.0018583854
0.0019474692
0.0015712652
0.0009432403
0.0005048915
0.00033474332
0.00051316782
0.00083039695
0.0011310456
0.0011967005
0.0009654719
0.00029979181
-0.00037515146
-0.00099000731
-0.0012983551
-0.0011519197
-0.00066663011
-0.00044975127
-0.00068438664
-0.001057553
-0.0011764839
-0.0012834263
-0.0015413645
-0.0017933588
-0.001793255
-0.0015518754
-0.0012691675
-0.00097825006
-0.00063685351
-0.0002499792
-0.00023548181
-0.00057491881
-0.00097450591
-0.00098976947
-0.00073859503
-0.00041571661
-0.0001277961
0.00022356004
0.0003791473
0.0003100842
4.3128541E-005
-0.00025589604
-0.00053874124
-0.00063916511
-0.00053922366
-0.00029352351
-0.00010727619
4.9119266E-005
5.9258713E-005
-0.00016837762
-0.0005951295
-0.00088909816
-0.00093461794
-0.00070134836
-0.00051223894
-0.00042239687
-0.00028362239
-8.6181491E-005
-6.6155349E-005
-0.00020841205
-0.00023335752
-9.0247231E-005
8.7449604E-005
0.00026982964
0.00042208305
0.00055434683
0.00070951442
0.00076687697
0.00072550937
0.00076595804
0.00086692639
0.00080031517
0.00061687856
0.00058642926
0.00071753707
0.00077958487
0.00071803236
0.00061453279
0.00046943044
0.00025038578
0.00010883126
2.6646094E-005
5.486895E-005
0.00013410336
0.00017390768
9.9485624E-005
-5.2234813E-005
-0.00026235639
-0.00039560936
-0.00045002383
-0.00041719628
-0.00034573438
-0.00025700958
-0.00020170625
-0.00015621159
-0.00013679512
-0.00015798914
-0.00024640863
-0.00027766029
-0.0001690926
-4.1563285E-006
2.287929E-006
-0.00016498308
-0.00032913551
-0.00043533591
-0.0004607306
-0.00039425434
-0.00027030052
-0.00021766126
-0.00026005937
-0.00041991056
-0.00058912026
-0.00072840624
-0.00074986223
-0.00069227815
-0.00061448041
-0.00063409918
-0.00076555309
-0.00092265772
-0.00087271124
-0.00070250675
-0.00062630977
-0.00070767081
-0.0007717628
-0.00072758849
-0.00065657217
-0.0005987992
-0.00050002726
-0.00027198676
-5.6770667E-005
1.8523916E-006
-0.00012202136
-0.00022059529
-0.00021326251
-0.00019303118
-0.00019243493
-0.000103121
8.0129073E-005
0.00024470701
0.00026129463
0.00015314347
2.411953E-005
-4.8885962E-005
-3.5701829E-005
6.1292354E-005
0.00014300778
0.00015065439
0.00010131413
7.5438147E-005
6.4530133E-005
5.520874E-005
7.0177916E-006
-3.8152113E-005
-3.147915E-005
-1.0696263E-005
-4.5139615E-005
-5.3310687E-005
7.171397E-005
0.0002252316
0.00029286536
0.00024797098
0.00014096063
5.8049707E-005
8.9659748E-005
0.0001833921
0.00029930403
0.00038454164
0.00042360558
0.00035831501
0.00021519804
2.7304046E-005
-7.0378199E-005
-8.1262304E-005
-1.9031626E-005
4.1209183E-005
8.6302491E-005
0.00011871233
0.00011775159
3.5410994E-005
-8.6813903E-005
-0.00023909187
-0.00035454228
-0.00036448581
-0.00028220136
-0.00022758159
-0.00026028056
-0.00032043515
-0.00034094069
-0.00033735408
-0.00038506399
-0.00045272589
-0.00050058385
-0.00047094806
-0.00040114566
-0.00035687292
-0.00032249041
-0.00023902729
-0.00016070217
-0.00014359527
-0.0002674979
-0.00037268392
-0.00037733186
-0.00032453018
-0.00031056267
-0.00033038043
-0.00030369172
-0.00024596928
-0.00019450305
-0.00020330946
-0.00029715273
-0.00037094302
-0.00037426752
-0.0002922006
-0.00021995563
-0.00016528484
-0.00016355544
-0.00020318133
-0.00025507869
-0.00025596429
-0.0002234313
-0.00016539199
-0.00010763053
-9.100957E-005
-0.00011470124
-0.00013450663
-0.00013475114
-0.00011404163
-4.347604E-005
2.3298271E-005
3.070715E-005
2.5735819E-005
7.4883399E-005
0.00013600488
0.00018044024
0.00020945058
0.00023215494
0.00022842537
0.00021471808
0.00015946143
0.00010007047
6.8695656E-005
8.7093002E-005
0.00011938343
0.0001524182
0.00016369822
0.00014140486
8.6218162E-005
4.123602E-005
2.0050858E-005
3.8270759E-005
7.0055845E-005
0.000117239
0.00011637514
6.4750726E-005
-9.7509269E-007
-4.304422E-005
-3.9164759E-005
-1.5026872E-005
-8.8956513E-006
-4.4279768E-005
-8.7841268E-005
-0.0001129429
-0.00010955097
-8.5088381E-005
-4.4263277E-005
-2.0520625E-005
7.5199123E-006
1.1169009E-005
-2.0411444E-005
-6.6353612E-005
-9.3908515E-005
-0.00012390382
-0.00015254971
-0.00018261564
-0.00020593715
-0.00021500023
-0.00021778574
-0.00021445383
-0.00022505937
-0.00024820934
-0.00027169858
-0.00026554387
-0.000276462
-0.0002940213
-0.00031938354
-0.000314768
-0.00026917795
-0.00020634652
-0.00016324877
-0.00015893394
-0.00020790464
-0.00025750822
-0.00030966301
-0.00034549521
-0.00032313276
-0.00024618939
-0.00016693956
-0.00010914732
-7.7314427E-005
-8.5147658E-005
-9.9869801E-005
-0.00010633609
-8.9453744E-005
-6.995842E-005
-5.469222E-005
-3.0851286E-005
1.188959E-005
1.4696095E-005
-1.6740862E-005
-6.494546E-005
-8.1599705E-005
-4.975386E-005
-2.882065E-005
-4.3608266E-005
-4.9865317E-005
-2.838621E-005
1.1027796E-005
2.5323625E-005
2.2156948E-005
1.5501431E-005
1.6466656E-005
2.5997097E-005
2.183807E-005
5.2598921E-006
3.8817831E-005
8.8148401E-005
0.00012624444
0.00011233536
6.0607512E-005
1.2634484E-005
-2.9067812E-006
1.5992217E-005
6.1691011E-005
9.7182885E-005
0.00013426022
0.00014993278
0.00013678792
8.8588517E-005
4.5006862E-005
1.1713068E-005
7.2726216E-006
2.6330088E-005
5.0975646E-005
6.6271139E-005
6.1584986E-005
3.9897499E-005
6.1127857E-006
-3.0400493E-005
-7.9864185E-005
-0.00010501323
-0.00010893032
-8.6352433E-005
-9.4570401E-005
-0.00011280765
-0.00010968809
-8.3634615E-005
-6.224434E-005
-7.1873343E-005
-0.00010632251
-0.00012726436
-0.00013518101
-0.00014168354
-0.00013815878
-0.00012609575
-9.9699784E-005
-9.1703027E-005
-0.000115306
-0.00015678437
-0.00016806283
-0.00015576446
-0.00014347061
-0.00013673936
-0.00013626386
-0.00015182294
-0.00016161603
-0.00015355165
-0.0001451156
-0.00014760789
-0.00014948368
-0.00015055112
-0.00014875428
-0.00014957014
-0.0001529797
-0.00016132974
-0.00016978123
-0.00016170938
-0.00014290992
-0.00013050473
-0.00012867711
-0.00011574671
-0.00011097691
-0.0001140035
-0.00012115737
-0.00010300809
-6.686768E-005
-3.2831704E-005
-3.3978449E-005
-4.0088911E-005
-4.0761079E-005
-1.8597526E-005
9.5190326E-006
2.5121008E-005
3.8355796E-005
3.6058493E-005
3.5670495E-005
2.7525653E-005
1.2569937E-005
1.1133643E-005
2.5346691E-005
3.3703793E-005
4.2072123E-005
3.8016977E-005
3.9776896E-005
4.6369682E-005
5.2556257E-005
4.4469791E-005
3.9727718E-005
3.3214463E-005
2.9170829E-005
2.9305989E-005
2.4711069E-005
1.3520302E-005
9.244216E-006
1.0843855E-005
2.2611128E-005
3.2869906E-005
1.7279493E-005
1.4529837E-007
-1.074145E-005
-8.1207018E-006
-1.4124494E-006
-1.1185391E-006
4.0771806E-006
2.0661406E-005
1.344536E-005
4.1339481E-006
-1.5971659E-006
-6.1606111E-006
-7.9073016E-006
-1.0576856E-005
-3.1987722E-005
-5.4116008E-005
-7.7767945E-005
-7.5904289E-005
-6.1075312E-005
-4.8135327E-005
-5.0201263E-005
-5.3543317E-005
-6.2914594E-005
-6.5424239E-005
-6.6910005E-005
-7.780383E-005
-8.9497866E-005
-9.0377485E-005
-8.6603737E-005
-8.8612316E-005
-9.3399874E-005
-9.713132E-005
-0.00010554304
-0.00012486073
-0.0001477004
-0.00016093328
-0.00014521004
-0.0001190669
-9.7284435E-005
-8.9074514E-005
-8.9743044E-005
-9.3527822E-005
-7.7342615E-005
-6.2483261E-005
-4.3521224E-005
-4.709926E-005
-4.9982813E-005
-5.9473165E-005
-6.2181825E-005
-6.3676031E-005
-7.7304067E-005
-8.2922546E-005
-7.7047123E-005
-6.8642148E-005
-5.877142E-005
-4.9197646E-005
-3.6007874E-005
-2.29129E-005
-1.7921335E-005
-1.7294167E-005
-9.42312E-006
-7.6143697E-006
-7.4666195E-006
-1.8493825E-005
-2.2331304E-005
-2.0288164E-005
-6.5650152E-006
3.9850793E-006
1.3042329E-006
-9.5985824E-006
-1.7107453E-005
-2.4978468E-005
-1.6641914E-005
4.4738472E-006
2.540991E-005
4.7601494E-005
6.0755508E-005
5.0871848E-005
5.9402937E-005
5.4100481E-005
5.2501142E-005
5.4936227E-005
4.4203149E-005
3.5402518E-005
2.6055684E-005
1.586858E-005
1.151513E-005
1.716505E-005
1.4073528E-005
5.767829E-006
8.1599637E-006
-4.2718789E-006
-3.7865407E-006
-1.1125057E-005
-1.6518376E-005
-1.9987894E-005
-5.2541454E-006
7.5131029E-006
7.9222564E-006
-4.309732E-006
-3.3884833E-005
-4.6021825E-005
-6.0129274E-005
-5.7804406E-005
-6.072925E-005
-6.0785867E-005
-6.1056657E-005
-6.2260777E-005
-6.0876377E-005
-6.8398302E-005
-7.2389019E-005
-5.9220081E-005
-5.5283039E-005
-5.9137594E-005
-7.2883384E-005
-9.4736002E-005
-9.4229348E-005
-8.1957631E-005
-7.4879332E-005
-7.1313043E-005
-8.24702E-005
-9.5713323E-005
-0.00010304026
-0.00010431559
-9.0101283E-005
-8.0371188E-005
-7.4127653E-005
-6.977786E-005
-8.0141202E-005
-8.5961583E-005
-9.0774833E-005
-7.8434095E-005
-6.3223524E-005
-5.8630998E-005
-7.1236755E-005
-7.1082824E-005
-7.7398618E-005
-8.0982121E-005
-7.9111327E-005
-7.9435187E-005
-5.926087E-005
-4.4284825E-005
-3.3562406E-005
-3.2150081E-005
-2.7631697E-005
-2.2570115E-005
-8.1236167E-006
-2.3643868E-006
-3.0001863E-006
3.8775099E-007
7.8658722E-006
1.2205756E-005
1.4259444E-005
2.6790041E-005
2.4976598E-005
3.364385E-005
4.0759722E-005
2.7953451E-005
2.619909E-005
2.5670022E-005
3.2500575E-005
4.8242222E-005
5.9534541E-005
5.6329991E-005
5.1572366E-005
5.3119664E-005
5.6865207E-005
6.2683182E-005
6.5427666E-005
6.1279803E-005
6.0291601E-005
5.5672928E-005
4.5022181E-005
2.9540339E-005
2.664032E-005
2.9531171E-005
2.82787E-005
1.6057968E-005
5.4188508E-006
8.2167144E-006
8.1026074E-006
3.0943065E-006
-9.1588272E-006
-1.8058763E-005
-2.5093603E-005
-2.5886628E-005
-2.1466774E-005
-2.6139312E-005
-2.2688277E-005
-2.1447129E-005
-2.5252111E-005
-4.2168649E-005
-5.1623207E-005
-5.8339338E-005
-5.9267546E-005
-5.4926226E-005
-4.9212824E-005
-4.7458976E-005
-4.8567024E-005
-5.8652324E-005
-6.2934603E-005
-7.3745286E-005
-8.0814978E-005
-7.630029E-005
-7.1555405E-005
-7.2731316E-005
-7.8167759E-005
-8.6776476E-005
-0.00010075117
-9.9929894E-005
-9.4527088E-005
-8.3455569E-005
-8.8691268E-005
-9.5110787E-005
-0.00010448484
-9.7994969E-005
-9.1934482E-005
-8.58965E-005
-8.1847742E-005
-8.1321436E-005
-7.118388E-005
-6.9576839E-005
-6.6311695E-005
-6.0862807E-005
-4.7892772E-005
-3.2397224E-005
-2.450184E-005
-1.8564217E-005
-2.8073542E-005
-2.1314056E-005
-1.4190447E-005
-1.0106291E-005
2.9399898E-006
8.6498676E-006
1.8156616E-005
2.3244915E-005
2.5420482E-005
1.5748397E-005
9.8290993E-006
1.8446663E-005
2.7055907E-005
3.0869007E-005
3.9012986E-005
3.4466058E-005
1.6417755E-005
7.4933569E-006
1.1561396E-005
1.6385069E-005
2.0000356E-005
1.4646277E-005
1.3033711E-005
3.6582965E-006
-4.5643737E-006
1.0509143E-006
6.5280433E-006
1.42445E-005
1.2376896E-005
8.3215336E-006
-1.6301773E-006
3.6487149E-006
2.8209138E-006
5.5343912E-006
3.6513602E-006
3.622589E-006
-2.4235435E-006
-6.8045888E-006
-1.7369324E-005
-2.3087634E-005
-2.0905083E-005
-1.9196537E-005
-1.6132568E-005
-2.937261E-005
-4.3170839E-005
-5.7998972E-005
-6.8247624E-005
-6.6511515E-005
-6.4072658E-005
-7.28382E-005
-7.8476914E-005
-8.4869454E-005
-8.7863009E-005
-9.505653E-005
-0.00010348922
-0.00010609198
-0.00010094985
-9.8237666E-005
-9.7949174E-005
-8.5295287E-005
-7.8797377E-005
-7.8148405E-005
-7.7769895E-005
-7.0793212E-005
-7.0091854E-005
-7.0562193E-005
-6.5794971E-005
-5.9485108E-005
-4.9695609E-005
-4.2820218E-005
-3.8870505E-005
-2.5799027E-005
-2.5390716E-005
-3.7170557E-005
-4.3317243E-005
-5.0356386E-005
-4.4850243E-005
-3.6651556E-005
-2.9832969E-005
-3.2212567E-005
-2.8197554E-005
-2.1249189E-005
-1.7797724E-005
-1.9203791E-005
-2.4156714E-005
-2.0936583E-005
-1.0861248E-005
-4.4656181E-006
-3.6162248E-006
1.5382766E-006
5.4018833E-006
6.6433686E-006
1.1490106E-005
7.2366706E-006
6.9946941E-006
1.894798E-005
3.7047208E-005
4.3380969E-005
4.2064879E-005
3.8954822E-005
3.8821989E-005
4.8546026E-005
4.6593072E-005
4.3158838E-005
3.2140397E-005
3.5318877E-005
3.4842094E-005
3.8996812E-005
3.2736643E-005
2.1929227E-005
2.1104064E-005
1.5273605E-005
5.9267413E-006
2.9889597E-006
-4.1126941E-006
-1.1326664E-006
-3.0679857E-007
-5.1791262E-006
-8.0046138E-006
-9.1614993E-006
-1.1098084E-005
-1.2697724E-005
-2.1275049E-005
-2.5225374E-005
-2.2756574E-005
-2.3394687E-005
-1.8867373E-005
-1.6684926E-005
-2.1187821E-005
-3.0903113E-005
-4.1697498E-005
-4.0233772E-005
-3.5985435E-005
-3.2614938E-005
-3.1016942E-005
-3.2847922E-005
-3.5743175E-005
-3.4736946E-005
-4.0069703E-005
-3.477592E-005
-2.7641343E-005
-2.3538541E-005
-3.124143E-005
-3.0583007E-005
-3.9808318E-005
-4.9155631E-005
-4.5693228E-005
-5.3922438E-005
-4.4983673E-005
-4.7579499E-005
-4.361193E-005
-5.0314713E-005
-4.5007942E-005
-3.7233454E-005
-2.8980716E-005
-2.711456E-005
-2.7649423E-005
-2.4347999E-005
-1.5438136E-005
-1.1538275E-005
-6.3543812E-006
-7.7693903E-006
-8.1868416E-007
6.1352766E-006
6.5589857E-006
7.5901139E-006
9.8509026E-006
2.0109794E-006
9.4825318E-006
2.3329227E-005
2.0999116E-005
2.0593397E-005
2.0927409E-005
2.0720883E-005
1.9684456E-005
1.4600168E-005
1.5188857E-005
2.4064837E-005
2.7712666E-005
2.5350493E-005
8.9931955E-006
9.9237795E-006
9.2413584E-006
1.1727009E-005
1.4574412E-005
1.653208E-005
1.9186962E-005
1.9371671E-005
1.3698461E-005
7.4760801E-006
6.9689941E-006
2.3956316E-006
6.9985612E-007
-3.5460264E-006
-4.8220036E-006
-1.3298789E-005
-8.4138846E-006
-1.2394762E-005
-5.4478637E-006
-6.1129012E-006
-8.7154904E-006
-2.1041673E-005
-2.7879454E-005
-3.2998567E-005
-3.2765754E-005
-3.3363653E-005
-3.0243587E-005
-2.5118543E-005
-2.5909212E-005
-2.5663365E-005
-3.1674033E-005
-3.6041911E-005
-3.1331863E-005
-3.6043486E-005
-3.7476992E-005
-2.8032731E-005
-2.8291055E-005
-2.9600968E-005
-3.0214162E-005
-3.9959774E-005
-4.444439E-005
-4.7658003E-005
-5.0630402E-005
-4.3321754E-005
-4.2441832E-005
-2.7490623E-005
-1.5989352E-005
-3.3463373E-005
-3.4705725E-005
-3.386414E-005
-2.9151643E-005
-3.1968317E-005
-4.1988664E-005
-3.7531365E-005
-3.2727134E-005
-3.5344387E-005
-3.719579E-005
-3.440287E-005
-3.0906696E-005
-2.9721296E-005
-3.8963477E-005
-3.4452816E-005
-3.8422761E-005
-3.0375708E-005
-2.0252741E-005
-1.1644198E-005
-5.5768887E-006
-9.4446568E-006
-1.2960949E-005
-1.9297302E-005
-1.9573239E-005
-2.5988245E-005
-1.4058053E-005
-1.1795569E-005
-4.2769648E-006
1.1951397E-007
-1.0519249E-005
-1.3247984E-005
-5.9980948E-006
-7.2436151E-006
-8.9516351E-007
5.0147701E-006
1.5067102E-005
1.6589802E-005
1.710136E-005
1.5790289E-005
1.3208922E-005
1.0866751E-005
1.1107246E-005
1.1527827E-005
-2.6010582E-007
-1.2245325E-005
-1.033901E-005
-7.1929389E-006
4.9272539E-006
-1.2021019E-008
-5.1128777E-006
-8.3099485E-006
-2.5429774E-006
-4.8543675E-006
-1.0909574E-005
-1.4313147E-005
-1.1470989E-005
-1.2345473E-005
-1.2639885E-005
-9.1622187E-006
-2.7074375E-005
-2.2857173E-005
-2.50012E-005
-2.4913879E-005
-2.0721094E-005
-1.7695706E-005
-2.0843934E-005
-1.9564348E-005
-1.9988851E-005
-1.7662327E-005
-1.5453703E-005
-1.2996203E-005
-8.7002542E-007
2.341196E-006
-4.4495678E-006
-3.9510451E-006
-8.3883815E-006
-1.3166697E-005
-1.547433E-005
-2.3149943E-005
-2.2830776E-005
-2.0995069E-005
-1.9812111E-005
-2.0943176E-005
-2.5340833E-005
-3.1252526E-005
-2.5470179E-005
-2.0103664E-005
-2.2668342E-005
-3.0811581E-005
-3.8160022E-005
-3.6277437E-005
-2.9118117E-005
-2.8929382E-005
-2.7974585E-005
-2.203941E-005
-1.7083519E-005
-2.1786003E-005
-2.5642266E-005
-2.7487778E-005
-2.2804979E-005
-2.119268E-005
-1.6507887E-005
-9.7468183E-006
8.0471631E-007
-4.7552408E-006
-9.813084E-007
4.8897759E-006
3.5777808E-007
2.887175E-006
3.9922825E-006
1.1049165E-005
3.0838205E-006
3.0239664E-006
-1.4744912E-006
-4.5801312E-007
-4.1936746E-006
-1.2397632E-005
-1.3991286E-005
-1.7733973E-005
-1.8348695E-005
-1.6888222E-005
-1.4207742E-005
-1.0118734E-005
-6.7628398E-006
-7.0952842E-006
-8.2378765E-006
-4.3295572E-006
-5.1452271E-006
-6.9509683E-006
-6.391941E-006
-4.1958565E-006
4.6409359E-006
5.3816584E-006
5.8029273E-006
5.8753967E-006
3.1473335E-006
1.4651926E-006
-9.8261057E-007
1.0457656E-007
9.6106601E-007
-4.0081638E-008
3.2992602E-006
-7.1340528E-006
-1.5342059E-005
-2.427777E-005
-3.7868052E-005
-3.826914E-005
-4.0295414E-005
-5.0830327E-005
-5.3377578E-005
-5.6681169E-005
-6.4154337E-005
-5.5244182E-005
-4.784367E-005
-4.8965343E-005
-4.7782909E-005
-4.4730412E-005
-5.0511833E-005
-5.1780735E-005
-3.9498249E-005
-3.0141615E-005
-1.9691863E-005
-1.5579548E-005
-1.8987017E-005
-2.5842868E-005
-2.1430045E-005
-2.8312632E-005
-2.874006E-005
-2.2123297E-005
-1.6514066E-005
-2.1660795E-005
-2.8436067E-005
-3.0860581E-005
-3.3638091E-005
-3.696667E-005
-4.7146565E-005
-5.2913401E-005
-6.2192885E-005
-7.5592376E-005
-7.7251912E-005
-7.0647642E-005
-6.8557376E-005
-6.3359854E-005
-5.8152593E-005
-5.612864E-005
-4.95397E-005
-5.5324283E-005
-5.8658698E-005
-5.3842734E-005
-4.1417479E-005
-3.3439374E-005
-3.4716188E-005
-2.8884249E-005
-2.9638635E-005
-2.6333997E-005
-2.4246277E-005
-2.3290919E-005
-1.6958413E-005
-1.6412676E-005
-1.2648871E-005
-7.0267997E-006
-3.5358198E-006
-1.1665743E-007
-1.270369E-006
-1.635004E-006
-2.6125938E-006
-8.8597008E-006
-1.9828594E-005
-2.6198455E-005
-1.8793806E-005
-2.7152017E-005
-3.4214532E-005
-4.5031196E-005
-4.991025E-005
-5.1216226E-005
-5.9870865E-005
-6.7727859E-005
-6.131627E-005
-6.342648E-005
-6.1568418E-005
-5.7839352E-005
-4.4054334E-005
-3.5921254E-005
-2.8425889E-005
-2.6561975E-005
-1.9734325E-005
-2.0908466E-005
-1.3625846E-005
-9.0989861E-006
-6.4958053E-006
4.7419549E-006
3.7468594E-006
2.5015775E-006
1.7851634E-006
2.8405793E-006
-2.8819688E-006
-8.3594869E-006
-7.0248793E-006
-2.1894493E-006
-6.5497866E-006
-1.1481542E-005
-2.6142528E-005
-3.3015567E-005
-3.5735284E-005
-4.2784963E-005
-4.7208679E-005
-5.7492343E-005
-5.6764995E-005
-6.0678656E-005
-5.9664915E-005
-4.1876679E-005
-4.0450494E-005
-3.1112057E-005
-2.5051238E-005
-2.9444453E-005
-2.6544898E-005
-1.8944613E-005
-8.7848694E-006
3.1694341E-007
1.6509759E-006
3.4380569E-006
4.1589537E-006
6.1287228E-006
9.9827075E-006
1.3823237E-005
1.4182652E-005
1.5182271E-005
1.2829491E-005
1.1700358E-005
1.9147812E-005
1.6739923E-005
1.3647982E-005
6.3288167E-006
-4.2999181E-006
-8.3474552E-006
-1.1647369E-005
-1.9813728E-005
-1.6961241E-005
-2.4366616E-005
-2.4179737E-005
-3.1504827E-005
-3.613441E-005
-3.4349603E-005
-3.1536314E-005
-2.6222053E-005
-2.2548293E-005
-1.9036801E-005
-1.4455496E-005
-1.2492145E-005
-1.065843E-005
-1.4219912E-005
-1.4084502E-005
-1.4273658E-005
-8.9593004E-006
-7.2661624E-006
2.0776322E-006
-1.355154E-006
-4.5148281E-006
-6.6972166E-006
-1.1876448E-005
-1.6490367E-005
-1.8404988E-005
-2.4882891E-005
-2.4174049E-005
-2.6681771E-005
-2.1955506E-005
-2.6094662E-005
-2.9315084E-005
-3.0249621E-005
-4.3034746E-005
-4.219262E-005
-5.6405006E-005
-6.1641455E-005
-5.7476758E-005
-5.4139582E-005
-4.8672133E-005
-5.4740602E-005
-6.2578809E-005
-6.4208609E-005
-6.3198386E-005
-5.3375668E-005
-4.3938886E-005
-3.6419118E-005
-3.1951582E-005
-2.9690857E-005
-3.804711E-005
-4.2335996E-005
-4.2581923E-005
-3.8428891E-005
-2.6100683E-005
-2.4169785E-005
-1.9130077E-005
-3.0289859E-005
-3.4683988E-005
-3.6951624E-005
-3.4130982E-005
-3.1359945E-005
-3.2702126E-005
-3.1262654E-005
-4.5866345E-005
-4.2144238E-005
-4.3294465E-005
-3.8546768E-005
-3.5727564E-005
-3.6581067E-005
-4.4299297E-005
-4.8478905E-005
-4.8038481E-005
-4.5768196E-005
-4.052767E-005
-2.9134239E-005
-1.6177841E-005
-1.5129979E-005
-8.0710124E-006
-1.0030275E-005
-9.8578412E-006
-2.3333762E-006
-3.7477146E-006
1.3289327E-006
7.1191303E-006
5.506753E-006
1.045612E-005
9.2051152E-007
-4.9107862E-006
3.2609391E-006
-4.4654161E-007
2.3404391E-006
8.4774547E-007
-7.4783848E-006
-1.9134206E-005
-2.2222719E-005
-2.9429921E-005
-2.60836E-005
-3.1055883E-005
-2.9795867E-005
-3.3390144E-005
-4.2129592E-005
-4.6233406E-005
-5.6591849E-005
-5.2923897E-005
-4.6417721E-005
-4.6802012E-005
-3.8695474E-005
-4.6093381E-005
-5.2538999E-005
-4.7651243E-005
-3.6215661E-005
-2.4588189E-005
-2.7175356E-005
-2.984252E-005
-3.7134792E-005
-3.2268359E-005
-3.4350323E-005
-2.793716E-005
-2.5043795E-005
-1.687664E-005
-1.7157792E-005
-2.2536662E-005
-4.0445408E-005
-4.574492E-005
-4.0647625E-005
-3.791217E-005
-4.2134849E-005
-4.719459E-005
-5.4435837E-005
-6.530316E-005
-6.7184686E-005
-6.8265043E-005
-7.3312316E-005
-6.974877E-005
-6.4981636E-005
-5.9127247E-005
-5.5187429E-005
-6.3637548E-005
-5.9813101E-005
-6.3138512E-005
-6.1385435E-005
-6.2673076E-005
-6.1489314E-005
-5.5981618E-005
-4.1065221E-005
-3.0730072E-005
-3.1277457E-005
-2.8802046E-005
-2.3400718E-005
-2.2963497E-005
-2.8727171E-005
-2.7921991E-005
-2.9975332E-005
-2.9892142E-005
-2.7007594E-005
-2.6065602E-005
-2.4411929E-005
-2.7432461E-005
-3.056676E-005
-3.6615413E-005
-4.8701109E-005
-4.7133941E-005
-5.2939693E-005
-4.6586105E-005
-3.9587536E-005
-4.2645999E-005
-4.7555735E-005
-5.1373852E-005
-5.0854684E-005
-4.8948055E-005
-5.6500154E-005
-5.4174307E-005
-5.57573E-005
-4.9412214E-005
-4.4031203E-005
-4.6244517E-005
-4.2836087E-005
-3.6147292E-005
-3.6353493E-005
-3.148022E-005
-3.5039113E-005
-3.179966E-005
-3.7585382E-005
-3.9612969E-005
-2.7849175E-005
-2.2549977E-005
-2.1482761E-005
-2.2876178E-005
-1.9805029E-005
-2.2050384E-005
-3.2096454E-005
-3.7562837E-005
-3.6731795E-005
-3.7913684E-005
-3.2309697E-005
-3.9640265E-005
-5.2159863E-005
-4.977041E-005
-5.4906002E-005
-6.422049E-005
-6.228951E-005
-6.2475177E-005
-6.7599831E-005
-6.8494322E-005
-6.5604145E-005
-6.5020067E-005
-6.9606285E-005
-7.5072407E-005
-7.1664974E-005
-6.4092215E-005
-6.5524779E-005
-6.1833154E-005
-6.5693188E-005
-6.5367727E-005
-5.9064852E-005
-5.7510286E-005
-4.5001474E-005
-4.1143521E-005
-4.0489438E-005
-3.7843332E-005
-3.5647008E-005
-4.2839518E-005
-4.4016513E-005
-4.186029E-005
-3.7030135E-005
-3.4521585E-005
-4.3546879E-005
-4.8440863E-005
-4.887375E-005
-4.6468864E-005
-4.7944253E-005
-5.2964991E-005
-5.4305274E-005
-4.9953305E-005
-5.7066238E-005
-6.3611747E-005
-6.6482979E-005
-6.851487E-005
-7.0980095E-005
-6.757817E-005
-6.3406158E-005
-5.7798577E-005
-5.6697972E-005
-6.0027251E-005
-5.8587044E-005
-6.4326377E-005
-6.5329376E-005
-6.1121042E-005
-4.8104903E-005
-4.2408872E-005
-5.5479468E-005
-6.3606516E-005
-6.7149704E-005
-6.0902395E-005
-4.6474226E-005
-3.8456517E-005
-4.326307E-005
-4.8776888E-005
-5.9053069E-005
-6.5889421E-005
-6.3661741E-005
-6.0882325E-005
-5.3266773E-005
-5.1492752E-005
-5.7450357E-005
-6.5989676E-005
-8.123141E-005
-8.4794505E-005
-7.2008406E-005
-6.9691152E-005
-6.6619861E-005
-6.8034176E-005
-7.1796785E-005
-7.0987175E-005
-8.7349799E-005
-8.6158696E-005
-9.0899914E-005
-8.2345177E-005
-7.2790346E-005
-6.7378212E-005
-6.0955794E-005
-6.0327879E-005
-5.4881431E-005
-4.9180653E-005
-4.8858059E-005
-5.0991217E-005
-5.7204928E-005
-5.7099638E-005
-5.844704E-005
-5.9995633E-005
-5.2729756E-005
-4.9766895E-005
-4.6510115E-005
-4.8167338E-005
-5.9592203E-005
-7.2382943E-005
-8.1719481E-005
-8.8261106E-005
-8.8241526E-005
-8.3056249E-005
-6.7193039E-005
-6.9469381E-005
-7.5737051E-005
-7.749092E-005
-8.143681E-005
-8.4446307E-005
-8.5237014E-005
-7.1319548E-005
-7.29194E-005
-8.2607075E-005
-8.9403104E-005
-9.0488065E-005
-9.1099231E-005
-9.181878E-005
-9.2796785E-005
-9.4480187E-005
-8.6038272E-005
-9.7257885E-005
-9.6093645E-005
-8.8344677E-005
-8.596995E-005
-8.4466126E-005
-9.0522604E-005
-9.4935247E-005
-9.6220356E-005
-9.7518787E-005
-9.817673E-005
-0.00010043438
-9.8237993E-005
-9.9169316E-005
-9.9612502E-005
-0.00010079331
-9.5951444E-005
-9.3040828E-005
-0.00010053786
-0.00010414908
-9.6820724E-005
-9.4218514E-005
-8.5267216E-005
-8.7844601E-005
-8.5425621E-005
-9.305188E-005
-9.1575654E-005
-9.2234419E-005
-9.1387999E-005
-8.4386273E-005
-8.1594895E-005
-9.3085066E-005
-9.0335619E-005
-9.0878515E-005
-9.4042509E-005
-8.7776716E-005
-9.1984199E-005
-9.0408197E-005
-9.6664095E-005
-9.913469E-005
-9.297685E-005
-8.976621E-005
-9.3026421E-005
-9.087404E-005
-8.5149513E-005
-7.8537196E-005
-9.176616E-005
-8.541689E-005
-8.55615E-005
-8.362424E-005
-8.60277E-005
-7.7256649E-005
-7.289723E-005
-6.9597125E-005
-6.5771936E-005
-6.5294356E-005
-6.0941376E-005
-7.131719E-005
-7.0677808E-005
-7.3310541E-005
-7.1318915E-005
-7.160136E-005
-7.2650968E-005
-6.7795416E-005
-6.769655E-005
-7.0073314E-005
-7.8026285E-005
-7.7121062E-005
-8.0747282E-005
-9.1069298E-005
-8.8793357E-005
-8.5308449E-005
-8.8602304E-005
-9.1690941E-005
-9.952738E-005
-0.00010636514
-0.00010278484
-0.00011318543
-0.00012025543
-0.00012386611
-0.00012023775
-0.00012069195
-0.00011319466
-0.00011272306
-0.00010745222
-0.00011258094
-0.00011035133
-0.00010646445
-0.00010051564
-0.00010191447
-0.00010381395
-9.3847775E-005
-9.2923765E-005
-8.879244E-005
-9.2478927E-005
-9.7502721E-005
-0.00010543412
-0.00010488994
-0.00011090691
-0.00011105971
-0.00010886081
-0.00011618856
-0.00011890448
-0.00012862403
-0.00013537428
-0.00013086092
-0.000132902
-0.00013258566
-0.00013393463
-0.00013997115
-0.00013335637
-0.00012249389
-0.00012009103
-0.00012392311
-0.00012669628
-0.00013570827
-0.00013376294
-0.00012773217
-0.00012820658
-0.00012364505
-0.00011359581
-0.00011521533
-0.00012188534
-0.00011847316
-0.00011063976
-0.00010862989
-0.0001035005
-9.5866279E-005
-9.6570686E-005
-9.5808115E-005
-9.6883334E-005
-9.1069749E-005
-8.6218795E-005
-8.6629669E-005
-9.0165398E-005
-9.4279792E-005
-0.00010211802
-0.00010452534
-0.0001032972
-9.6750024E-005
-9.3871116E-005
-9.8607314E-005
-0.00011013685
-0.00011966834
-0.00012041821
-0.0001217252
-0.0001172296
-0.00011039258
-0.00011168792
-0.00012230058
-0.00012165306
-0.00011943953
-0.00012230415
-0.00011594421
-0.00011386914
-0.00010974576
-0.00011454568
-0.00011585288
-0.00011307735
-0.00011341556
-0.00011503408
-0.0001064864
-0.00010709341
-0.00010580914
-0.00010392774
-0.00010225968
-0.00010886978
-0.00011616782
-0.00011171099
-0.00011306797
-0.00011312517
-0.00011627858
-0.00012127008
-0.00011518237
-0.00011921862
-0.00012181575
-0.00011353077
-0.0001140973
-0.00011173188
-0.00011026103
-0.00011849132
-0.00011545604
-0.00011752456
-0.00011721722
-0.0001056906
-0.00010631244
-0.00010936708
-0.00011436595
-0.00011800964
-0.00011558146
-0.00010917114
-9.6874806E-005
-9.4968098E-005
-9.2708244E-005
-9.4063958E-005
-9.5569929E-005
-9.3504619E-005
-8.8128327E-005
-8.4389038E-005
-9.0040288E-005
-8.6913555E-005
-9.9734672E-005
-0.00010290654
-0.00010910491
-0.00010131671
-0.00010205401
-9.5746524E-005
-9.9854456E-005
-9.8235214E-005
-0.00010044654
-0.00010047191
-9.5296593E-005
-9.4780415E-005
-9.3077426E-005
-8.9771769E-005
-9.1540729E-005
-9.3434421E-005
-9.3721392E-005
-9.5338284E-005
-8.3755534E-005
-8.8870234E-005
-9.1854192E-005
-9.5750787E-005
-9.5465875E-005
-9.4162468E-005
-9.3996518E-005
-9.8746554E-005
-8.9490175E-005
-8.4228406E-005
-7.810675E-005
-8.9153204E-005
-9.0712376E-005
-9.1933929E-005
-9.1923248E-005
-9.2252289E-005
-9.3216258E-005
-9.5705953E-005
-9.3472147E-005
-9.7071934E-005
-0.0001062947
-0.00011796944
-0.00011468639
-0.00011973331
-0.00012146109
-0.00012080116
-0.00012084223
-0.00011747628
-0.00012274837
-0.0001222728
-0.00011957761
-0.00011808742
-0.00010505297
-0.000116369
-0.00011363257
-0.00011336493
-0.00011404276
-0.00011101176
-0.00010954664
-0.00010707304
-0.000111348
-0.00011363354
-0.00011863676
-0.00010969388
-0.00011136873
-0.00010305309
-0.00010190161
-0.00010768043
-0.0001019066
-0.0001053223
-0.0001083024
-0.00010565798
-0.00010886246
-0.00010736081
-0.00010629198
-0.00010884763
-0.00011040764
-0.00010656645
-0.00010676536
-0.0001026058
-0.00010508518
-0.00010876866
-0.00011233449
-0.00010765368
-9.9891273E-005
-9.8350807E-005
-0.00010112987
-0.0001097623
-0.00010839589
-0.00010509207
-0.00010222617
-8.9270572E-005
-7.6367163E-005
-7.9683865E-005
-8.9628476E-005
-8.6880078E-005
-8.9145797E-005
-8.0067584E-005
-7.2819763E-005
-7.4685529E-005
-7.5014243E-005
-7.6107477E-005
-7.8385827E-005
-6.9347363E-005
-6.9984286E-005
-6.5645931E-005
-6.6488392E-005
-6.640736E-005
-7.8602294E-005
-7.6153723E-005
-7.5065669E-005
-7.0952519E-005
-6.7449022E-005
-6.3313593E-005
-7.8721801E-005
-8.6703301E-005
-9.0408648E-005
-9.2431357E-005
-7.9074991E-005
-7.6627985E-005
-6.6119072E-005
-6.2509898E-005
-6.5873719E-005
-7.1529146E-005
-7.1572496E-005
-7.3493989E-005
-7.1259507E-005
-6.7287612E-005
-5.6556542E-005
-5.1916872E-005
-4.9403618E-005
-5.1254578E-005
-5.4624023E-005
-6.2995969E-005
-6.9959009E-005
-6.5094086E-005
-5.992813E-005
-6.1631879E-005
-6.9730799E-005
-7.0612368E-005
-7.4042699E-005
-7.0749935E-005
-6.4565327E-005
-7.1428447E-005
-8.0876729E-005
-8.6989014E-005
-9.2103161E-005
-9.2576025E-005
-8.2075225E-005
-7.8739751E-005
-6.7927809E-005
-6.9495087E-005
-7.6060132E-005
-9.3340539E-005
-0.00010393301
-9.9556921E-005
-8.8392357E-005
-7.2981522E-005
-5.8452708E-005
-6.9322014E-005
-7.7108176E-005
-8.4124906E-005
-7.8879282E-005
-7.2941424E-005
-6.1175117E-005
-6.1660001E-005
-6.3920357E-005
-6.4281194E-005
-6.7123692E-005
-6.4631764E-005
-5.5697717E-005
-6.1458217E-005
-6.9816277E-005
-7.9804639E-005
-8.2243838E-005
-8.3250859E-005
-8.7885426E-005
-8.5717504E-005
-8.4545631E-005
-8.0026977E-005
-7.781254E-005
-7.8775687E-005
-8.5986445E-005
-8.9220572E-005
-9.9435791E-005
-9.8744909E-005
-8.7351633E-005
-7.4955016E-005
-7.2301737E-005
-7.1737028E-005
-8.2865219E-005
-8.4044528E-005
-9.0302616E-005
-8.43339E-005
-7.9777914E-005
-7.6804405E-005
-7.5335905E-005
-7.0735579E-005
-7.6807875E-005
