-6.8132438E-005
-8.1951963E-005
-8.7922563E-005
-8.540968E-005
-8.0780046E-005
-7.8140067E-005
-8.1797145E-005
-9.0401642E-005
-9.7803837E-005
-9.6943615E-005
-9.4630021E-005
-9.1715097E-005
-9.2622642E-005
-9.1563488E-005
-8.3313447E-005
-7.28417E-005
-5.8412406E-005
-5.131101E-005
-5.1638151E-005
-5.0571183E-005
-4.6906429E-005
-3.4291228E-005
-2.2040271E-005
-1.0410106E-005
-2.0775217E-006
1.2798114E-005
2.7192411E-005
4.2113868E-005
5.107293E-005
5.1717663E-005
5.2085041E-005
5.3188243E-005
5.8641483E-005
6.8094792E-005
7.2421783E-005
6.9719004E-005
5.5579265E-005
3.5197747E-005
1.7822293E-005
4.8602078E-006
-3.5648469E-007
2.699893E-006
8.8897714E-006
1.7456927E-005
2.2518556E-005
2.1713759E-005
1.211237E-005
3.3479305E-006
-4.7908443E-006
-8.2762999E-006
-7.9840256E-006
-1.3102452E-005
-1.628766E-005
-3.1811891E-005
-4.7485802E-005
-6.3706466E-005
-7.4890442E-005
-7.7735567E-005
-7.2506526E-005
-6.3521395E-005
-5.9473135E-005
-6.0642564E-005
-6.4167143E-005
-7.1562921E-005
-7.1847986E-005
-6.331566E-005
-4.7832662E-005
-3.0314421E-005
-2.1232592E-005
-1.5012773E-005
-1.8725626E-005
-3.1132917E-005
-3.729212E-005
-3.8975828E-005
-3.6382015E-005
-3.4502471E-005
-3.5023368E-005
-3.3875549E-005
-3.5026555E-005
-4.066974E-005
-4.7897756E-005
-5.2659052E-005
-5.4635027E-005
-4.6678349E-005
-2.9208142E-005
-1.4136124E-005
-1.2358393E-005
-2.2838172E-005
-4.2685922E-005
-6.5901455E-005
-7.9477519E-005
-8.0070662E-005
-6.9184869E-005
-6.4331958E-005
-6.424763E-005
-6.8685396E-005
-8.1701095E-005
-8.8925037E-005
-8.9155299E-005
-9.4987816E-005
-0.0001547336
-0.00039028886
-0.00093450927
-0.0017960733
-0.0027742311
-0.0034770467
-0.0035954232
-0.0032313364
-0.0027614231
-0.0025085912
-0.0026275946
-0.0031661231
-0.0040305709
-0.0048252
-0.004867156
-0.003725569
-0.0017681197
-2.9405053E-005
0.00059198681
8.1687132E-005
-0.00087012333
-0.0016288676
-0.0018983292
-0.0015705134
-0.00081868679
-5.8132966E-005
0.00031792439
0.00029314132
0.00015301096
0.0001061822
0.00022677818
0.00047404403
0.00080744212
0.0012113136
0.0017377008
0.0024661943
0.0034144921
0.0043839109
0.0049579376
0.0047527021
0.0037538595
0.0023966823
0.001245043
0.00074145052
0.0010027814
0.0017547476
0.0024688093
0.0027162612
0.0024936283
0.0020034553
0.001393585
0.00075186085
0.00016851284
-0.00019857677
-0.00013879548
0.0003764008
0.0010453643
0.0014185484
0.0012593021
0.00068257935
9.502063E-005
-0.00019536803
-0.00016500047
0.00012479469
0.00057790027
0.001035094
0.001390171
0.0015509828
0.0014317594
0.0011483246
0.00094928598
0.00098736945
0.0011659751
0.001329674
0.0014942369
0.0019027771
0.0026340056
0.0033287969
0.00354916
0.0031573079
0.0024032819
0.0016404799
0.0011034575
0.00086093403
0.00089109072
0.0011365251
0.0015008406
0.0018442067
0.0020688148
0.0020637668
0.0017465198
0.0011197622
0.00022428123
-0.00081861537
-0.0016525307
-0.0019216321
-0.0016545815
-0.0012188798
-0.00093834207
-0.00091501238
-0.0011371149
-0.0015201187
-0.0019417903
-0.0023188507
-0.0026038657
-0.0027374804
-0.002712718
-0.0026650042
-0.0026665276
-0.0026302286
-0.0025125917
-0.0023695738
-0.0022363013
-0.0020671503
-0.0017626255
-0.0013135308
-0.00089121453
-0.00073131162
-0.00091425685
-0.0012715689
-0.0015373051
-0.0015476741
-0.0013329074
-0.0010382199
-0.00081241218
-0.00064880255
-0.00040788314
-6.2008075E-005
0.00027087412
0.00045339088
0.00045268555
0.00036559495
0.00027713866
0.0001362067
-0.00010255115
-0.00038651051
-0.0005646348
-0.00050902244
-0.00028448037
-4.897446E-005
0.00013392506
0.00023645899
0.0002270301
0.00011469501
-7.3150375E-005
-0.0003521647
-0.00067372195
-0.00090985198
-0.0009507357
-0.00081031537
-0.00060504599
-0.00045030253
-0.00032568554
-0.00018235877
-6.582999E-005
-4.1221638E-006
2.1858641E-005
7.5651595E-005
0.00019662843
0.0003322624
0.00045768751
0.0006250919
0.000838621
0.0010195505
0.0011023536
0.0011082804
0.0011253449
0.0011948989
0.0012772261
0.0013474741
0.0014145602
0.0015141608
0.0016693459
0.0017867256
0.0018068472
0.001751223
0.0016631812
0.0015958693
0.0015292363
0.0014233439
0.001313703
0.001303472
0.0013958069
0.0015002043
0.0014611089
0.0011915566
0.00076784339
0.00035971371
0.00010756344
2.9522243E-005
1.1798782E-005
-3.9143302E-005
-9.365219E-005
-9.3044968E-005
-6.8750996E-005
-0.00010234136
-0.00022614283
-0.00039122454
-0.00053130096
-0.00061789685
-0.00067248207
-0.00069880916
-0.00068199658
-0.00061537605
-0.00051482028
-0.00040209206
-0.00030228184
-0.00027157273
-0.00035745447
-0.00052970188
-0.00067275629
-0.00066555105
-0.00050870958
-0.00031085123
-0.00018316704
-0.00017456943
-0.00027483396
-0.00044647214
-0.00065714231
-0.00087730034
-0.0010067142
-0.00095187098
-0.00072397134
-0.00042969928
-0.00022913952
-0.0001947352
-0.00030369259
-0.00050801813
-0.00075009104
-0.00099669397
-0.0012125383
-0.0013439181
-0.0013536693
-0.0012677459
-0.0011140651
-0.00091318169
-0.00075190188
-0.0007625086
-0.00097926171
-0.0012787099
-0.0014612548
-0.0014263913
-0.0012474745
-0.0010688239
-0.00096543896
-0.00089639559
-0.0008028103
-0.00070003059
-0.00065613672
-0.00069518434
-0.00076922122
-0.00077771541
-0.00062863808
-0.00034439593
-1.8849518E-005
0.0002121838
0.00026822175
0.00018783384
6.7860667E-005
5.4135899E-006
1.135179E-005
4.0413575E-005
7.9199803E-005
0.00017797679
0.00035731832
0.00056915841
0.0007485823
0.00083206902
0.00078941829
0.00064955489
0.0004713801
0.00035103742
0.00036539717
0.00050113868
0.00067865226
0.00081401929
0.00084864011
0.00077232003
0.00062129588
0.00044716991
0.00030734786
0.00024885056
0.00028279482
0.0003773616
0.00050129695
0.00059993955
0.00063448888
0.00059888797
0.00049927022
0.00035971135
0.00022759645
0.0001519159
0.00016709352
0.00026419503
0.00040953071
0.00054448022
0.00063078251
0.00064299552
0.00057509507
0.00045663153
0.0003317197
0.00026915199
0.00031921905
0.0004729268
0.00064531266
0.00073394255
0.00068346382
0.00054125686
0.00040290752
0.0003287429
0.00030206214
0.00023703047
0.00011107585
-1.8390208E-005
-7.2481424E-005
-5.0218358E-005
-9.8639975E-006
-3.5455198E-006
-5.4615113E-005
-0.0001095433
-0.00012573297
-0.00011604174
-0.00013555661
-0.00020929516
-0.00034146413
-0.00049266109
-0.0006102816
-0.00064993551
-0.00059383386
-0.0004918761
-0.00044776479
-0.00049477891
-0.0005785923
-0.00063662598
-0.00064233225
-0.00061352295
-0.00059992471
-0.00061850937
-0.00065281277
-0.00069431402
-0.0007293158
-0.00073933182
-0.00070110947
-0.00061901321
-0.00053195213
-0.00045676291
-0.00039595799
-0.00034234556
-0.00029819008
-0.0002666277
-0.00025332009
-0.00026463351
-0.00029149908
-0.00034268023
-0.00042448542
-0.00050215219
-0.00054075749
-0.00051166065
-0.00043734707
-0.0003623091
-0.00029678445
-0.00022496558
-0.00014340422
-0.00010288379
-0.00014975014
-0.00027933196
-0.00043431585
-0.00051847269
-0.00049231306
-0.00037284513
-0.0001878201
1.2797764E-005
0.00014668134
0.00016999662
0.00010147915
2.9897874E-006
-7.4343312E-005
-9.872784E-005
-6.3882821E-005
3.7090645E-005
0.00017628666
0.00030149621
0.00035595099
0.00034929786
0.00030190387
0.00023839345
0.00017649078
0.00015095658
0.00019460275
0.0003004063
0.00043480884
0.00054032844
0.00059567462
0.0005984765
0.00055599381
0.00049770146
0.00046201173
0.00048880366
0.00056646438
0.00065079273
0.00070055755
0.00070060929
0.00064828235
0.00056819886
0.00048310318
0.00039478057
0.00030461309
0.00021317447
0.00015513677
0.00015915383
0.00022829947
0.00032544261
0.00040839554
0.00043376
0.00038443354
0.00027126679
0.00014417966
5.1927113E-005
1.193258E-005
9.7405E-006
4.2543237E-005
0.00011349646
0.00020968645
0.00028538317
0.00029292968
0.000219747
9.6337768E-005
-2.6432956E-005
-9.5882482E-005
-9.0503076E-005
-3.2136788E-005
4.0243947E-005
8.3360646E-005
8.1274397E-005
3.4232889E-005
-3.6716046E-005
-0.00010814846
-0.00016659009
-0.00019046415
-0.00016295648
-9.399734E-005
-1.8821804E-005
1.6967833E-005
5.5680412E-006
-4.7080757E-005
-0.00011375804
-0.00017826703
-0.00024441318
-0.0003007527
-0.00034251547
-0.00035861885
-0.00035807453
-0.00035389635
-0.00035226479
-0.00035050008
-0.00035232087
-0.00037374662
-0.00040745578
-0.00043742449
-0.00044816762
-0.00044551879
-0.00043935233
-0.000432965
-0.00042826516
-0.00042556864
-0.00043738401
-0.00045682085
-0.00046409891
-0.00043257533
-0.00037154547
-0.0003059328
-0.00024379024
-0.00017361571
-0.0001045714
-4.9616141E-005
-2.6488429E-005
-4.5350491E-005
-9.1995877E-005
-0.00014692315
-0.00018186758
-0.00019103564
-0.00017420464
-0.00013255178
-7.5863689E-005
2.6016599E-007
8.3905114E-005
0.00015210369
0.00018964722
0.00018695556
0.00014961604
0.00010406371
7.8271303E-005
7.1502211E-005
7.9660669E-005
0.00010271219
0.00013182433
0.00016166178
0.00018428406
0.0001908163
0.0001862853
0.00016889788
0.00014171217
0.00010794577
7.1247465E-005
4.0042924E-005
2.7282049E-005
4.2130741E-005
7.980816E-005
0.00012488382
0.00015961501
0.00016316993
0.00014814315
0.00013819309
0.00014866248
0.00017670596
0.00020476888
0.00022016678
0.00022941118
0.00023950663
0.00026457474
0.00029346868
0.00031383548
0.00030905986
0.00028887001
0.0002666912
0.00026838604
0.00028701857
0.00031147091
0.00031609519
0.0002727508
0.00019785739
0.00012225578
8.1754646E-005
9.3765411E-005
0.00013652258
0.00018154747
0.00021724265
0.00023739705
0.00023987476
0.00022568167
0.00018905701
0.00013235037
6.1420273E-005
-7.1190198E-006
-5.345864E-005
-6.9403242E-005
-5.080245E-005
-9.3376648E-006
3.6014477E-005
5.9600836E-005
4.7155263E-005
6.07863E-007
-7.0262882E-005
-0.00014132117
-0.00018448025
-0.00019772151
-0.00019090773
-0.00018014158
-0.00016381835
-0.00014461082
-0.00011993646
-0.00011252186
-0.00013178936
-0.00017040969
-0.00019919145
-0.00019644207
-0.00015354124
-9.1171743E-005
-4.2901716E-005
-3.5444926E-005
-7.8373814E-005
-0.00014937516
-0.00021471217
-0.00024701518
-0.00024414217
-0.00023394279
-0.00022771567
-0.00022016889
-0.0001970481
-0.0001554615
-0.00011673533
-9.0223693E-005
-9.3218725E-005
-0.00011119101
-0.00013616456
-0.00015583256
-0.0001561149
-0.00013931359
-0.00011333766
-9.3188282E-005
-8.5279949E-005
-9.2115035E-005
-0.00010686218
-0.00012203326
-0.00012882678
-0.0001255807
-0.00011001142
-8.4913634E-005
-6.8075416E-005
-5.8486581E-005
-5.6779958E-005
-6.0305643E-005
-6.4388601E-005
-7.0217786E-005
-7.0875351E-005
-5.5425364E-005
-3.1240546E-005
1.1873655E-007
3.3681015E-005
6.180707E-005
8.4606334E-005
9.6388751E-005
9.6029173E-005
7.9105936E-005
5.7374364E-005
2.9143528E-005
3.5673547E-006
-1.0244315E-005
-6.3724551E-006
1.2680562E-005
4.0629006E-005
6.7607893E-005
8.6545355E-005
8.8617038E-005
8.2920822E-005
7.3271622E-005
7.5503718E-005
9.8240103E-005
0.00013142567
0.00016327229
0.00018006381
0.0001850156
0.00018742293
0.00019169289
0.00019560412
0.00019537362
0.00017644781
0.00014452368
0.00010487033
7.5101801E-005
6.6024324E-005
7.3479241E-005
9.4523639E-005
0.00011411338
0.00013202123
0.00014517384
0.00014926697
0.00014336042
0.00013310896
0.00011662267
0.00010309091
9.21307E-005
8.946078E-005
9.011662E-005
9.0560745E-005
7.9470919E-005
6.3669955E-005
4.6538877E-005
3.3774912E-005
2.307429E-005
1.3296002E-005
9.2291903E-006
1.9282272E-006
-6.3530911E-006
-2.6826647E-005
-5.7630561E-005
-8.8984678E-005
-0.0001233886
-0.00015027227
-0.0001694855
-0.00016986439
-0.00014989405
-0.00011543981
-7.7261764E-005
-4.6460013E-005
-3.3308857E-005
-3.8174629E-005
-5.1933726E-005
-6.6506414E-005
-7.4365889E-005
-7.4254815E-005
-6.8948095E-005
-6.559764E-005
-6.901961E-005
-7.491537E-005
-7.7010183E-005
-7.3089861E-005
-6.2051666E-005
-5.3327956E-005
-4.5560722E-005
-3.9688159E-005
-3.951725E-005
-4.0960422E-005
-4.194615E-005
-3.8227146E-005
-3.4265526E-005
-3.2059015E-005
-3.3842312E-005
-4.397329E-005
-5.8936395E-005
-6.904683E-005
-6.9954345E-005
-5.9699891E-005
-3.7011181E-005
-9.2969813E-006
1.4712853E-005
1.2798616E-005
-2.0883572E-005
-6.6605433E-005
-0.00011970138
-0.00016198381
-0.00018465752
-0.00018520665
-0.00017084545
-0.00015126402
-0.00012685935
-0.00010385827
-8.726809E-005
-7.8071957E-005
-7.5774224E-005
-8.0618091E-005
-8.6728323E-005
-8.5821397E-005
-7.4996562E-005
-5.6501714E-005
-3.206445E-005
-1.3120018E-005
-5.9710023E-006
-9.050932E-006
-1.4087179E-005
-1.6901429E-005
-1.0484289E-005
2.5610441E-006
2.357622E-005
4.3541015E-005
5.7587142E-005
6.98234E-005
7.8045879E-005
8.446155E-005
7.6626304E-005
5.8885635E-005
4.4862609E-005
4.4397653E-005
5.6347668E-005
7.0580085E-005
7.7471035E-005
7.4698932E-005
6.1875304E-005
5.389782E-005
4.2381183E-005
4.0542582E-005
4.2628781E-005
4.3607943E-005
4.2331558E-005
3.6681478E-005
3.4196088E-005
3.091012E-005
2.7742086E-005
1.9485151E-005
6.3497268E-006
-1.5943702E-005
-4.5405646E-005
-7.2334922E-005
-8.8601075E-005
-8.4742642E-005
-6.0729897E-005
-2.997511E-005
3.8297353E-006
3.0033867E-005
4.3981207E-005
4.5063978E-005
3.3125041E-005
1.9887309E-005
8.7726976E-006
-4.8862025E-006
-1.3889066E-005
-2.1831505E-005
-1.5872747E-005
5.9122988E-007
2.4548415E-005
3.8132537E-005
4.382298E-005
4.3377142E-005
4.6307327E-005
5.8030801E-005
7.2960909E-005
9.0605106E-005
9.8560718E-005
9.4728137E-005
8.4157211E-005
6.7142922E-005
5.3983549E-005
4.8407626E-005
5.6291003E-005
7.2390794E-005
8.9571084E-005
0.00010340797
0.00011753824
0.00012597372
0.00012663806
