-0.025001975
-0.021618737
-0.018066673
-0.014395423
-0.010657125
-0.0069034342
-0.0031842501
0.00045064281
0.0039569284
0.0072953887
0.010429959
0.013330138
0.015967986
0.018322928
0.020381164
0.022137914
0.023590349
0.024737649
0.025588514
0.026152855
0.026445059
0.026481567
0.026280498
0.025861694
0.025246281
0.024450878
0.023493541
0.022391077
0.021158636
0.019811522
0.018358262
0.016806334
0.015161335
0.013428992
0.011612368
0.009714298
0.0077356058
0.005676528
0.0035393119
0.0013275205
-0.00095337868
-0.0032957047
-0.0056890305
-0.0081202025
-0.010573635
-0.013029962
-0.015467405
-0.017857971
-0.020173877
-0.022383001
-0.024454445
-0.026356015
-0.02805273
-0.029512271
-0.030702218
-0.031591967
-0.032157712
-0.032376532
-0.032233503
-0.031716693
-0.03082009
-0.029543877
-0.027894085
-0.025887769
-0.023543501
-0.02089164
-0.017962156
-0.014792914
-0.011426596
-0.0079087494
-0.004290123
-0.00062110537
0.0030470204
0.0066640591
0.010181473
0.013551755
0.016730882
0.019679142
0.022360349
0.024748029
0.026818331
0.028555451
0.029945537
0.030982915
0.031670727
0.032011442
0.032021493
0.031712588
0.031103792
0.030216932
0.029075183
0.027703699
0.02612849
0.024373792
0.022465281
0.020422917
0.018268762
0.016019817
0.013692822
0.011303744
0.0088627096
0.0063785505
0.0038574766
0.0013045501
-0.0012753567
-0.0038768952
-0.00649569
-0.0091253743
-0.011761711
-0.014396183
-0.017018937
-0.01961671
-0.022172619
-0.024667531
-0.027081508
-0.029389771
-0.031565957
-0.033582389
-0.035407793
-0.037009891
-0.038355809
-0.039418384
-0.040168274
-0.040579647
-0.04062701
-0.040292807
-0.039560292
-0.03842131
-0.036874585
-0.03492327
-0.032576263
-0.029854303
-0.026776619
-0.023373839
-0.019683309
-0.015747517
-0.011610836
-0.0073232264
-0.0029367101
0.0014939435
0.005913774
0.010266586
0.014498351
0.018557897
0.022399163
0.025980208
0.029260613
0.032207586
0.034792114
0.036992721
0.03880091
0.040202729
0.041203495
0.041800573
0.042004101
0.041832704
0.041298632
0.040428076
0.039241455
0.037768565
0.036035884
0.034064673
0.03188251
0.02951833
0.026993109
0.024329446
0.021546751
0.018661538
0.015686065
0.01263772
0.0095252534
0.0063595413
0.0031477264
-0.00010168881
-0.0033811857
-0.006681486
-0.0099922549
-0.013302287
-0.016596997
-0.019861922
-0.023077337
-0.026224507
-0.029276829
-0.032206487
-0.034985602
-0.03758109
-0.039963614
-0.042100038
-0.043954
-0.045495041
-0.046689678
-0.047510255
-0.047933929
-0.047935564
-0.047500201
-0.046621867
-0.045287643
-0.043504398
-0.041277975
-0.038627639
-0.035576582
-0.032152284
-0.028388582
-0.024326997
-0.020015508
-0.015503867
-0.010846015
-0.0060987035
-0.0013176544
0.0034400164
0.0081189442
0.012664095
0.017025169
0.021152977
0.02500649
0.028548332
0.031750243
0.034584347
0.03703022
0.039074782
0.0407154
0.041952137
0.042788465
0.043233864
0.043302149
0.043013655
0.042386219
0.041441757
0.040207792
0.038706873
0.03696413
0.035002507
0.032840904
0.030501295
0.028005099
0.025368046
0.022605376
0.019726884
0.01674352
0.013668275
0.010507417
0.0072723511
0.0039696144
0.00060970319
-0.0027981123
-0.0062418459
-0.0097067729
-0.01317574
-0.016628344
-0.020041965
-0.023392888
-0.026653016
-0.029792299
-0.032777268
-0.035574235
-0.038147792
-0.040458571
-0.042478602
-0.04417298
-0.045508765
-0.0464563
-0.04698975
-0.047095742
-0.046756811
-0.045964394
-0.044717226
-0.043020226
-0.040884942
-0.038330033
-0.03538255
-0.032071322
-0.028439049
-0.024526607
-0.020380719
-0.016052013
-0.011595147
-0.0070650354
-0.0025184108
0.0019892626
0.0064056842
0.010681416
0.014768023
0.018622594
0.022204038
0.025482085
0.028429413
0.031027041
0.033260491
0.035117611
0.036598329
0.037704796
0.038441461
0.0388235
0.038867295
0.038586196
0.038005959
0.037145101
0.036024269
0.034666918
0.033093955
0.03132889
0.029390305
0.027292324
0.025049465
0.022676546
0.020185787
0.017587677
0.014888518
0.012096322
0.0092189042
0.0062617995
0.0032343855
0.00014538596
-0.0029943495
-0.0061717355
-0.0093736826
-0.012581205
-0.015774926
-0.01892863
-0.022017907
-0.025013406
-0.027884621
-0.030598817
-0.033121247
-0.03541946
-0.037453473
-0.039192047
-0.040606495
-0.041665319
-0.04234549
-0.042625479
-0.042490568
-0.041927233
-0.040932447
-0.039510585
-0.037671458
-0.035428889
-0.032807879
-0.029834768
-0.026544524
-0.022979187
-0.019182179
-0.015203157
-0.011091338
-0.0068997531
-0.0026811645
0.0015115597
0.0056260736
0.0096114716
0.013421177
0.017015213
0.020356031
0.023412077
0.026156478
0.028564781
0.030624298
0.03232909
0.033672914
0.034657538
0.035291646
0.035585474
0.035555538
0.035215836
0.034591109
0.033700839
0.032566253
0.031210398
0.029654313
0.027917689
0.026020883
0.023982683
0.021817414
0.019538002
0.017156793
0.014680747
0.012120758
0.00948497
0.0067789285
0.0040089013
0.001181713
-0.001694749
-0.0046113613
-0.0075566079
-0.010516978
-0.013475353
-0.016414076
-0.019313935
-0.022149563
-0.024894886
-0.02751964
-0.029990871
-0.032280505
-0.034353897
-0.036178596
-0.037726201
-0.038962506
-0.039862093
-0.040397614
-0.040549785
-0.040303338
-0.039649993
-0.038586158
-0.037111852
-0.035232209
-0.03296604
-0.030336102
-0.027369173
-0.024098517
-0.020562027
-0.0168033
-0.012868934
-0.0088097919
-0.0046775253
-0.00052476977
0.0035963259
0.0076352134
0.011543572
0.015274565
0.018785931
0.02203838
0.02500095
0.027647555
0.029958263
0.031916127
0.033509977
0.034739189
0.035601225
0.036107514
0.036269058
0.036101822
0.035619095
0.034844816
0.033800941
0.032508008
0.030990358
0.029272802
0.027376547
0.025322298
0.023126917
0.020806938
0.018378433
0.015857339
0.013252398
0.01057375
0.0078284759
0.0050250487
0.0021712624
-0.000724738
-0.0036548569
-0.006609608
-0.0095787793
-0.012549217
-0.015505675
-0.018430404
-0.021302411
-0.024097728
-0.026791323
-0.029356405
-0.03176447
-0.033981577
-0.035978839
-0.037724085
-0.039183654
-0.040334307
-0.041145243
-0.041594028
-0.041657977
-0.041323151
-0.040581319
-0.039426502
-0.037862614
-0.035897113
-0.033543691
-0.03082162
-0.027759487
-0.024390519
-0.02075449
-0.016892815
-0.012853773
-0.0086853532
-0.0044386983
-0.00016687661
0.0040769083
0.0082397228
0.012272444
0.016127808
0.019764731
0.023144586
0.026231416
0.028996896
0.031417876
0.033478048
0.035168171
0.036483414
0.037423171
0.037991885
0.038202114
0.038066402
0.037601378
0.036828019
0.035769735
0.034449901
0.032890033
0.031113744
0.029143484
0.027001807
0.024710728
0.022285683
0.019743541
0.017098431
0.014363049
0.011550198
0.0086703254
0.0057313899
0.002741938
-0.00028997945
-0.0033549401
-0.0064423839
-0.0095399795
-0.012633644
-0.0157088
-0.018748064
-0.021730194
-0.024632398
-0.027429076
-0.030093394
-0.032594409
-0.034903649
-0.036989089
-0.038819533
-0.040365495
-0.041595604
-0.042483784
-0.043004159
-0.043138437
-0.042871561
-0.042193171
-0.041096129
-0.039579857
-0.037652217
-0.035329845
-0.032631598
-0.029583978
-0.026217213
-0.022568969
-0.018681064
-0.014600988
-0.010377923
-0.0060629416
-0.0017091613
0.0026309243
0.0069054808
0.011064692
0.015058765
0.018844053
0.02237742
0.025626017
0.028561534
0.031158129
0.033397131
0.035262138
0.036751475
0.037858222
0.038590197
0.038957272
0.038967416
0.038639694
0.03799241
0.037046485
0.035823181
0.034349501
0.032644372
0.030733587
0.028636765
0.02637402
0.023965042
0.021428922
0.018780323
0.016032787
0.013196664
0.010283479
0.0073028128
0.0042654299
0.001180827
-0.0019415349
-0.0050909347
-0.0082558431
-0.011422421
-0.014575284
-0.017695349
-0.020760274
-0.023750303
-0.0266391
-0.029401224
-0.032006081
-0.034421578
-0.036620591
-0.038565956
-0.040230475
-0.041585062
-0.042601924
-0.043255847
-0.043525666
-0.043393258
-0.042846363
-0.041882027
-0.040496185
-0.038698103
-0.03649709
-0.033911861
-0.030966559
-0.027692342
-0.024126371
-0.020309158
-0.016283786
-0.012099646
-0.0078061582
-0.0034566897
0.00089519366
0.0051967772
0.0093980683
0.013451316
0.017311817
0.020937182
0.024291061
0.027339349
0.03005803
0.032427032
0.034430124
0.03606328
0.037317012
0.038196139
0.038704816
0.038857631
0.03866839
0.03815598
0.037336774
0.036235113
0.034871805
0.033268984
0.031451579
0.029440666
0.027257988
0.024919683
0.022444284
0.019847335
0.017141936
0.014344207
0.011463247
0.0085093025
0.0054919175
0.0024203483
-0.00069450302
-0.0038414695
-0.0070079565
-0.010180649
-0.013345007
-0.016483601
-0.019576224
-0.022600459
-0.025529051
-0.028336961
-0.03099479
-0.033473544
-0.035742931
-0.03776966
-0.03952628
-0.040978864
-0.042098183
-0.042865481
-0.043252535
-0.043247908
-0.042832889
-0.042002812
-0.040752638
-0.039088253
-0.037019998
-0.034568489
-0.031752508
-0.028599223
-0.025145836
-0.021428544
-0.017494028
-0.013388623
-0.0091623683
-0.004866282
-0.00055184087
0.0037297518
0.0079272147
0.011989921
0.015872739
0.019534273
0.022938784
0.026052132
0.028847188
0.031300437
0.033396501
0.035125498
0.036481906
0.037469577
0.038090881
0.038356204
0.038275775
0.037870888
0.037156913
0.03615728
0.034894317
0.033387471
0.031661585
0.02973547
0.027630163
0.025365688
0.022963108
0.020434385
0.017793499
0.015053661
0.01222676
0.0093241688
0.0063564582
0.0033326366
0.00026306688
-0.0028425532
-0.0059726699
-0.0091141732
-0.012250585
-0.015364658
-0.018436003
-0.02144552
-0.024368335
-0.027179085
-0.029848294
-0.03234544
-0.034643222
-0.03670904
-0.038510874
-0.040022146
-0.041212413
-0.042058833
-0.042535949
-0.042623725
-0.04231333
-0.041592825
-0.040463284
-0.038920775
-0.036977403
-0.03464802
-0.03195364
-0.028923552
-0.025588414
-0.021985389
-0.018156309
-0.014147174
-0.010007245
-0.0057873153
-0.0015382105
0.0026882407
0.006841769
0.010875377
0.014743666
0.018401302
0.021810962
0.024938336
0.02775488
0.030242411
0.032379661
0.034158662
0.03556684
0.036609389
0.037285753
0.037609648
0.037591968
0.037248109
0.036595676
0.035653848
0.034450445
0.032999858
0.031326935
0.02945474
0.027402304
0.025187429
0.02282862
0.020341652
0.017745228
0.015049995
0.012269117
0.0094121099
0.0064896909
0.0035125429
0.00049094699
-0.0025641771
-0.0056416509
-0.0087276632
-0.01180857
-0.014867899
-0.017885776
-0.020843593
-0.023713635
-0.02647377
-0.029098354
-0.031559616
-0.033826847
-0.03586809
-0.03765529
-0.039157964
-0.040352158
-0.041211184
-0.04171237
-0.041837059
-0.041570138
-0.040901531
-0.039829146
-0.03835281
-0.0364835
-0.03423281
-0.031619444
-0.028668283
-0.025410455
-0.021882767
-0.018127415
-0.014186749
-0.01010894
-0.0059410897
-0.0017344335
0.0024604606
0.0065923985
0.010611971
0.014473462
0.018134801
0.021557922
0.024708699
0.027554557
0.030073835
0.03224517
0.03405593
0.035502508
0.036579154
0.037288193
0.037637826
0.03763907
0.037306774
0.036659256
0.0357145
0.034497105
0.033027124
0.031327024
0.029418854
0.027323585
0.025066331
0.022663275
0.02013352
0.017491382
0.014752083
0.011929856
0.0090376232
0.0060872594
0.0030886594
5.1750907E-005
-0.0030124024
-0.0060915141
-0.009172922
-0.01224121
-0.015281479
-0.018276351
-0.021206198
-0.024050394
-0.026784183
-0.029381381
-0.031814411
-0.034055863
-0.036077727
-0.0378493
-0.039347403
-0.04054134
-0.04140424
-0.041916512
-0.042057294
-0.041814245
-0.041174877
-0.040134922
-0.038694438
-0.03685876
-0.034638405
-0.032054111
-0.029130615
-0.025894662
-0.022379979
-0.018626172
-0.01467696
-0.010578909
-0.0063806032
-0.0021323855
0.0021145516
0.0063109836
0.010407811
0.014357708
0.018115113
0.021638554
0.024892634
0.027847894
0.030478463
0.032761954
0.034681752
0.036228612
0.037399713
0.03819669
0.038624622
0.038694978
0.038418394
0.037814528
0.0369021
0.035701998
0.034239717
0.032534305
0.030611027
0.02849317
0.026202146
0.0237571
0.021177897
0.018484103
0.015691226
0.012811668
0.0098598264
0.0068470389
0.003786209
0.00068901863
-0.0024339734
-0.0055705984
-0.0087086139
-0.011835412
-0.014935433
-0.017991217
-0.020980693
-0.023886286
-0.0266835
-0.029349957
-0.031857613
-0.034178421
-0.036284398
-0.038146984
-0.039737619
-0.041030478
-0.041996684
-0.04261902
-0.042871173
-0.042739362
-0.042212538
-0.041282017
-0.039948288
-0.038218446
-0.03609556
-0.033600103
-0.030753059
-0.027582226
-0.024120636
-0.020406663
-0.016483
-0.012392439
-0.0081847264
-0.0039094146
0.00038184942
0.0046376414
0.0088082775
0.012845755
0.016705502
0.020347407
0.023730805
0.026821477
0.029591806
0.032019556
0.034091081
0.035790753
0.037117243
0.038065471
0.038638998
0.038850747
0.03871005
0.038239069
0.037451811
0.036369931
0.035017874
0.0334142
0.031585243
0.029553834
0.027343823
0.024974588
0.022463853
0.019832144
0.01709426
0.014266572
0.01136255
0.008395303
0.0053746668
0.0023115908
-0.00078261626
-0.0038960679
-0.00701633
-0.01013038
-0.013223468
-0.016280018
-0.019281222
