-0.00013368283
-0.00014436214
-0.00015222072
-0.00014884087
-0.00014081482
-0.00013803937
-0.00012661926
-0.00011366363
-0.00010598599
-9.2675975E-005
-8.5026702E-005
-9.5999334E-005
-0.00010957097
-0.00011597411
-0.00010340181
-8.6159278E-005
-6.7290122E-005
-5.8528327E-005
-6.2060062E-005
-6.2819665E-005
-5.9875092E-005
-4.2439948E-005
-2.889906E-005
-2.2129854E-005
-1.7111955E-005
-9.8128694E-006
-7.8058275E-007
-2.2549339E-006
-1.1383263E-005
-1.3949307E-005
-1.1766521E-005
-9.5060686E-006
-7.8826514E-007
8.7750559E-006
7.5545363E-006
1.1700322E-006
-1.2259238E-005
-4.0432096E-005
-5.9290185E-005
-7.6006123E-005
-8.3303923E-005
-7.4827061E-005
-7.0775131E-005
-6.8066191E-005
-6.6460983E-005
-6.2281521E-005
-6.9450238E-005
-7.0435482E-005
-7.0989285E-005
-7.2444993E-005
-7.388083E-005
-8.7232365E-005
-9.6013573E-005
-0.00010535391
-0.00012665178
-0.00013749608
-0.00013310958
-0.00011748551
-0.00010703169
-9.3413044E-005
-8.6713604E-005
-9.7811062E-005
-0.00010691077
-0.00012308593
-0.00012019012
-9.9537014E-005
-8.9627829E-005
-8.5054045E-005
-8.3459687E-005
-8.5057662E-005
-8.4469706E-005
-8.8867702E-005
-8.7247972E-005
-8.7173546E-005
-9.3349154E-005
-9.7684482E-005
-9.8386728E-005
-9.9971381E-005
-0.00010966982
-0.00012054241
-0.00012760605
-0.00012976691
-0.00012199709
-0.00010445267
-8.3980398E-005
-6.853824E-005
-7.0288341E-005
-8.8640663E-005
-0.00010843395
-0.00013876655
-0.00015221711
-0.00015559507
-0.0001495833
-0.00013898558
-0.00013884768
-0.00013911919
-0.00014191789
-0.00014798992
-0.00014753292
-0.00015630266
-0.00020009432
-0.00038823494
-0.00084878126
-0.0016406332
-0.0026070571
-0.0033925853
-0.0036466869
-0.0033879927
-0.0029349581
-0.0026256591
-0.0026719852
-0.0031374944
-0.0039598704
-0.004778225
-0.0049563227
-0.0039851055
-0.0021211319
-0.0003137051
0.00048795569
0.00012142608
-0.00080357911
-0.0016148735
-0.0019541078
-0.0016854216
-0.00095724437
-0.00017276045
0.00026056822
0.00026978765
0.00011994047
4.2527681E-005
0.00013408376
0.00037058411
0.00072343613
0.001150032
0.0016906388
0.0024279105
0.003379927
0.0043648393
0.0049463701
0.0047493619
0.0037436364
0.0023769285
0.0012359362
0.00075061584
0.0010328634
0.0017794935
0.0024697601
0.0026874
0.0024428037
0.0019360699
0.0013259783
0.00068653491
0.0001245022
-0.00020222248
-0.00010749284
0.00040414149
0.0010362515
0.0013384968
0.0011116912
0.00050390087
-7.6278353E-005
-0.0003307201
-0.00025532808
5.3769851E-005
0.00050335459
0.00093458855
0.0012513731
0.0013664011
0.0012076664
0.00091619464
0.00074470183
0.00082112016
0.0010347648
0.0012415656
0.0014800251
0.0019597597
0.0026819443
0.0032799807
0.0033675437
0.0028848343
0.0020988663
0.0013674567
0.00089612667
0.00074246863
0.00086216966
0.0011670253
0.0015404409
0.001848058
0.0020015447
0.0018993088
0.0014838492
0.00076449208
-0.00019752089
-0.0012023107
-0.0018796624
-0.0019824377
-0.001649874
-0.0012449106
-0.0010344855
-0.001099412
-0.0013874362
-0.0017901526
-0.0021946321
-0.002530985
-0.0027465117
-0.0028254699
-0.0027940059
-0.0027793669
-0.0027786952
-0.0027212724
-0.002589535
-0.0024304865
-0.0022670811
-0.002040176
-0.0016838229
-0.0012659604
-0.00097918324
-0.00098458619
-0.0012473016
-0.0015502472
-0.0016914468
-0.0015827462
-0.0012907439
-0.00096584397
-0.00070962613
-0.00047322884
-0.00019213917
0.00012984968
0.00037190565
0.00045850308
0.00041539359
0.00033420481
0.0002124411
1.1270644E-005
-0.00026101564
-0.00049649202
-0.00054541451
-0.00037658651
-0.00011965721
0.00010185477
0.00025309715
0.000274105
0.00018037966
-7.0438914E-006
-0.00027334201
-0.00058366754
-0.00084526982
-0.00094181451
-0.00085430447
-0.00066174718
-0.00049691543
-0.00037159334
-0.00023766806
-0.0001189684
-5.581016E-005
-4.6931153E-005
-2.673764E-005
5.8438774E-005
0.00019226637
0.00032499095
0.0004753558
0.00066556397
0.00084521703
0.00096037489
0.0010017405
0.001015728
0.0010585896
0.0011264307
0.0012010424
0.0012904077
0.0014247139
0.0016003988
0.0017402325
0.0017685872
0.001707831
0.0016216966
0.0015575048
0.0015093221
0.0014160658
0.0013079875
0.0012690428
0.0013321113
0.0014268388
0.0014078955
0.0011621905
0.00072488131
0.00028457315
-1.3067616E-005
-0.00011765869
-0.00013235527
-0.00018301445
-0.00023556018
-0.00024752598
-0.00021665565
-0.00022919934
-0.00034249865
-0.00050739286
-0.0006518077
-0.00073029019
-0.00076566456
-0.0007810875
-0.00076892116
-0.00073004002
-0.00065543212
-0.00055486889
-0.00046773811
-0.00042996416
-0.00050984573
-0.00067284302
-0.00081803533
-0.00081277714
-0.00065004925
-0.00043978583
-0.00029814246
-0.0002834053
-0.00038023278
-0.00053624244
-0.00071196456
-0.00088659226
-0.00098300749
-0.00090543489
-0.00067933439
-0.00041088517
-0.00022386877
-0.00020355779
-0.00032337775
-0.00052975089
-0.00077187078
-0.0010074285
-0.0012081449
-0.0013259079
-0.0013314247
-0.0012517864
-0.0011043217
-0.00091245101
-0.00077733229
-0.00082102267
-0.0010589444
-0.0013512038
-0.0014980992
-0.0014441747
-0.0012629079
-0.0010748412
-0.00095925585
-0.00087856984
-0.00078291289
-0.00070027629
-0.0006771147
-0.00070631265
-0.00075548381
-0.00072009402
-0.00054323819
-0.00026492897
2.0088473E-005
0.00019179699
0.00020688334
0.00011607095
1.7368282E-005
-1.5542717E-005
1.7092092E-005
7.2808005E-005
0.00014299594
0.00026752008
0.0004620172
0.00067371293
0.00083731179
0.00088961137
0.00082530035
0.00068325701
0.00053456117
0.00045578738
0.00049935305
0.00063461933
0.00078065722
0.00086040556
0.00084268104
0.00073202589
0.00056710589
0.00040139095
0.00027543484
0.00023569779
0.00027862907
0.0003663658
0.00046255949
0.00053011999
0.00053731533
0.00047821342
0.00035862951
0.00020883784
8.810759E-005
5.2135289E-005
0.00010422612
0.00021990194
0.00034954003
0.00044728752
0.0004970805
0.0004600189
0.00036511649
0.00024571276
0.00016152364
0.00016286263
0.00025839679
0.00042100347
0.00056637009
0.00060022552
0.00051612401
0.0003989196
0.0003090082
0.0002725388
0.000220491
0.00010467738
-3.8666298E-005
-0.00012906308
-0.00014288758
-0.00011120104
-8.699621E-005
-0.00010930406
-0.0001464583
-0.00016613922
-0.0001470538
-0.00015306068
-0.00021918034
-0.00035345246
-0.00052283885
-0.00066134339
-0.00072984968
-0.00070036831
-0.00060914177
-0.00054391997
-0.00057377154
-0.0006649862
-0.00075260643
-0.00079478446
-0.00079671707
-0.00080624729
-0.00081421371
-0.00083343906
-0.00085328898
-0.00086901459
-0.00087023451
-0.00083695329
-0.0007594999
-0.00066216185
-0.00057278993
-0.00048346541
-0.00040780433
-0.00034017433
-0.00027687839
-0.00025315263
-0.0002609287
-0.0002939273
-0.00034275444
-0.00040774205
-0.00046618652
-0.00049560389
-0.00046285131
-0.00037621098
-0.00027615073
-0.00018110049
-0.0001091005
-5.5851357E-005
-3.7302067E-005
-9.2415394E-005
-0.00020968125
-0.00034042317
-0.00040796635
-0.00039554361
-0.00029523059
-0.00012989994
5.6968336E-005
0.0002001808
0.00021685356
0.00013712099
8.7274848E-006
-9.8124896E-005
-0.00014233595
-0.00012687364
-3.2174867E-005
0.00010007079
0.0002255342
0.00028982511
0.00028328248
0.00023072741
0.00017084154
0.00011708442
0.00010551755
0.00017165756
0.00028034818
0.00039626574
0.00047456092
0.00051976909
0.00051861681
0.00049719802
0.00046888212
0.00045651747
0.00050478609
0.00059142319
0.00068427337
0.00073763961
0.00071943266
0.0006609686
0.00056814397
0.00046271953
0.00036674348
0.00027911339
0.00020399294
0.00017503276
0.0002041706
0.00028125825
0.00036087687
0.00040612809
0.00038691732
0.00030061038
0.00017759796
6.3921834E-005
7.85663E-006
-1.0206867E-005
-7.4094432E-006
1.6811811E-005
6.9229587E-005
0.00014355659
0.0001916842
0.00017921081
9.0732035E-005
-4.0039264E-005
-0.00015796625
-0.00021151378
-0.00018930425
-0.00012479049
-5.4243719E-005
-2.4708717E-005
-5.4099546E-005
-0.00011432581
-0.00018353151
-0.00023612645
-0.00026918156
-0.00026438394
-0.00020911204
-0.0001430999
-8.3676852E-005
-6.893558E-005
-8.9006258E-005
-0.00013039916
-0.00017212612
-0.00021906159
-0.00027085171
-0.00030782609
-0.00033258824
-0.00034120042
-0.00034721888
-0.00035148134
-0.00035509866
-0.00036739631
-0.00037390241
-0.00039247124
-0.00039910167
-0.00039670465
-0.00038706075
-0.00039512967
-0.00040953862
-0.00041716901
-0.00041934734
-0.00043218161
-0.00045652851
-0.00047475589
-0.00046735757
-0.00043265847
-0.00038126766
-0.00030659189
-0.0002428061
-0.00018186968
-0.00014203366
-0.00011440975
-0.00011365637
-0.00013842146
-0.00016039109
-0.00017363696
-0.00017288569
-0.00015800937
-0.00012142945
-7.8357043E-005
-3.1293235E-005
4.0071656E-005
0.00012174749
0.00018767046
0.00022110314
0.00020455006
0.0001633608
0.00013100423
0.00010700212
0.000106081
0.00013449755
0.00017515849
0.00023643421
0.00028378493
0.00030549741
0.00029328701
0.0002601225
0.00021915075
0.0001680733
0.00012251276
9.3433089E-005
8.0529695E-005
8.3051964E-005
0.00010149262
0.00013856517
0.00016921949
0.00017532772
0.00014906593
0.00012455501
0.00011404348
0.00012051241
0.00015009314
0.00017820517
0.00019502532
0.0002101307
0.00022259554
0.00024334119
0.00024869025
0.00025173981
0.00024203185
0.00023714539
0.00023607594
0.00025556432
0.00028472362
0.00030020202
0.00027564933
0.00022069362
0.00016117215
0.00012614501
0.00013237548
0.000165145
0.0002032081
0.00025080505
0.00026813339
0.00026880449
0.00024429779
0.00019932193
0.00013775985
6.3876185E-005
-9.6247095E-007
-4.2887717E-005
-5.582079E-005
-3.6050129E-005
1.9570032E-006
4.031018E-005
5.875E-005
4.6385412E-005
5.6694744E-006
-5.9640155E-005
-0.00013440536
-0.00017062518
-0.00018005419
-0.00016977868
-0.00016308572
-0.00016330263
-0.00017018674
-0.00017163658
-0.0001683633
-0.00017688276
-0.00019047396
-0.000203478
-0.00019920382
-0.00018403924
-0.00014322714
-0.00010406713
-7.8374287E-005
-8.225067E-005
-0.00013150042
-0.00018565344
-0.00023459604
-0.00024321182
-0.00023687475
-0.00021316415
-0.00017344767
-0.00012526252
-8.0229642E-005
-5.5192271E-005
-6.5320382E-005
-9.1512826E-005
-0.00012461482
-0.00014370123
-0.00014016208
-0.00011764184
-0.00010236457
-8.8291716E-005
-8.0690101E-005
-9.1639675E-005
-0.00010367487
-0.00012289666
-0.00013601893
-0.00013634446
-0.00013148684
-0.00010843718
-8.4213942E-005
-7.4594042E-005
-6.889287E-005
-6.6242108E-005
-6.5839282E-005
-7.5623277E-005
-9.1506176E-005
-0.00010795121
-0.00010511599
-8.028061E-005
-3.7433747E-005
1.3739605E-005
5.19161E-005
6.9520051E-005
6.8546215E-005
5.3746135E-005
3.1708922E-005
2.0115343E-005
2.256092E-005
3.0917123E-005
5.05674E-005
8.2289385E-005
0.00011005752
0.00012135045
0.00012985153
0.00011973065
0.00010911703
0.00010063397
0.00010893339
0.00014248908
0.00019002815
0.00024689856
0.00028190177
0.00029573648
0.00028593861
0.00025438814
0.00022841892
0.00020237593
0.00017907339
0.00015814451
0.00014560034
0.00015867085
0.00016601617
0.00018203726
0.00018186841
0.00017516372
0.0001611094
0.00016525979
0.0001701397
0.00018109288
0.00020374689
0.00021320577
0.00020615027
0.00019314843
0.00017064571
0.00014990251
0.00014013531
0.00012413209
0.00011601521
0.00010933899
9.6030308E-005
8.023897E-005
5.6015157E-005
3.9935006E-005
1.9693231E-005
2.0448429E-006
-1.448355E-005
-2.8342887E-005
-3.648494E-005
-3.9648869E-005
-4.3625085E-005
-3.6276222E-005
-1.8902063E-005
-2.406312E-005
-3.1660318E-005
-4.4906908E-005
-6.0932045E-005
-5.5039025E-005
-4.7908849E-005
-3.5242632E-005
-2.4276118E-005
-2.5761727E-005
-4.2661643E-005
-6.8711444E-005
-9.2230133E-005
-0.00011214056
-0.00012144913
-0.00012739742
-0.00011573455
-0.00011683541
-0.00012241742
-0.00013024035
-0.00013712166
-0.00013458077
-0.00013105701
-0.00011535866
-0.00010659824
-0.00011764207
-0.00012956478
-0.00014001562
-0.00014341986
-0.00014512915
-0.00014468396
-0.00013904936
-0.00013306871
-0.00011301788
-8.1694678E-005
-5.7647336E-005
-4.2028289E-005
-4.7653612E-005
-6.8241032E-005
-9.8039462E-005
-0.00013581093
-0.00017192216
-0.00019244442
-0.00020272202
-0.00019609746
-0.0001752612
-0.0001527651
-0.00011887287
-9.6959084E-005
-8.6957458E-005
-7.7642748E-005
-8.3374376E-005
-8.7160886E-005
-7.9883888E-005
-6.9265938E-005
-6.6782777E-005
-6.2457744E-005
-6.711785E-005
-7.9076315E-005
-8.5027401E-005
-8.2214538E-005
-7.4688811E-005
-5.9035272E-005
-4.3880118E-005
-3.9417966E-005
-3.7033238E-005
-3.0006086E-005
-7.26491E-006
3.541981E-006
8.0991886E-006
8.1936669E-006
1.6363671E-005
2.8360535E-005
4.4276054E-005
6.1177132E-005
7.7327255E-005
9.6521602E-005
0.000105334
0.000120344
0.00012578601
0.00012607637
0.00011357623
9.5100171E-005
7.8638936E-005
7.3170042E-005
9.7908487E-005
0.00013101383
0.00015317064
0.00014547452
0.00011388549
6.4142114E-005
2.1778305E-005
-1.5572124E-007
1.1254048E-005
3.6446287E-005
6.5918022E-005
9.1011432E-005
0.00010278363
0.00010402851
0.00010196801
9.6144642E-005
9.3598981E-005
8.5920445E-005
7.8640893E-005
6.271038E-005
4.9898194E-005
4.7949681E-005
3.9709616E-005
2.3150911E-005
1.0909175E-005
-1.5480402E-005
-2.1617463E-005
-7.1241825E-006
2.6563936E-005
5.5922937E-005
8.3233506E-005
8.585961E-005
7.6286036E-005
5.6849043E-005
3.7852915E-005
2.3550816E-005
1.5177326E-005
1.070104E-005
2.2039585E-005
3.9723443E-005
6.2700696E-005
7.9265163E-005
8.4960571E-005
8.2511549E-005
6.9545451E-005
3.3418408E-005
-2.0000628E-006
-2.9927962E-005
-5.0362643E-005
-6.7086854E-005
-6.530821E-005
-6.4682346E-005
-6.1013445E-005
-5.7505964E-005
-7.231559E-005
-8.4206986E-005
-0.00010854772
-0.00012464341
-0.00012574464
-0.00012056269
-0.00010986894
-0.00010898124
-0.00010620776
-0.00011753958
-0.00012058135
-0.00013680065
-0.00015072737
-0.00014380962
-0.00013365645
-0.00012807309
-0.0001361639
-0.00014445158
-0.00015212022
-0.00014534409
-0.00013594535
-0.00012461697
-0.00012737307
-0.00013620779
-0.00013420553
-0.00013851411
-0.00013219002
-0.00011934092
-0.00010332323
-8.0546117E-005
-6.7902562E-005
-6.3745654E-005
-6.9035275E-005
-7.0395152E-005
-6.0900478E-005
-3.5208679E-005
-1.3060536E-005
-6.0244106E-006
-9.0744688E-006
-1.0000715E-005
-1.5757179E-005
-2.0796711E-005
-3.1259053E-005
-3.2881344E-005
-4.0178551E-005
-4.5900342E-005
-4.9809933E-005
-4.3915486E-005
-3.2148542E-005
-1.2337722E-005
-2.522452E-006
-1.7867704E-005
-2.6437761E-005
-3.182888E-005
-2.684677E-005
-1.6283497E-005
-1.036245E-005
-8.1121243E-006
1.6998392E-007
2.3234102E-006
-7.5679791E-006
6.7348125E-008
-4.3299599E-007
5.6884678E-006
1.1068503E-005
2.1144157E-005
2.4186884E-005
1.9391277E-005
1.9613828E-005
2.7786637E-005
3.4135988E-005
3.4623816E-005
3.6931753E-005
3.0579995E-005
2.7310107E-005
3.4180401E-005
4.0824176E-005
6.5995977E-005
7.2880044E-005
6.6289496E-005
5.9804137E-005
6.2330539E-005
7.0511313E-005
8.268965E-005
0.00010207011
0.0001166225
0.00011686749
0.00011493069
0.00010458266
8.6178145E-005
6.3895248E-005
4.0861873E-005
2.5709438E-005
3.3666809E-005
3.9474442E-005
3.3982764E-005
2.0686693E-005
1.1169856E-005
-2.2839658E-006
-2.0175003E-005
-4.4253571E-005
-5.7853984E-005
-6.1045008E-005
-6.029605E-005
-5.8739326E-005
-7.3310759E-005
-8.8334564E-005
-0.00011209377
-0.00013649678
-0.00014877082
-0.00015915847
-0.00015415455
-0.00014530247
-0.00013726711
-0.00013637463
-0.00013589357
-0.00013894156
-0.00014733673
-0.00015442712
-0.0001692666
-0.00017768104
-0.00017599203
-0.00015898762
-0.00013091942
-0.00010186187
-8.5890468E-005
-8.3176041E-005
-8.4620508E-005
-9.8493707E-005
-0.00011751858
-0.00012985525
-0.00013825299
-0.0001235743
-0.00010062772
-9.6282245E-005
-0.00010501499
-0.00012296633
-0.00013343163
-0.00015129881
-0.00015937943
-0.00016046943
-0.00015239077
-0.00014559955
-0.00013687056
-0.00013477236
-0.00012598957
-0.00012534014
-0.00014272504
-0.00015836219
-0.00016805285
-0.00017335617
-0.00016354227
-0.00014333679
-0.00012749176
-9.6148797E-005
-7.2332296E-005
-6.8378278E-005
-7.1485505E-005
-8.9289046E-005
-0.00011075238
-0.00011838219
-0.00011476017
-8.7703505E-005
-4.7565351E-005
-2.0686961E-005
-4.8707329E-006
-1.0980014E-005
-2.410211E-005
-3.8027232E-005
-3.8826671E-005
-2.8697965E-005
1.8052306E-006
2.4875542E-005
5.3063126E-005
6.3968902E-005
6.4777785E-005
7.1971859E-005
7.897264E-005
7.9892103E-005
7.6429555E-005
7.8703975E-005
7.2952382E-005
8.4393403E-005
8.6660955E-005
9.2982402E-005
9.6630487E-005
9.2494112E-005
7.900357E-005
6.3584528E-005
4.2138508E-005
3.1653442E-005
2.7939188E-005
3.6779566E-005
4.5615212E-005
3.6286798E-005
2.7255275E-005
1.6907154E-005
4.6619307E-006
-5.2159307E-006
-1.6486243E-005
-2.2570326E-005
-3.1740459E-005
-3.25941E-005
-1.9272049E-005
-1.4286971E-005
-6.3520001E-006
-1.4261882E-005
-2.6778951E-005
-3.5771311E-005
-4.0602616E-005
-3.1651067E-005
-2.9666498E-005
-3.1826636E-005
-3.732595E-005
-4.2870972E-005
-4.8131671E-005
-4.801152E-005
-3.5025514E-005
-3.5230449E-005
-3.8232996E-005
-4.5076922E-005
-4.8669452E-005
-5.2730142E-005
-6.2153988E-005
-6.574297E-005
-6.9683279E-005
-6.4065862E-005
-6.7843503E-005
-6.9948444E-005
-8.3130086E-005
-9.6073418E-005
-0.00010666855
-0.00011911657
-0.0001241581
-0.0001353407
-0.00015272222
-0.00016866042
-0.00017921384
-0.0001896898
-0.00019826076
-0.00020383199
-0.00021128877
-0.00021293925
-0.00022180827
-0.0002192018
-0.00022426149
-0.00023728481
-0.00024936127
-0.00025538102
-0.00024259668
-0.00022121283
-0.00020281496
-0.00019708078
-0.00020589979
-0.0002156541
-0.00022988782
-0.0002330275
-0.00021993658
-0.00019118914
-0.00016598296
-0.00013713333
-0.00011975712
-0.0001169004
-0.00012662121
-0.00013318875
-0.00013975555
-0.00013673294
-0.0001297282
-0.00011667604
-9.1329639E-005
-7.9980593E-005
-8.2954823E-005
-9.0477355E-005
-9.9935722E-005
-0.00010952201
-0.00011447757
-0.00011632471
-9.6496267E-005
-7.0830152E-005
-5.1210001E-005
-4.7895599E-005
-4.9866565E-005
-6.7629531E-005
-9.6436255E-005
-0.00011448386
-0.0001168112
-0.00010040923
-7.432291E-005
-4.7224654E-005
-3.6998863E-005
-1.9594556E-005
-1.8035253E-005
-3.7139533E-005
-5.8520687E-005
-7.971884E-005
-9.3066032E-005
-8.6213047E-005
-6.7563305E-005
-4.5429457E-005
-2.8335464E-005
-1.7733193E-005
-6.4456922E-006
-8.5094061E-006
-7.0633014E-006
-8.9670237E-007
8.2732995E-006
2.2166705E-005
3.1622363E-005
3.9053575E-005
4.3657808E-005
5.1565665E-005
6.9676025E-005
7.9794627E-005
8.2695682E-005
7.7109515E-005
6.2285872E-005
5.2381121E-005
4.6635105E-005
4.195467E-005
2.9041203E-005
1.7507584E-005
5.0579006E-006
-1.56484E-005
-3.0024308E-005
-3.5860608E-005
-2.6692929E-005
-2.0507492E-005
-2.5295029E-005
-3.9972292E-005
-4.7615438E-005
-5.1362258E-005
-4.7520396E-005
-4.8103273E-005
-6.5255175E-005
-8.2561353E-005
-9.6657313E-005
-0.00012484776
-0.0001492342
-0.00016672688
-0.00017030058
-0.00016613746
-0.00016724855
-0.00017076352
-0.00017796615
-0.00018440813
-0.00019337576
-0.00019338861
-0.00019494069
-0.00019222496
-0.00018328834
-0.00017175244
-0.00015627255
-0.00014264637
-0.00013536983
-0.00013200418
-0.00013004524
-0.00014106161
-0.00014052569
-0.00014064238
-0.0001355931
-0.00013342146
-0.00014422918
-0.00016515797
-0.00019202007
-0.00020838671
-0.00021821748
-0.00022081847
-0.00021659852
-0.00020528138
-0.00019656742
-0.00019842782
-0.00020162021
-0.0002138913
-0.00022003599
-0.00022413312
-0.00021515148
-0.00019898151
-0.00018469426
-0.00017744304
-0.00017622735
-0.00018400871
-0.00019030173
-0.00019808451
-0.00019154078
-0.00018210606
-0.00017696468
-0.00017664459
-0.0001769668
-0.00017034773
-0.00016319187
-0.0001431178
-0.00012135315
-0.00010076694
-8.9219437E-005
-7.8862555E-005
-7.9824669E-005
-7.6477692E-005
-7.0316695E-005
-5.8408514E-005
-5.3650827E-005
-5.3663996E-005
-5.2410142E-005
-6.3743602E-005
-7.576769E-005
-7.577076E-005
-6.666284E-005
-3.984811E-005
-2.0045098E-005
-5.0272915E-006
2.8680839E-007
-7.0128713E-006
-1.3923261E-005
-1.8079478E-005
-3.1602482E-005
-4.638308E-005
-5.8113103E-005
-5.3339598E-005
-4.072825E-005
-2.6957552E-005
-1.8014323E-005
-1.4355006E-005
-1.5176798E-005
-1.8051514E-005
-1.4331879E-005
-2.0443379E-006
7.4779505E-006
1.3445886E-005
1.4010091E-005
1.8846837E-005
2.0128615E-005
2.1652308E-005
2.8282131E-005
3.4524655E-005
2.4168276E-005
7.1464051E-006
-1.7028301E-006
-1.5949385E-005
-1.8018538E-005
-2.6035397E-005
-3.1445405E-005
-4.1723688E-005
-5.153273E-005
-6.3340893E-005
-6.9726404E-005
-6.5007996E-005
-6.7708512E-005
-6.5488784E-005
-5.5115615E-005
-4.9490656E-005
-4.5967055E-005
-5.2510059E-005
-5.8689555E-005
-6.5657085E-005
-6.6760862E-005
-7.1605195E-005
-7.1900038E-005
-7.7784207E-005
-7.690319E-005
-7.2320167E-005
-7.0023496E-005
-6.6840112E-005
-6.6475593E-005
-8.121533E-005
-9.9469064E-005
-0.00011642724
-0.00013424762
-0.00015511454
-0.00017864541
-0.0001998865
-0.00019151573
-0.00018284304
-0.00017408782
-0.00017778412
-0.00017776739
-0.00018353284
-0.00018730119
-0.00018089889
-0.00017360141
-0.00017036156
-0.00016643267
-0.0001698977
-0.00017056077
-0.00017681062
-0.00018265548
-0.00019032726
-0.0002028092
-0.00020514686
-0.00019518037
-0.00019506662
-0.00019360402
-0.00018830699
-0.00018418675
-0.0001770104
-0.00016572609
-0.000156836
0.0
0.0
0.0
0.0
0.0
0.0
0.0
0.0
0.0
0.0
0.0
0.0
0.0
0.0
0.0
0.0
0.0
0.0
0.0
0.0
0.0
0.0
0.0
0.0
0.0
0.0
0.0
0.0
0.0
0.0
0.0
0.0
0.0
0.0
0.0
0.0
0.0
0.0
0.0
0.0
0.0
0.0
0.0
0.0
0.0
0.0
0.0
0.0
0.0
0.0
0.0
0.0
0.0
0.0
0.0
0.0
0.0
0.0
0.0
0.0
0.0
0.0
0.0
0.0
0.0
0.0
0.0
0.0
0.0
0.0
0.0
0.0
0.0
0.0
0.0
0.0
0.0
0.0
0.0
0.0
0.0
0.0
0.0
0.0
0.0
0.0
0.0
0.0
0.0
0.0
0.0
0.0
0.0
0.0
0.0
0.0
0.0
0.0
0.0
0.0
0.0
0.0
0.0
0.0
0.0
0.0
0.0
0.0
0.0
0.0
0.0
0.0
0.0
0.0
0.0
0.0
0.0
0.0
0.0
0.0
0.0
0.0
0.0
0.0
0.0
0.0
0.0
0.0
0.0
0.0
0.0
0.0
0.0
0.0
0.0
0.0
0.0
0.0
0.0
0.0
0.0
0.0
0.0
0.0
0.0
0.0
0.0
0.0
0.0
0.0
0.0
0.0
0.0
0.0
0.0
0.0
0.0
0.0
0.0
0.0
0.0
0.0
0.0
0.0
0.0
0.0
0.0
0.0
0.0
0.0
0.0
0.0
0.0
0.0
0.0
0.0
0.0
0.0
0.0
0.0
0.0
0.0
0.0
0.0
0.0
0.0
0.0
0.0
0.0
0.0
0.0
0.0
0.0
0.0
0.0
0.0
0.0
0.0
0.0
0.0
0.0
0.0
0.0
0.0
0.0
0.0
0.0
0.0
0.0
0.0
0.0
0.0
0.0
0.0
0.0
0.0
0.0
0.0
0.0
0.0
0.0
0.0
0.0
0.0
0.0
0.0
0.0
0.0
0.0
0.0
0.0
0.0
0.0
0.0
0.0
0.0
0.0
0.0
0.0
0.0
0.0
0.0
0.0
0.0
0.0
0.0
0.0
0.0
0.0
0.0
0.0
0.0
0.0
0.0
0.0
0.0
0.0
0.0
0.0
0.0
0.0
0.0
0.0
0.0
0.0
0.0
0.0
0.0
0.0
0.0
0.0
0.0
0.0
0.0
0.0
0.0
0.0
0.0
0.0
0.0
0.0
0.0
0.0
0.0
0.0
0.0
0.0
0.0
0.0
0.0
0.0
0.0
0.0
0.0
0.0
0.0
0.0
0.0
0.0
0.0
0.0
0.0
0.0
0.0
0.0
0.0
0.0
0.0
0.0
0.0
0.0
0.0
0.0
0.0
0.0
0.0
0.0
0.0
0.0
0.0
0.0
0.0
0.0
0.0
0.0
0.0
0.0
0.0
0.0
0.0
0.0
0.0
0.0
0.0
0.0
0.0
0.0
0.0
0.0
0.0
0.0
0.0
0.0
0.0
0.0
0.0
0.0
0.0
0.0
0.0
0.0
0.0
0.0
0.0
0.0
0.0
0.0
0.0
0.0
0.0
0.0
0.0
0.0
0.0
0.0
0.0
0.0
0.0
0.0
0.0
0.0
0.0
0.0
0.0
0.0
0.0
0.0
0.0
0.0
0.0
0.0
0.0
0.0
0.0
0.0
0.0
0.0
0.0
0.0
0.0
0.0
0.0
0.0
0.0
0.0
0.0
0.0
0.0
0.0
0.0
0.0
0.0
0.0
0.0
0.0
0.0
0.0
0.0
0.0
0.0
0.0
0.0
0.0
0.0
0.0
0.0
0.0
0.0
0.0
0.0
0.0
0.0
0.0
0.0
0.0
0.0
0.0
0.0
0.0
0.0
0.0
0.0
0.0
0.0
0.0
0.0
0.0
0.0
0.0
0.0
0.0
0.0
0.0
0.0
0.0
0.0
0.0
0.0
0.0
0.0
0.0
0.0
0.0
0.0
0.0
0.0
0.0
0.0
0.0
0.0
0.0
0.0
0.0
0.0
0.0
0.0
0.0
0.0
0.0
0.0
0.0
0.0
0.0
0.0
0.0
0.0
0.0
0.0
0.0
0.0
0.0
0.0
0.0
0.0
0.0
0.0
0.0
0.0
0.0
0.0
0.0
0.0
0.0
0.0
0.0
0.0
0.0
0.0
0.0
0.0
0.0
0.0
0.0
0.0
0.0
0.0
0.0
0.0
0.0
0.0
0.0
0.0
0.0
0.0
0.0
0.0
0.0
0.0
0.0
0.0
0.0
0.0
0.0
0.0
0.0
0.0
0.0
0.0
0.0
0.0
0.0
0.0
0.0
0.0
0.0
0.0
0.0
0.0
0.0
0.0
0.0
0.0
0.0
0.0
0.0
0.0
0.0
0.0
0.0
0.0
0.0
0.0
0.0
0.0
0.0
0.0
0.0
0.0
0.0
0.0
0.0
0.0
0.0
0.0
0.0
0.0
0.0
0.0
0.0
0.0
0.0
0.0
0.0
0.0
0.0
0.0
0.0
0.0
0.0
0.0
0.0
0.0
0.0
0.0
0.0
0.0
0.0
0.0
0.0
0.0
0.0
0.0
0.0
0.0
0.0
0.0
0.0
0.0
0.0
0.0
